1504162800000,0,0,0
1504192448955,1504192431156,20,0.0
1504194159516,1504193695020,108,0.0
1504194295069,1504194167890,80,0.0
1504194415776,1504194364756,60,0.0
1504194606156,1504194545145,73,0.0
1504194606156,1504194587693,0,0.0
1504194606156,1504194590877,4,0.0
1504194976427,1504194912837,2,0.0
1504195036456,1504194986734,13,0.0
1504195286626,1504195275662,2,0.0
1504195581801,1504195573391,141,0.0
1504195887030,1504195837336,118,0.0
1504195947103,1504195908629,93,0.0
1504196077176,1504196067518,77,0.0
1504196142216,1504196089623,15,0.0
1504196327371,1504196278703,80,0.0
1504196632545,1504196599512,15,0.0
1504197752774,1504197695652,52,0.0
1504197752774,1504197703102,52,0.0
1504197752774,1504197737745,82,0.0
1504197872896,1504197847020,2,0.0
1504197932942,1504197877840,0,0.0
1504197998353,1504197933751,7,0.0
1504198308607,1504198264900,82,0.0
1504198368657,1504198344321,7,0.0
1504198718806,1504198601442,106,0.0
1504198718806,1504198714356,146,0.0
1504198778836,1504198720661,146,0.0
1504199063983,1504199042092,101,0.0
1504199214067,1504199134052,106,0.0
1504199214067,1504199187285,106,0.0
1504199214067,1504199205945,20,0.0
1504199320217,1504199217792,15,0.0
1504199320217,1504199241674,15,0.0
1504199320217,1504199282752,15,0.0
1504199320217,1504199312367,77,0.0
1504199445280,1504199361727,60,0.0
1504199600395,1504199547561,15,0.0
1504199600395,1504199557432,15,0.0
1504199810513,1504199803897,15,0.0
1504200091693,1504200062090,15,0.0
1504200151752,1504200095971,118,0.0
1504200211790,1504200170228,77,0.0
1504200767348,1504200727407,82,0.0
1504200767348,1504200766571,82,0.0
1504200832404,1504200809686,76,0.0
1504200892480,1504200871840,1,0.0
1504200957529,1504200895402,107,0.0
1504201137738,1504201104363,7,0.0
1504201197803,1504201187747,30,0.0
1504201257868,1504201197938,15,0.0
1504201322937,1504201319358,11,0.0
1504201388019,1504201364524,6,0.0
1504201448098,1504201415037,11,0.0
1504201513181,1504201478161,83,0.0
1504201573262,1504201549126,1,0.0
1504201573262,1504201553841,18,0.0
1504201698405,1504201693409,117,0.0
1504201758471,1504201734556,1,0.0
1504201823530,1504201801508,118,0.0
1504201883584,1504201872984,26,0.0
1504201943638,1504201914772,20,0.0
1504202008680,1504201967834,107,0.0
1504202008680,1504201975287,15,0.0
1504202008680,1504201996370,82,0.0
1504202133815,1504202098787,22,0.0
1504202133815,1504202111334,20,0.0
1504202133815,1504202120697,20,0.0
1504202193865,1504202155729,0,0.0
1504202193865,1504202180569,10,0.0
1504202253911,1504202210504,119,0.0
1504202374051,1504202329160,75,0.0
1504202374051,1504202339669,13,0.0
1504202374051,1504202350241,40,0.0
1504202439170,1504202396355,4,0.0
1504202439170,1504202401132,40,0.0
1504202439170,1504202425397,101,0.0
1504202439170,1504202429091,7,0.0
1504202499213,1504202458455,40,0.0
1504202624303,1504202561252,57,0.0
1504202624303,1504202593223,8,0.0
1504202889428,1504202829694,3,0.0
1504203094496,1504203086343,129,0.0
1504203414582,1504203406766,103,0.0
1504203479612,1504203464412,46,0.0
1504203724833,1504203693975,28,0.0
1504203844930,1504203808899,16,0.0
1504204030089,1504203973562,157,0.0
1504204395697,1504204355985,118,0.0
1504204460875,1504204400640,18,0.0
1504204706057,1504204662962,104,0.0
1504205897461,1504205851845,61,0.0
1504205897461,1504205853691,59,0.0
1504206202673,1504206152514,30,0.0
1504206202673,1504206184686,57,0.0
1504206267744,1504206207812,123,0.0
1504206267744,1504206261194,71,0.0
1504212538584,1504206312923,0,0.0
1504212538645,1504206406066,129,0.0
1504213064635,1504213041487,60,0.0
1504213124677,1504213073538,151,0.0
1504213189719,1504213158919,141,0.0
1504213889963,1504213833806,20,0.0
1504213889963,1504213854579,63,0.0
1504214700476,1504214689714,11,0.0
1504214960636,1504214931766,60,0.0
1504215390973,1504215347926,80,0.0
1504215390973,1504215352497,145,0.0
1504215761155,1504215705335,20,0.0
1504216986640,1504216927196,46,0.0
1504217722026,1504217689645,15,0.0
1504220742674,1504220704557,20,0.0
1504221748013,1504221742536,46,0.0
1504221998638,1504221978554,71,0.0
1504222183860,1504222142113,52,0.0
1504222183860,1504222148485,52,0.0
1504222308957,1504222269284,12,0.0
1504222494169,1504222467495,0,0.0
1504222679330,1504222634156,28,0.0
1504222984674,1504222950786,125,0.0
1504223540252,1504223488830,18,0.0
1504224095809,1504224081124,18,0.0
1504224215928,1504224212825,82,0.0
1504224361062,1504224300520,80,0.0
1504224361062,1504224310519,0,0.0
1504224736374,1504224721392,32,0.0
1504224796427,1504224736677,32,0.0
1504224796427,1504224776608,36,0.0
1504224856468,1504224792975,36,0.0
1504224856468,1504224798324,10,0.0
1504224856468,1504224807368,60,0.0
1504224856468,1504224810425,32,0.0
1504224856468,1504224821379,36,0.0
1504224916531,1504224879401,10,0.0
1504224976592,1504224917233,13,0.0
1504224976592,1504224953154,60,0.0
1504224976592,1504224960797,60,0.0
1504224976592,1504224973470,60,0.0
1504225036676,1504224986082,36,0.0
1504225036676,1504224999201,60,0.0
1504225231855,1504225175501,60,0.0
1504236583374,1504236569611,46,0.0
1504236633398,1504236582102,12,0.0
1504236698823,1504236694052,24,0.0
1504236758885,1504236711954,116,0.0
1504237269391,1504237242324,22,0.0
1504237389521,1504237371114,73,0.0
1504237509593,1504237508181,1,0.0
1504239345010,1504239340604,11,0.0
1504239530124,1504239473647,18,0.0
1504239650253,1504239607005,6,0.0
1504240030420,1504240026954,11,0.0
1504240575654,1504240562048,71,0.0
1504240725735,1504240704273,71,0.0
1504240790800,1504240737523,113,0.0
1504242371282,1504242364401,113,0.0
1504242496370,1504242464417,113,0.0
1504242556611,1504242536569,116,0.0
1504242742497,1504242723449,113,0.0
1504245644375,1504245593490,48,0.0
1504245889525,1504245848452,71,0.0
1504245889525,1504245879726,71,0.0
1504245954598,1504245924976,71,0.0
1504246414855,1504246153032,136,0.0
1504246414855,1504246339325,0,0.0
1504247440351,1504247435380,1,0.0
1504247690552,1504247670527,33,0.0
1504247755623,1504247696960,50,0.0
1504248866418,1504248855671,101,0.0
