1500077250595,1,c196b85904c4,-68,-67
1500077250634,1,d4c416bf5385,-68,-63
1500077250762,1,c196b85904c4,-68,-71
1500077250801,1,d4c416bf5385,-68,-71
1500077250925,1,c196b85904c4,-68,-71
1500077250955,1,d4c416bf5385,-68,-71
1500077251088,1,c196b85904c4,-68,-71
1500077251115,1,d4c416bf5385,-68,-72
1500077251246,1,c196b85904c4,-68,-70
1500077255749,1,d4c416bf5385,-68,-69
1500077255765,1,c196b85904c4,-68,-70
1500077255915,1,d4c416bf5385,-68,-64
1500077255928,1,c196b85904c4,-68,-73
1500077256080,1,d4c416bf5385,-68,-66
1500077256081,1,c196b85904c4,-68,-74
1500077256103,1,fd7676b335a3,-68,-87
1500077256237,1,d4c416bf5385,-68,-65
1500077256237,1,c196b85904c4,-68,-71
