1500133182260,1,d4c416bf5385,-68,-89
1500133182356,1,c196b85904c4,-68,-84
1500133182419,1,d4c416bf5385,-68,-90
1500133182512,1,c196b85904c4,-68,-87
1500133182586,1,d4c416bf5385,-68,-90
1500133182674,1,c196b85904c4,-68,-83
1500133184579,1,c196b85904c4,-68,-87
1500133184626,1,fd7676b335a3,-68,-67
1500133184689,1,d4c416bf5385,-68,-86
1500133184790,1,fd7676b335a3,-68,-68
1500133184898,1,c196b85904c4,-68,-86
1500133189560,1,c196b85904c4,-68,-77
1500133189611,1,fd7676b335a3,-68,-68
1500133189640,1,d4c416bf5385,-68,-70
1500133189725,1,c196b85904c4,-68,-77
1500133189775,1,fd7676b335a3,-68,-68
1500133189795,1,d4c416bf5385,-68,-81
1500133189889,1,c196b85904c4,-68,-79
1500133189933,1,fd7676b335a3,-68,-69
1500133189953,1,d4c416bf5385,-68,-82
1500133194518,1,c196b85904c4,-68,-86
1500133194550,1,d4c416bf5385,-68,-90
1500133194678,1,c196b85904c4,-68,-85
1500133194706,1,d4c416bf5385,-68,-91
1500133194838,1,c196b85904c4,-68,-83
1500133194865,1,d4c416bf5385,-68,-88
1500133194992,1,c196b85904c4,-68,-85
1500133197259,401,502,0.92
1500133302442,1,c196b85904c4,-68,-83
1500133302511,1,d4c416bf5385,-68,-85
1500133302599,1,c196b85904c4,-68,-85
1500133302672,1,d4c416bf5385,-68,-83
1500133302759,1,c196b85904c4,-68,-82
1500133302825,1,d4c416bf5385,-68,-84
1500133304515,1,fd7676b335a3,-68,-67
1500133304532,1,c196b85904c4,-68,-92
1500133304599,1,d4c416bf5385,-68,-79
1500133304672,1,fd7676b335a3,-68,-67
1500133304763,1,d4c416bf5385,-68,-78
1500133304826,1,fd7676b335a3,-68,-67
1500133304840,1,c196b85904c4,-68,-93
1500133304928,1,d4c416bf5385,-68,-79
1500133309505,1,d4c416bf5385,-68,-84
1500133309635,1,c196b85904c4,-68,-77
1500133309646,1,fd7676b335a3,-68,-78
1500133309664,1,d4c416bf5385,-68,-83
1500133309799,1,c196b85904c4,-68,-79
1500133309804,1,fd7676b335a3,-68,-78
1500133309823,1,d4c416bf5385,-68,-83
1500133309962,1,fd7676b335a3,-68,-82
1500133309979,1,d4c416bf5385,-68,-82
1500133314546,1,c196b85904c4,-68,-83
1500133314636,1,d4c416bf5385,-68,-84
1500133314703,1,c196b85904c4,-68,-82
1500133314863,1,c196b85904c4,-68,-84
1500133317439,401,502,0.91
1500133422604,1,c196b85904c4,-68,-81
1500133422705,1,d4c416bf5385,-68,-80
1500133422769,1,c196b85904c4,-68,-81
1500133422867,1,d4c416bf5385,-68,-81
1500133422931,1,c196b85904c4,-68,-81
1500133423024,1,d4c416bf5385,-68,-81
1500133424796,1,d4c416bf5385,-68,-76
1500133424957,1,d4c416bf5385,-68,-75
1500133425013,1,c196b85904c4,-68,-88
1500133429508,1,c196b85904c4,-68,-80
1500133429541,1,fd7676b335a3,-68,-74
1500133429578,1,d4c416bf5385,-68,-79
1500133429669,1,c196b85904c4,-68,-78
1500133429705,1,fd7676b335a3,-68,-74
1500133429741,1,d4c416bf5385,-68,-80
1500133429832,1,c196b85904c4,-68,-80
1500133429864,1,fd7676b335a3,-68,-74
1500133429899,1,d4c416bf5385,-68,-79
1500133429996,1,c196b85904c4,-68,-79
1500133430029,1,fd7676b335a3,-68,-71
1500133434547,1,d4c416bf5385,-68,-87
1500133434614,1,fd7676b335a3,-68,-72
1500133434619,1,c196b85904c4,-68,-83
1500133434703,1,d4c416bf5385,-68,-88
1500133434778,1,fd7676b335a3,-68,-73
1500133434779,1,c196b85904c4,-68,-82
1500133434865,1,d4c416bf5385,-68,-88
1500133434934,1,fd7676b335a3,-68,-71
1500133434941,1,c196b85904c4,-68,-83
1500133435017,1,d4c416bf5385,-68,-88
1500133437606,401,502,0.91
1500133542770,1,c196b85904c4,-68,-81
1500133542852,1,d4c416bf5385,-68,-95
1500133542926,1,c196b85904c4,-68,-82
1500133544587,1,d4c416bf5385,-68,-81
1500133544754,1,d4c416bf5385,-68,-78
1500133544918,1,d4c416bf5385,-68,-80
1500133549518,1,d4c416bf5385,-68,-85
1500133549630,1,c196b85904c4,-68,-77
1500133549659,1,fd7676b335a3,-68,-76
1500133549675,1,d4c416bf5385,-68,-85
1500133549789,1,c196b85904c4,-68,-79
1500133549826,1,fd7676b335a3,-68,-77
1500133549841,1,d4c416bf5385,-68,-86
1500133549955,1,c196b85904c4,-68,-76
1500133549993,1,fd7676b335a3,-68,-75
1500133549998,1,d4c416bf5385,-68,-82
1500133554556,1,c196b85904c4,-68,-82
1500133554646,1,fd7676b335a3,-68,-70
1500133554717,1,c196b85904c4,-68,-81
1500133554802,1,fd7676b335a3,-68,-68
1500133554875,1,c196b85904c4,-68,-79
1500133554960,1,fd7676b335a3,-68,-70
1500133557775,401,502,0.91
1500133662973,1,d4c416bf5385,-68,-83
1500133663063,1,c196b85904c4,-68,-81
1500133663130,1,d4c416bf5385,-68,-83
1500133663181,1,fd7676b335a3,-68,-70
1500133663228,1,c196b85904c4,-68,-82
1500133663285,1,d4c416bf5385,-68,-82
1500133663383,1,c196b85904c4,-68,-82
1500133663445,1,d4c416bf5385,-68,-81
1500133664587,1,d4c416bf5385,-68,-75
1500133664741,1,d4c416bf5385,-68,-76
1500133664897,1,d4c416bf5385,-68,-77
1500133669498,1,d4c416bf5385,-68,-81
1500133669587,1,fd7676b335a3,-68,-74
1500133669623,1,c196b85904c4,-68,-79
1500133669664,1,d4c416bf5385,-68,-79
1500133669753,1,fd7676b335a3,-68,-74
1500133669789,1,c196b85904c4,-68,-79
1500133669822,1,d4c416bf5385,-68,-80
1500133669915,1,fd7676b335a3,-68,-74
1500133669943,1,c196b85904c4,-68,-80
1500133669976,1,d4c416bf5385,-68,-81
1500133674525,1,fd7676b335a3,-68,-70
1500133674542,1,c196b85904c4,-68,-82
1500133674620,1,d4c416bf5385,-68,-84
1500133674677,1,fd7676b335a3,-68,-69
1500133674698,1,c196b85904c4,-68,-82
1500133674773,1,d4c416bf5385,-68,-83
1500133674841,1,fd7676b335a3,-68,-70
1500133674865,1,c196b85904c4,-68,-81
1500133674935,1,d4c416bf5385,-68,-83
1500133674999,1,fd7676b335a3,-68,-70
1500133677949,401,502,0.91
1500133783201,1,d4c416bf5385,-68,-88
1500133783299,1,c196b85904c4,-68,-82
1500133783365,1,d4c416bf5385,-68,-88
1500133783457,1,c196b85904c4,-68,-84
1500133783524,1,d4c416bf5385,-68,-87
1500133783614,1,c196b85904c4,-68,-83
1500133784638,1,fd7676b335a3,-68,-68
1500133784799,1,d4c416bf5385,-68,-75
1500133784901,1,c196b85904c4,-68,-93
1500133784953,1,fd7676b335a3,-68,-68
1500133784963,1,d4c416bf5385,-68,-77
1500133789591,1,fd7676b335a3,-68,-77
1500133789597,1,d4c416bf5385,-68,-77
1500133789677,1,c196b85904c4,-68,-80
1500133789755,1,fd7676b335a3,-68,-77
1500133789756,1,d4c416bf5385,-68,-81
1500133789841,1,c196b85904c4,-68,-79
1500133789912,1,fd7676b335a3,-68,-76
1500133789916,1,d4c416bf5385,-68,-77
1500133790003,1,c196b85904c4,-68,-79
1500133794526,1,d4c416bf5385,-68,-80
1500133794548,1,fd7676b335a3,-68,-69
1500133794688,1,d4c416bf5385,-68,-80
1500133794710,1,fd7676b335a3,-68,-67
1500133794800,1,c196b85904c4,-68,-81
1500133794853,1,d4c416bf5385,-68,-81
1500133794866,1,fd7676b335a3,-68,-68
1500133794956,1,c196b85904c4,-68,-80
1500133795016,1,d4c416bf5385,-68,-80
1500133795020,1,fd7676b335a3,-68,-68
1500133798110,401,502,0.9
1500133903322,1,d4c416bf5385,-68,-87
1500133903383,1,c196b85904c4,-68,-79
1500133903479,1,d4c416bf5385,-68,-87
1500133903548,1,c196b85904c4,-68,-79
1500133903708,1,c196b85904c4,-68,-77
1500133904616,1,d4c416bf5385,-68,-77
1500133904938,1,d4c416bf5385,-68,-78
1500133909595,1,d4c416bf5385,-68,-83
1500133909599,1,fd7676b335a3,-68,-75
1500133909656,1,c196b85904c4,-68,-79
1500133909748,1,d4c416bf5385,-68,-82
1500133909753,1,fd7676b335a3,-68,-75
1500133909821,1,c196b85904c4,-68,-79
1500133909906,1,d4c416bf5385,-68,-83
1500133909915,1,fd7676b335a3,-68,-75
1500133909985,1,c196b85904c4,-68,-79
1500133914515,1,fd7676b335a3,-68,-70
1500133914567,1,d4c416bf5385,-68,-83
1500133914639,1,c196b85904c4,-68,-79
1500133914667,1,fd7676b335a3,-68,-71
1500133914719,1,d4c416bf5385,-68,-85
1500133914797,1,c196b85904c4,-68,-78
1500133914827,1,fd7676b335a3,-68,-71
1500133914878,1,d4c416bf5385,-68,-84
1500133914992,1,fd7676b335a3,-68,-71
1500133918269,401,502,0.9
1500134023477,1,c196b85904c4,-68,-82
1500134023541,1,d4c416bf5385,-68,-84
1500134023641,1,c196b85904c4,-68,-81
1500134023706,1,d4c416bf5385,-68,-82
1500134023798,1,c196b85904c4,-68,-81
1500134023874,1,d4c416bf5385,-68,-82
1500134024500,1,d4c416bf5385,-68,-75
1500134024645,1,fd7676b335a3,-68,-65
1500134024652,1,d4c416bf5385,-68,-77
1500134024798,1,fd7676b335a3,-68,-68
1500134024810,1,d4c416bf5385,-68,-78
1500134024960,1,fd7676b335a3,-68,-65
1500134024975,1,d4c416bf5385,-68,-76
1500134029553,1,c196b85904c4,-68,-79
1500134029576,1,d4c416bf5385,-68,-81
1500134029635,1,fd7676b335a3,-68,-76
1500134029705,1,c196b85904c4,-68,-79
1500134029740,1,d4c416bf5385,-68,-80
1500134029794,1,fd7676b335a3,-68,-74
1500134029857,1,c196b85904c4,-68,-79
1500134029903,1,d4c416bf5385,-68,-81
1500134029954,1,fd7676b335a3,-68,-75
1500134030033,1,c196b85904c4,-68,-80
1500134034542,1,d4c416bf5385,-68,-84
1500134034605,1,fd7676b335a3,-68,-69
1500134034617,1,c196b85904c4,-68,-81
1500134034698,1,d4c416bf5385,-68,-82
1500134034773,1,fd7676b335a3,-68,-69
1500134034779,1,c196b85904c4,-68,-84
1500134034857,1,d4c416bf5385,-68,-84
1500134034927,1,fd7676b335a3,-68,-68
1500134034943,1,c196b85904c4,-68,-82
1500134035010,1,d4c416bf5385,-68,-82
1500134038434,401,502,0.9
1500134143687,1,d4c416bf5385,-68,-71
1500134143738,1,c196b85904c4,-68,-81
1500134143842,1,d4c416bf5385,-68,-73
1500134143905,1,c196b85904c4,-68,-80
1500134144000,1,d4c416bf5385,-68,-72
1500134144631,1,d4c416bf5385,-68,-65
1500134144731,1,c196b85904c4,-68,-80
1500134144792,1,d4c416bf5385,-68,-69
1500134144898,1,c196b85904c4,-68,-78
1500134144950,1,d4c416bf5385,-68,-68
1500134149512,1,c196b85904c4,-68,-86
1500134149556,1,d4c416bf5385,-68,-76
1500134149624,1,fd7676b335a3,-68,-63
1500134149671,1,c196b85904c4,-68,-87
1500134149723,1,d4c416bf5385,-68,-75
1500134149785,1,fd7676b335a3,-68,-63
1500134149838,1,c196b85904c4,-68,-89
1500134149876,1,d4c416bf5385,-68,-74
1500134149945,1,fd7676b335a3,-68,-62
1500134149998,1,c196b85904c4,-68,-92
1500134154507,1,d4c416bf5385,-68,-72
1500134154569,1,fd7676b335a3,-68,-71
1500134154603,1,c196b85904c4,-68,-82
1500134154662,1,d4c416bf5385,-68,-71
1500134154728,1,fd7676b335a3,-68,-69
1500134154760,1,c196b85904c4,-68,-86
1500134154826,1,d4c416bf5385,-68,-68
1500134154891,1,fd7676b335a3,-68,-71
1500134154926,1,c196b85904c4,-68,-86
1500134154989,1,d4c416bf5385,-68,-71
1500134158599,401,502,0.9
1500134263779,1,c196b85904c4,-68,-80
1500134263850,1,d4c416bf5385,-68,-71
1500134263942,1,c196b85904c4,-68,-80
1500134264007,1,d4c416bf5385,-68,-72
1500134264109,1,c196b85904c4,-68,-80
1500134264173,1,d4c416bf5385,-68,-72
1500134264649,1,d4c416bf5385,-68,-67
1500134264757,1,c196b85904c4,-68,-79
1500134264811,1,d4c416bf5385,-68,-67
1500134264920,1,c196b85904c4,-68,-79
1500134264979,1,d4c416bf5385,-68,-66
1500134269536,1,c196b85904c4,-68,-86
1500134269606,1,fd7676b335a3,-68,-63
1500134269632,1,d4c416bf5385,-68,-79
1500134269690,1,c196b85904c4,-68,-84
1500134269795,1,d4c416bf5385,-68,-78
1500134269856,1,c196b85904c4,-68,-85
1500134269937,1,fd7676b335a3,-68,-62
1500134269958,1,d4c416bf5385,-68,-77
1500134270019,1,c196b85904c4,-68,-85
1500134274522,1,c196b85904c4,-68,-83
1500134274585,1,d4c416bf5385,-68,-71
1500134274611,1,fd7676b335a3,-68,-70
1500134274679,1,c196b85904c4,-68,-82
1500134274747,1,d4c416bf5385,-68,-71
1500134274775,1,fd7676b335a3,-68,-70
1500134274837,1,c196b85904c4,-68,-82
1500134274907,1,d4c416bf5385,-68,-71
1500134274937,1,fd7676b335a3,-68,-70
1500134274999,1,c196b85904c4,-68,-81
1500134278739,401,502,0.89
1500134383908,1,c196b85904c4,-68,-80
1500134383986,1,d4c416bf5385,-68,-73
1500134384071,1,c196b85904c4,-68,-80
1500134384144,1,d4c416bf5385,-68,-73
1500134384223,1,c196b85904c4,-68,-82
1500134384303,1,d4c416bf5385,-68,-72
1500134384548,1,c196b85904c4,-68,-82
1500134384619,1,d4c416bf5385,-68,-66
1500134384702,1,c196b85904c4,-68,-80
1500134384773,1,d4c416bf5385,-68,-68
1500134384858,1,c196b85904c4,-68,-83
1500134384933,1,d4c416bf5385,-68,-66
1500134389515,1,c196b85904c4,-68,-85
1500134389569,1,d4c416bf5385,-68,-76
1500134389625,1,fd7676b335a3,-68,-63
1500134389669,1,c196b85904c4,-68,-86
1500134389728,1,d4c416bf5385,-68,-75
1500134389790,1,fd7676b335a3,-68,-63
1500134389826,1,c196b85904c4,-68,-87
1500134389895,1,d4c416bf5385,-68,-74
1500134389948,1,fd7676b335a3,-68,-63
1500134389981,1,c196b85904c4,-68,-85
1500134390054,1,d4c416bf5385,-68,-75
1500134394540,1,d4c416bf5385,-68,-71
1500134394580,1,fd7676b335a3,-68,-70
1500134394613,1,c196b85904c4,-68,-81
1500134394703,1,d4c416bf5385,-68,-70
1500134394746,1,fd7676b335a3,-68,-70
1500134394773,1,c196b85904c4,-68,-84
1500134394866,1,d4c416bf5385,-68,-71
1500134394910,1,fd7676b335a3,-68,-70
1500134394934,1,c196b85904c4,-68,-84
1500134395032,1,d4c416bf5385,-68,-71
1500134398899,401,502,0.89
1500134504046,1,d4c416bf5385,-68,-72
1500134504184,1,c196b85904c4,-68,-82
1500134504204,1,d4c416bf5385,-68,-73
1500134504344,1,c196b85904c4,-68,-82
1500134504363,1,d4c416bf5385,-68,-73
1500134504530,1,d4c416bf5385,-68,-68
1500134504658,1,c196b85904c4,-68,-82
1500134504692,1,d4c416bf5385,-68,-68
1500134504818,1,c196b85904c4,-68,-80
1500134504851,1,d4c416bf5385,-68,-67
1500134509500,1,fd7676b335a3,-68,-64
1500134509500,1,d4c416bf5385,-68,-77
1500134509572,1,c196b85904c4,-68,-86
1500134509658,1,d4c416bf5385,-68,-77
1500134509740,1,c196b85904c4,-68,-86
1500134509815,1,fd7676b335a3,-68,-64
1500134509821,1,d4c416bf5385,-68,-77
1500134509970,1,fd7676b335a3,-68,-64
1500134509984,1,d4c416bf5385,-68,-77
1500134514542,1,c196b85904c4,-68,-82
1500134514570,1,fd7676b335a3,-68,-71
1500134514602,1,d4c416bf5385,-68,-73
1500134514707,1,c196b85904c4,-68,-81
1500134514732,1,fd7676b335a3,-68,-70
1500134514769,1,d4c416bf5385,-68,-73
1500134514865,1,c196b85904c4,-68,-82
1500134514898,1,fd7676b335a3,-68,-70
1500134514933,1,d4c416bf5385,-68,-72
1500134519071,401,502,0.89
1500134624204,1,d4c416bf5385,-68,-73
1500134624287,1,d4c416bf5385,-68,-72
1500134624369,1,c196b85904c4,-68,-80
1500134624441,1,d4c416bf5385,-68,-71
1500134624528,1,c196b85904c4,-68,-80
1500134624603,1,d4c416bf5385,-68,-68
1500134624762,1,d4c416bf5385,-68,-67
1500134624927,1,d4c416bf5385,-68,-69
1500134629497,1,c196b85904c4,-68,-88
1500134629595,1,d4c416bf5385,-68,-77
1500134629654,1,c196b85904c4,-68,-88
1500134629762,1,d4c416bf5385,-68,-76
1500134629812,1,c196b85904c4,-68,-85
1500134629928,1,d4c416bf5385,-68,-76
1500134629970,1,c196b85904c4,-68,-86
1500134634587,1,d4c416bf5385,-68,-73
1500134634620,1,fd7676b335a3,-68,-70
1500134634638,1,c196b85904c4,-68,-83
1500134634748,1,d4c416bf5385,-68,-72
1500134634777,1,fd7676b335a3,-68,-70
1500134634803,1,c196b85904c4,-68,-80
1500134634905,1,d4c416bf5385,-68,-72
1500134634945,1,fd7676b335a3,-68,-70
1500134634969,1,c196b85904c4,-68,-84
1500134639231,401,502,0.89
1500134744447,1,c196b85904c4,-68,-83
1500134744515,1,d4c416bf5385,-68,-68
1500134744668,1,d4c416bf5385,-68,-66
1500134744763,1,c196b85904c4,-68,-83
1500134744829,1,d4c416bf5385,-68,-68
1500134744997,1,d4c416bf5385,-68,-66
1500134749574,1,c196b85904c4,-68,-85
1500134749634,1,d4c416bf5385,-68,-76
1500134749725,1,c196b85904c4,-68,-84
1500134749798,1,d4c416bf5385,-68,-77
1500134749879,1,c196b85904c4,-68,-83
1500134749965,1,d4c416bf5385,-68,-77
1500134750039,1,c196b85904c4,-68,-82
1500134754520,1,c196b85904c4,-68,-79
1500134754533,1,fd7676b335a3,-68,-68
1500134754597,1,d4c416bf5385,-68,-72
1500134754681,1,c196b85904c4,-68,-81
1500134754696,1,fd7676b335a3,-68,-68
1500134754752,1,d4c416bf5385,-68,-73
1500134754842,1,c196b85904c4,-68,-80
1500134754857,1,fd7676b335a3,-68,-68
1500134754913,1,d4c416bf5385,-68,-71
1500134755006,1,c196b85904c4,-68,-81
1500134755024,1,fd7676b335a3,-68,-69
1500134759399,401,502,0.88
1500134864621,1,d4c416bf5385,-68,-70
1500134864787,1,d4c416bf5385,-68,-71
1500134864860,1,c196b85904c4,-68,-82
1500134864950,1,d4c416bf5385,-68,-71
1500134865019,1,c196b85904c4,-68,-82
1500134869499,1,c196b85904c4,-68,-81
1500134869603,1,d4c416bf5385,-68,-68
1500134869764,1,d4c416bf5385,-68,-68
1500134869928,1,d4c416bf5385,-68,-66
1500134869997,1,c196b85904c4,-68,-83
1500134874571,1,d4c416bf5385,-68,-75
1500134874648,1,c196b85904c4,-68,-83
1500134874736,1,d4c416bf5385,-68,-75
1500134874814,1,c196b85904c4,-68,-86
1500134874890,1,d4c416bf5385,-68,-76
1500134874975,1,c196b85904c4,-68,-86
1500134875048,1,d4c416bf5385,-68,-75
1500134879495,1,d4c416bf5385,-68,-71
1500134879575,401,502,0.88
1500134984753,1,d4c416bf5385,-68,-71
1500134984838,1,c196b85904c4,-68,-81
1500134984919,1,d4c416bf5385,-68,-72
1500134984995,1,c196b85904c4,-68,-81
1500134985084,1,d4c416bf5385,-68,-72
1500134985149,1,c196b85904c4,-68,-80
1500134985248,1,d4c416bf5385,-68,-73
1500134989482,1,c196b85904c4,-68,-81
1500134989559,1,d4c416bf5385,-68,-68
1500134989642,1,c196b85904c4,-68,-81
1500134989724,1,d4c416bf5385,-68,-67
1500134989878,1,d4c416bf5385,-68,-67
1500134994489,1,d4c416bf5385,-68,-76
1500134994606,1,c196b85904c4,-68,-88
1500134994641,1,d4c416bf5385,-68,-76
1500134994771,1,c196b85904c4,-68,-87
1500134994803,1,d4c416bf5385,-68,-76
1500134994935,1,c196b85904c4,-68,-87
1500134994957,1,d4c416bf5385,-68,-76
1500134999543,1,c196b85904c4,-68,-80
1500134999581,1,fd7676b335a3,-68,-68
1500134999596,1,d4c416bf5385,-68,-70
1500134999698,1,c196b85904c4,-68,-80
1500134999749,401,502,0.88
1500135104895,1,d4c416bf5385,-68,-70
1500135104944,1,c196b85904c4,-68,-81
1500135104993,1,d4c416bf5385,-68,-71
1500135105103,1,c196b85904c4,-68,-81
1500135105114,1,fd7676b335a3,-68,-68
1500135105158,1,d4c416bf5385,-68,-69
1500135105259,1,c196b85904c4,-68,-81
1500135105321,1,d4c416bf5385,-68,-71
1500135105411,1,c196b85904c4,-68,-81
1500135109561,1,c196b85904c4,-68,-79
1500135109583,1,d4c416bf5385,-68,-66
1500135109608,1,fd7676b335a3,-68,-62
1500135109726,1,c196b85904c4,-68,-80
1500135109743,1,d4c416bf5385,-68,-68
1500135109771,1,fd7676b335a3,-68,-63
1500135109882,1,c196b85904c4,-68,-79
1500135109908,1,d4c416bf5385,-68,-66
1500135109932,1,fd7676b335a3,-68,-64
1500135114507,1,fd7676b335a3,-68,-62
1500135114550,1,d4c416bf5385,-68,-77
1500135114631,1,c196b85904c4,-68,-89
1500135114669,1,fd7676b335a3,-68,-62
1500135114717,1,d4c416bf5385,-68,-76
1500135114797,1,c196b85904c4,-68,-89
1500135114837,1,fd7676b335a3,-68,-62
1500135114880,1,d4c416bf5385,-68,-76
1500135114956,1,c196b85904c4,-68,-87
1500135114995,1,fd7676b335a3,-68,-63
1500135119541,1,d4c416bf5385,-68,-71
1500135119598,1,c196b85904c4,-68,-82
1500135119696,1,d4c416bf5385,-68,-71
1500135119761,1,c196b85904c4,-68,-83
1500135119848,1,d4c416bf5385,-68,-71
1500135119938,401,502,0.88
1500135225100,1,c196b85904c4,-68,-78
1500135225189,1,d4c416bf5385,-68,-72
1500135225261,1,c196b85904c4,-68,-79
1500135225355,1,d4c416bf5385,-68,-71
1500135225418,1,c196b85904c4,-68,-74
1500135225516,1,d4c416bf5385,-68,-72
1500135225583,1,c196b85904c4,-68,-76
1500135229487,1,fd7676b335a3,-68,-63
1500135229589,1,c196b85904c4,-68,-79
1500135229652,1,fd7676b335a3,-68,-63
1500135229664,1,d4c416bf5385,-68,-68
1500135229754,1,c196b85904c4,-68,-79
1500135229817,1,fd7676b335a3,-68,-64
1500135229913,1,c196b85904c4,-68,-79
1500135234556,1,c196b85904c4,-68,-80
1500135234594,1,fd7676b335a3,-68,-62
1500135234722,1,c196b85904c4,-68,-80
1500135234752,1,fd7676b335a3,-68,-61
1500135234788,1,d4c416bf5385,-68,-76
1500135234877,1,c196b85904c4,-68,-80
1500135234917,1,fd7676b335a3,-68,-63
1500135234949,1,d4c416bf5385,-68,-77
1500135235039,1,c196b85904c4,-68,-80
1500135239521,1,c196b85904c4,-68,-78
1500135239579,1,d4c416bf5385,-68,-72
1500135239681,1,c196b85904c4,-68,-79
1500135239836,1,c196b85904c4,-68,-78
1500135239894,1,d4c416bf5385,-68,-71
1500135239999,1,c196b85904c4,-68,-78
1500135240128,401,502,0.87
1500135345313,1,d4c416bf5385,-68,-71
1500135345408,1,c196b85904c4,-68,-78
1500135345477,1,d4c416bf5385,-68,-72
1500135345563,1,c196b85904c4,-68,-77
1500135345636,1,d4c416bf5385,-68,-71
1500135345727,1,c196b85904c4,-68,-80
1500135345789,1,d4c416bf5385,-68,-71
1500135349482,1,fd7676b335a3,-68,-63
1500135349601,1,d4c416bf5385,-68,-67
1500135349635,1,fd7676b335a3,-68,-64
1500135349721,1,c196b85904c4,-68,-75
1500135349757,1,d4c416bf5385,-68,-67
1500135349800,1,fd7676b335a3,-68,-62
1500135349913,1,d4c416bf5385,-68,-67
1500135349967,1,fd7676b335a3,-68,-61
1500135354502,1,c196b85904c4,-68,-79
1500135354545,1,d4c416bf5385,-68,-75
1500135354559,1,fd7676b335a3,-68,-63
1500135354656,1,c196b85904c4,-68,-80
1500135354708,1,d4c416bf5385,-68,-76
1500135354716,1,fd7676b335a3,-68,-62
1500135354814,1,c196b85904c4,-68,-80
1500135354872,1,d4c416bf5385,-68,-76
1500135354879,1,fd7676b335a3,-68,-61
1500135354970,1,c196b85904c4,-68,-80
1500135355029,1,d4c416bf5385,-68,-76
1500135359548,1,d4c416bf5385,-68,-70
1500135359591,1,c196b85904c4,-68,-77
1500135359709,1,d4c416bf5385,-68,-72
1500135359757,1,c196b85904c4,-68,-77
1500135359863,1,d4c416bf5385,-68,-72
1500135359923,1,c196b85904c4,-68,-77
1500135360314,401,502,0.87
1500135465454,1,d4c416bf5385,-68,-72
1500135465544,1,c196b85904c4,-68,-85
1500135465611,1,d4c416bf5385,-68,-72
1500135465700,1,c196b85904c4,-68,-85
1500135465775,1,d4c416bf5385,-68,-73
1500135465854,1,c196b85904c4,-68,-85
1500135465933,1,d4c416bf5385,-68,-72
1500135469733,1,d4c416bf5385,-68,-68
1500135469868,1,c196b85904c4,-68,-81
1500135469899,1,d4c416bf5385,-68,-67
1500135474538,1,d4c416bf5385,-68,-78
1500135474630,1,c196b85904c4,-68,-83
1500135474703,1,d4c416bf5385,-68,-78
1500135474786,1,c196b85904c4,-68,-83
1500135474859,1,d4c416bf5385,-68,-78
1500135474950,1,c196b85904c4,-68,-83
1500135479510,1,d4c416bf5385,-68,-70
1500135479673,1,d4c416bf5385,-68,-71
1500135479750,1,c196b85904c4,-68,-85
1500135479831,1,d4c416bf5385,-68,-72
1500135479916,1,c196b85904c4,-68,-86
1500135480488,401,502,0.87
1500135585676,1,d4c416bf5385,-68,-72
1500135585790,1,c196b85904c4,-68,-83
1500135585835,1,d4c416bf5385,-68,-71
1500135585949,1,c196b85904c4,-68,-83
1500135585998,1,d4c416bf5385,-68,-72
1500135586103,1,c196b85904c4,-68,-82
1500135589504,1,d4c416bf5385,-68,-68
1500135589620,1,c196b85904c4,-68,-81
1500135589665,1,d4c416bf5385,-68,-68
1500135589782,1,c196b85904c4,-68,-83
1500135589828,1,d4c416bf5385,-68,-68
1500135594561,1,c196b85904c4,-68,-82
1500135594719,1,c196b85904c4,-68,-82
1500135594763,1,d4c416bf5385,-68,-77
1500135594768,1,fd7676b335a3,-68,-64
1500135594880,1,c196b85904c4,-68,-83
1500135594920,1,d4c416bf5385,-68,-78
1500135594926,1,fd7676b335a3,-68,-63
1500135599508,1,c196b85904c4,-68,-86
1500135599531,1,d4c416bf5385,-68,-72
1500135599569,1,fd7676b335a3,-68,-70
1500135599661,1,c196b85904c4,-68,-82
1500135599684,1,d4c416bf5385,-68,-70
1500135599731,1,fd7676b335a3,-68,-69
1500135599816,1,c196b85904c4,-68,-83
1500135599844,1,d4c416bf5385,-68,-72
1500135599896,1,fd7676b335a3,-68,-70
1500135599977,1,c196b85904c4,-68,-83
1500135600659,401,502,0.87
1500135705820,1,d4c416bf5385,-68,-73
1500135705865,1,c196b85904c4,-68,-83
1500135705985,1,d4c416bf5385,-68,-71
1500135706031,1,c196b85904c4,-68,-85
1500135706148,1,d4c416bf5385,-68,-71
1500135706183,1,c196b85904c4,-68,-83
1500135706303,1,d4c416bf5385,-68,-70
1500135709521,1,d4c416bf5385,-68,-66
1500135709581,1,c196b85904c4,-68,-79
1500135709683,1,d4c416bf5385,-68,-68
1500135709840,1,d4c416bf5385,-68,-67
1500135709904,1,c196b85904c4,-68,-80
1500135709995,1,d4c416bf5385,-68,-68
1500135714490,1,d4c416bf5385,-68,-78
1500135714569,1,c196b85904c4,-68,-83
1500135714645,1,d4c416bf5385,-68,-78
1500135714736,1,c196b85904c4,-68,-82
1500135714805,1,d4c416bf5385,-68,-78
1500135714899,1,c196b85904c4,-68,-82
1500135714961,1,d4c416bf5385,-68,-78
1500135719540,1,c196b85904c4,-68,-82
1500135719610,1,d4c416bf5385,-68,-71
1500135719705,1,c196b85904c4,-68,-85
1500135719768,1,d4c416bf5385,-68,-72
1500135719860,1,c196b85904c4,-68,-86
1500135719926,1,d4c416bf5385,-68,-71
1500135720839,401,502,0.86
1500135826020,1,d4c416bf5385,-68,-72
1500135826134,1,c196b85904c4,-68,-85
1500135826171,1,d4c416bf5385,-68,-72
1500135826286,1,c196b85904c4,-68,-86
1500135826337,1,d4c416bf5385,-68,-71
1500135826454,1,c196b85904c4,-68,-84
1500135826485,1,d4c416bf5385,-68,-71
1500135829484,1,c196b85904c4,-68,-81
1500135829568,1,fd7676b335a3,-68,-60
1500135829649,1,c196b85904c4,-68,-79
1500135829666,1,d4c416bf5385,-68,-68
1500135829728,1,fd7676b335a3,-68,-62
1500135829893,1,fd7676b335a3,-68,-63
1500135829969,1,c196b85904c4,-68,-81
1500135829973,1,d4c416bf5385,-68,-67
1500135834475,1,d4c416bf5385,-68,-78
1500135834536,1,fd7676b335a3,-68,-64
1500135834564,1,c196b85904c4,-68,-85
1500135834626,1,d4c416bf5385,-68,-79
1500135834689,1,fd7676b335a3,-68,-63
1500135834730,1,c196b85904c4,-68,-83
1500135834784,1,d4c416bf5385,-68,-78
1500135834844,1,fd7676b335a3,-68,-63
1500135834884,1,c196b85904c4,-68,-83
1500135835008,1,fd7676b335a3,-68,-63
1500135839527,1,c196b85904c4,-68,-83
1500135839554,1,d4c416bf5385,-68,-72
1500135839690,1,c196b85904c4,-68,-86
1500135839706,1,d4c416bf5385,-68,-72
1500135839843,1,c196b85904c4,-68,-85
1500135839867,1,d4c416bf5385,-68,-72
1500135841019,401,502,0.86
1500135946273,1,c196b85904c4,-68,-82
1500135946329,1,d4c416bf5385,-68,-73
1500135946436,1,c196b85904c4,-68,-80
1500135946485,1,d4c416bf5385,-68,-74
1500135946594,1,c196b85904c4,-68,-81
1500135946646,1,d4c416bf5385,-68,-69
1500135949483,1,d4c416bf5385,-68,-67
1500135949513,1,fd7676b335a3,-68,-63
1500135949648,1,d4c416bf5385,-68,-65
1500135949672,1,fd7676b335a3,-68,-63
1500135949802,1,d4c416bf5385,-68,-67
1500135949829,1,fd7676b335a3,-68,-62
1500135949930,1,c196b85904c4,-68,-83
1500135949958,1,d4c416bf5385,-68,-66
1500135954525,1,fd7676b335a3,-68,-63
1500135954541,1,c196b85904c4,-68,-86
1500135954595,1,d4c416bf5385,-68,-78
1500135954683,1,fd7676b335a3,-68,-62
1500135954701,1,c196b85904c4,-68,-82
1500135954752,1,d4c416bf5385,-68,-78
1500135954844,1,fd7676b335a3,-68,-62
1500135954866,1,c196b85904c4,-68,-83
1500135954907,1,d4c416bf5385,-68,-76
1500135959493,1,c196b85904c4,-68,-84
1500135959518,1,d4c416bf5385,-68,-73
1500135959645,1,c196b85904c4,-68,-83
1500135959675,1,d4c416bf5385,-68,-73
1500135959812,1,c196b85904c4,-68,-85
1500135959839,1,d4c416bf5385,-68,-73
1500135959969,1,c196b85904c4,-68,-87
1500135961199,401,502,0.86
1500136066344,1,c196b85904c4,-68,-91
1500136066427,1,c196b85904c4,-68,-89
1500136066503,1,d4c416bf5385,-68,-73
1500136066587,1,c196b85904c4,-68,-89
1500136066663,1,d4c416bf5385,-68,-73
1500136066749,1,c196b85904c4,-68,-90
1500136066823,1,d4c416bf5385,-68,-74
1500136069556,1,d4c416bf5385,-68,-67
1500136069628,1,c196b85904c4,-68,-81
1500136069652,1,fd7676b335a3,-68,-62
1500136069717,1,d4c416bf5385,-68,-68
1500136069876,1,d4c416bf5385,-68,-66
1500136069951,1,c196b85904c4,-68,-81
1500136074488,1,d4c416bf5385,-68,-75
1500136074619,1,c196b85904c4,-68,-84
1500136074655,1,d4c416bf5385,-68,-75
1500136074774,1,c196b85904c4,-68,-85
1500136074815,1,fd7676b335a3,-68,-64
1500136074822,1,d4c416bf5385,-68,-76
1500136074939,1,c196b85904c4,-68,-83
1500136074987,1,d4c416bf5385,-68,-75
1500136081362,401,502,0.86
1500136186504,1,d4c416bf5385,-68,-72
1500136186569,1,c196b85904c4,-68,-77
1500136186602,1,d4c416bf5385,-68,-73
1500136186726,1,c196b85904c4,-68,-77
1500136186766,1,d4c416bf5385,-68,-73
1500136186891,1,c196b85904c4,-68,-76
1500136186925,1,d4c416bf5385,-68,-73
1500136187058,1,c196b85904c4,-68,-76
1500136189483,1,d4c416bf5385,-68,-67
1500136189608,1,c196b85904c4,-68,-80
1500136189769,1,c196b85904c4,-68,-80
1500136189800,1,d4c416bf5385,-68,-68
1500136189924,1,c196b85904c4,-68,-81
1500136189966,1,d4c416bf5385,-68,-68
1500136194469,1,d4c416bf5385,-68,-74
1500136194539,1,c196b85904c4,-68,-82
1500136194601,1,fd7676b335a3,-68,-63
1500136194704,1,c196b85904c4,-68,-82
1500136194761,1,fd7676b335a3,-68,-63
1500136194790,1,d4c416bf5385,-68,-74
1500136194856,1,c196b85904c4,-68,-80
1500136194929,1,fd7676b335a3,-68,-63
1500136194944,1,d4c416bf5385,-68,-77
1500136195021,1,c196b85904c4,-68,-83
1500136199523,1,c196b85904c4,-68,-80
1500136199564,1,fd7676b335a3,-68,-69
1500136199600,1,d4c416bf5385,-68,-72
1500136199687,1,c196b85904c4,-68,-79
1500136199766,1,d4c416bf5385,-68,-71
1500136199844,1,c196b85904c4,-68,-81
1500136199886,1,fd7676b335a3,-68,-69
1500136199928,1,d4c416bf5385,-68,-73
1500136200077,1,c196b85904c4,-68,-81
1500136201534,401,502,0.85
1500136306708,1,d4c416bf5385,-68,-72
1500136306824,1,c196b85904c4,-68,-78
1500136306861,1,d4c416bf5385,-68,-73
1500136306979,1,c196b85904c4,-68,-77
1500136307015,1,d4c416bf5385,-68,-73
1500136307133,1,c196b85904c4,-68,-78
1500136307172,1,d4c416bf5385,-68,-73
1500136309524,1,c196b85904c4,-68,-80
1500136309564,1,d4c416bf5385,-68,-68
1500136309674,1,c196b85904c4,-68,-77
1500136309727,1,d4c416bf5385,-68,-68
1500136309897,1,d4c416bf5385,-68,-68
1500136309984,1,c196b85904c4,-68,-78
1500136314472,1,c196b85904c4,-68,-81
1500136314536,1,d4c416bf5385,-68,-77
1500136314545,1,fd7676b335a3,-68,-64
1500136314632,1,c196b85904c4,-68,-81
1500136314689,1,d4c416bf5385,-68,-78
1500136314697,1,fd7676b335a3,-68,-64
1500136314785,1,c196b85904c4,-68,-82
1500136314845,1,d4c416bf5385,-68,-77
1500136314859,1,fd7676b335a3,-68,-61
1500136315008,1,d4c416bf5385,-68,-78
1500136315014,1,fd7676b335a3,-68,-62
1500136319496,1,fd7676b335a3,-68,-67
1500136319600,1,c196b85904c4,-68,-78
1500136319614,1,d4c416bf5385,-68,-72
1500136319653,1,fd7676b335a3,-68,-70
1500136319756,1,c196b85904c4,-68,-79
1500136319766,1,d4c416bf5385,-68,-73
1500136319808,1,fd7676b335a3,-68,-68
1500136319908,1,c196b85904c4,-68,-78
1500136319931,1,d4c416bf5385,-68,-73
1500136319981,1,fd7676b335a3,-68,-69
1500136321705,401,502,0.85
1500136426921,1,fd7676b335a3,-68,-68
1500136426943,1,d4c416bf5385,-68,-73
1500136427020,1,c196b85904c4,-68,-80
1500136427082,1,fd7676b335a3,-68,-69
1500136427108,1,d4c416bf5385,-68,-73
1500136427172,1,c196b85904c4,-68,-79
1500136427235,1,fd7676b335a3,-68,-67
1500136427265,1,d4c416bf5385,-68,-73
1500136427330,1,c196b85904c4,-68,-78
1500136427393,1,fd7676b335a3,-68,-68
1500136429513,1,d4c416bf5385,-68,-67
1500136429598,1,c196b85904c4,-68,-80
1500136429620,1,fd7676b335a3,-68,-62
1500136429670,1,d4c416bf5385,-68,-68
1500136429758,1,c196b85904c4,-68,-79
1500136429825,1,d4c416bf5385,-68,-68
1500136429915,1,c196b85904c4,-68,-79
1500136429939,1,fd7676b335a3,-68,-63
1500136429989,1,d4c416bf5385,-68,-68
1500136434526,1,d4c416bf5385,-68,-78
1500136434568,1,c196b85904c4,-68,-82
1500136434580,1,fd7676b335a3,-68,-63
1500136434681,1,d4c416bf5385,-68,-78
1500136434734,1,c196b85904c4,-68,-82
1500136434739,1,fd7676b335a3,-68,-62
1500136434835,1,d4c416bf5385,-68,-78
1500136434894,1,c196b85904c4,-68,-81
1500136434894,1,fd7676b335a3,-68,-62
1500136434992,1,d4c416bf5385,-68,-78
1500136439507,1,fd7676b335a3,-68,-70
1500136439595,1,c196b85904c4,-68,-80
1500136439596,1,d4c416bf5385,-68,-73
1500136439673,1,fd7676b335a3,-68,-69
1500136439746,1,c196b85904c4,-68,-78
1500136439752,1,d4c416bf5385,-68,-74
1500136439826,1,fd7676b335a3,-68,-69
1500136439900,1,c196b85904c4,-68,-80
1500136439906,1,d4c416bf5385,-68,-74
1500136439994,1,fd7676b335a3,-68,-68
1500136441914,401,502,0.85
1500136547165,1,d4c416bf5385,-68,-73
1500136547262,1,c196b85904c4,-68,-78
1500136547328,1,d4c416bf5385,-68,-73
1500136547417,1,c196b85904c4,-68,-79
1500136547490,1,d4c416bf5385,-68,-72
1500136549506,1,c196b85904c4,-68,-79
1500136549531,1,fd7676b335a3,-68,-62
1500136549555,1,d4c416bf5385,-68,-67
1500136549669,1,c196b85904c4,-68,-78
1500136549687,1,fd7676b335a3,-68,-63
1500136549716,1,d4c416bf5385,-68,-67
1500136549825,1,c196b85904c4,-68,-79
1500136549877,1,fd7676b335a3,-68,-63
1500136549877,1,d4c416bf5385,-68,-68
1500136549983,1,c196b85904c4,-68,-80
1500136554667,1,d4c416bf5385,-68,-78
1500136554668,1,fd7676b335a3,-68,-63
1500136554778,1,c196b85904c4,-68,-81
1500136554824,1,fd7676b335a3,-68,-62
1500136554829,1,d4c416bf5385,-68,-79
1500136554938,1,c196b85904c4,-68,-82
1500136554979,1,fd7676b335a3,-68,-63
1500136554997,1,d4c416bf5385,-68,-79
1500136559469,1,fd7676b335a3,-68,-68
1500136559484,1,d4c416bf5385,-68,-72
1500136559559,1,c196b85904c4,-68,-80
1500136559627,1,fd7676b335a3,-68,-68
1500136559638,1,d4c416bf5385,-68,-72
1500136559721,1,c196b85904c4,-68,-80
1500136559785,1,fd7676b335a3,-68,-68
1500136559805,1,d4c416bf5385,-68,-74
1500136559886,1,c196b85904c4,-68,-81
1500136559944,1,fd7676b335a3,-68,-68
1500136559971,1,d4c416bf5385,-68,-73
1500136562079,401,502,0.85
1500136667283,1,d4c416bf5385,-68,-73
1500136667330,1,c196b85904c4,-68,-80
1500136667444,1,d4c416bf5385,-68,-73
1500136667495,1,c196b85904c4,-68,-81
1500136667609,1,d4c416bf5385,-68,-73
1500136667661,1,c196b85904c4,-68,-80
1500136669592,1,c196b85904c4,-68,-80
1500136669675,1,d4c416bf5385,-68,-68
1500136669749,1,c196b85904c4,-68,-78
1500136669916,1,c196b85904c4,-68,-80
1500136669997,1,d4c416bf5385,-68,-68
1500136678058,1,fd7676b335a3,-68,-62
1500136678070,1,d4c416bf5385,-68,-79
1500136678070,1,c196b85904c4,-68,-80
1500136678070,1,fd7676b335a3,-68,-60
1500136678070,1,d4c416bf5385,-68,-77
1500136678071,1,c196b85904c4,-68,-81
1500136678071,1,fd7676b335a3,-68,-62
1500136678071,1,d4c416bf5385,-68,-79
1500136678071,1,c196b85904c4,-68,-81
1500136678071,1,fd7676b335a3,-68,-62
1500136678071,1,d4c416bf5385,-68,-78
1500136679548,1,c196b85904c4,-68,-80
1500136679578,1,d4c416bf5385,-68,-72
1500136679605,1,fd7676b335a3,-68,-68
1500136679707,1,c196b85904c4,-68,-79
1500136679759,1,fd7676b335a3,-68,-69
1500136679869,1,c196b85904c4,-68,-79
1500136679895,1,d4c416bf5385,-68,-73
1500136682249,401,502,0.84
1500136787421,1,d4c416bf5385,-68,-73
1500136787481,1,c196b85904c4,-68,-77
1500136787576,1,d4c416bf5385,-68,-72
1500136787649,1,c196b85904c4,-68,-79
1500136787734,1,d4c416bf5385,-68,-72
1500136787809,1,c196b85904c4,-68,-79
1500136789644,1,d4c416bf5385,-68,-68
1500136789736,1,c196b85904c4,-68,-81
1500136789954,1,d4c416bf5385,-68,-67
1500136794555,1,c196b85904c4,-68,-84
1500136794611,1,fd7676b335a3,-68,-62
1500136794706,1,c196b85904c4,-68,-82
1500136794729,1,d4c416bf5385,-68,-82
1500136794766,1,fd7676b335a3,-68,-62
1500136794868,1,c196b85904c4,-68,-82
1500136794892,1,d4c416bf5385,-68,-82
1500136799484,1,c196b85904c4,-68,-76
1500136799528,1,d4c416bf5385,-68,-73
1500136799566,1,fd7676b335a3,-68,-69
1500136799636,1,c196b85904c4,-68,-78
1500136799687,1,d4c416bf5385,-68,-73
1500136799721,1,fd7676b335a3,-68,-69
1500136799800,1,c196b85904c4,-68,-77
1500136799845,1,d4c416bf5385,-68,-72
1500136799882,1,fd7676b335a3,-68,-68
1500136799951,1,c196b85904c4,-68,-76
1500136802419,401,502,0.84
