1500140272456,1,d4c416bf5385,-68,-73
1500140272550,1,d4c416bf5385,-68,-79
1500140272677,1,c196b85904c4,-68,-85
1500140272715,1,d4c416bf5385,-68,-79
1500140272832,1,c196b85904c4,-68,-79
1500140272874,1,d4c416bf5385,-68,-72
1500140272996,1,c196b85904c4,-68,-84
1500140273017,1,fd7676b335a3,-68,-72
1500140274454,1,c196b85904c4,-68,-93
1500140274489,1,d4c416bf5385,-68,-83
1500140274610,1,c196b85904c4,-68,-85
1500140274647,1,d4c416bf5385,-68,-78
1500140274766,1,c196b85904c4,-68,-87
1500140274803,1,d4c416bf5385,-68,-71
1500140279431,1,d4c416bf5385,-68,-81
1500140279575,1,c196b85904c4,-68,-92
1500140279585,1,d4c416bf5385,-68,-82
1500140279745,1,d4c416bf5385,-68,-81
1500140279904,1,d4c416bf5385,-68,-83
1500140284442,1,fd7676b335a3,-68,-69
1500140284518,1,c196b85904c4,-68,-87
1500140284534,1,d4c416bf5385,-68,-73
1500140284677,1,c196b85904c4,-68,-88
1500140284695,1,d4c416bf5385,-68,-73
1500140284767,1,fd7676b335a3,-68,-80
1500140284831,1,c196b85904c4,-68,-92
1500140284940,1,fd7676b335a3,-68,-92
1500140287485,401,502,0.77
