1500081065545,1,c196b85904c4,-68,-60
1500081065652,1,d4c416bf5385,-68,-73
1500081065712,1,c196b85904c4,-68,-61
1500081065808,1,d4c416bf5385,-68,-73
1500081065876,1,c196b85904c4,-68,-59
1500081065972,1,d4c416bf5385,-68,-74
1500081066467,1,d4c416bf5385,-68,-68
1500081066500,1,c196b85904c4,-68,-83
1500081066627,1,d4c416bf5385,-68,-66
1500081066793,1,d4c416bf5385,-68,-67
1500081071440,1,d4c416bf5385,-68,-68
1500081071466,1,c196b85904c4,-68,-78
1500081071601,1,d4c416bf5385,-68,-67
1500081071632,1,c196b85904c4,-68,-77
1500081071767,1,d4c416bf5385,-68,-67
