1500081906706,1,d4c416bf5385,-68,-68
1500081906843,1,c196b85904c4,-68,-63
1500081906972,1,d4c416bf5385,-68,-66
1500081907010,1,c196b85904c4,-68,-64
1500081907136,1,d4c416bf5385,-68,-66
1500081911389,1,d4c416bf5385,-68,-62
1500081911492,1,c196b85904c4,-68,-66
1500081911548,1,d4c416bf5385,-68,-60
1500081911658,1,c196b85904c4,-68,-66
1500081911707,1,d4c416bf5385,-68,-62
1500081911818,1,c196b85904c4,-68,-65
1500081916366,1,d4c416bf5385,-68,-68
1500081916393,1,c196b85904c4,-68,-70
1500081916522,1,d4c416bf5385,-68,-68
1500081916552,1,c196b85904c4,-68,-67
1500081916675,1,d4c416bf5385,-68,-68
1500081916707,1,c196b85904c4,-68,-69
1500081916830,1,d4c416bf5385,-68,-68
1500081921366,1,c196b85904c4,-68,-70
1500081921497,1,d4c416bf5385,-68,-61
1500081921518,1,c196b85904c4,-68,-63
1500081921673,1,c196b85904c4,-68,-62
1500081921737,401,502,0.02
