1500129817417,1,d4c416bf5385,-68,-78
1500129817452,1,c196b85904c4,-68,-88
1500129817573,1,d4c416bf5385,-68,-80
1500129817886,1,d4c416bf5385,-68,-79
1500129819664,1,d4c416bf5385,-68,-79
1500129819742,1,fd7676b335a3,-68,-64
1500129819831,1,d4c416bf5385,-68,-78
1500129819906,1,fd7676b335a3,-68,-63
1500129824555,1,fd7676b335a3,-68,-73
1500129824644,1,d4c416bf5385,-68,-85
1500129824675,1,c196b85904c4,-68,-93
1500129824716,1,fd7676b335a3,-68,-73
1500129824809,1,d4c416bf5385,-68,-88
1500129824840,1,c196b85904c4,-68,-95
1500129824881,1,fd7676b335a3,-68,-73
1500129825009,1,c196b85904c4,-68,-95
1500129825047,1,fd7676b335a3,-68,-73
1500129829585,1,d4c416bf5385,-68,-76
1500129829661,1,c196b85904c4,-68,-90
1500129829820,1,c196b85904c4,-68,-92
1500129829905,1,d4c416bf5385,-68,-76
1500129829984,1,c196b85904c4,-68,-90
1500129832400,401,502,0.99
1500129937563,1,d4c416bf5385,-68,-78
1500129937882,1,d4c416bf5385,-68,-77
1500129937976,1,c196b85904c4,-68,-97
1500129938035,1,d4c416bf5385,-68,-77
1500129939646,1,d4c416bf5385,-68,-80
1500129939807,1,d4c416bf5385,-68,-79
1500129939966,1,d4c416bf5385,-68,-78
1500129944589,1,d4c416bf5385,-68,-81
1500129944657,1,c196b85904c4,-68,-95
1500129944752,1,d4c416bf5385,-68,-81
1500129944824,1,c196b85904c4,-68,-96
1500129944913,1,d4c416bf5385,-68,-81
1500129944986,1,c196b85904c4,-68,-98
1500129945065,1,d4c416bf5385,-68,-82
1500129949606,1,c196b85904c4,-68,-95
1500129949665,1,d4c416bf5385,-68,-76
1500129949682,1,fd7676b335a3,-68,-63
1500129949826,1,d4c416bf5385,-68,-77
1500129949846,1,fd7676b335a3,-68,-62
1500129949986,1,d4c416bf5385,-68,-76
1500129950015,1,fd7676b335a3,-68,-63
1500129950089,1,c196b85904c4,-68,-94
1500129952549,401,502,0.99
1500130057696,1,d4c416bf5385,-68,-79
1500130057793,1,c196b85904c4,-68,-92
1500130057852,1,d4c416bf5385,-68,-77
1500130057951,1,c196b85904c4,-68,-92
1500130058118,1,c196b85904c4,-68,-91
1500130058166,1,d4c416bf5385,-68,-78
1500130059609,1,d4c416bf5385,-68,-78
1500130059766,1,d4c416bf5385,-68,-78
1500130059923,1,d4c416bf5385,-68,-76
1500130060080,1,d4c416bf5385,-68,-78
1500130064566,1,d4c416bf5385,-68,-82
1500130064591,1,fd7676b335a3,-68,-71
1500130064632,1,c196b85904c4,-68,-95
1500130064721,1,d4c416bf5385,-68,-81
1500130064758,1,fd7676b335a3,-68,-72
1500130064787,1,c196b85904c4,-68,-95
1500130064883,1,d4c416bf5385,-68,-81
1500130064919,1,fd7676b335a3,-68,-72
1500130065036,1,d4c416bf5385,-68,-81
1500130065075,1,fd7676b335a3,-68,-69
1500130069644,1,d4c416bf5385,-68,-74
1500130069678,1,fd7676b335a3,-68,-62
1500130069743,1,c196b85904c4,-68,-91
1500130069802,1,d4c416bf5385,-68,-77
1500130069845,1,fd7676b335a3,-68,-62
1500130069967,1,d4c416bf5385,-68,-77
1500130069996,1,fd7676b335a3,-68,-62
1500130070059,1,c196b85904c4,-68,-91
1500130072710,401,502,0.98
1500130177939,1,d4c416bf5385,-68,-77
1500130177979,1,c196b85904c4,-68,-92
1500130178100,1,d4c416bf5385,-68,-78
1500130178144,1,c196b85904c4,-68,-94
1500130178250,1,fd7676b335a3,-68,-63
1500130178268,1,d4c416bf5385,-68,-78
1500130179693,1,d4c416bf5385,-68,-79
1500130179850,1,d4c416bf5385,-68,-77
1500130179909,1,c196b85904c4,-68,-93
1500130180011,1,d4c416bf5385,-68,-76
1500130184554,1,c196b85904c4,-68,-97
1500130184635,1,d4c416bf5385,-68,-81
1500130184640,1,fd7676b335a3,-68,-68
1500130184798,1,d4c416bf5385,-68,-82
1500130184799,1,fd7676b335a3,-68,-71
1500130184871,1,c196b85904c4,-68,-98
1500130184955,1,d4c416bf5385,-68,-82
1500130184961,1,fd7676b335a3,-68,-71
1500130185029,1,c196b85904c4,-68,-96
1500130185114,1,fd7676b335a3,-68,-72
1500130189563,1,fd7676b335a3,-68,-63
1500130189586,1,d4c416bf5385,-68,-78
1500130189658,1,c196b85904c4,-68,-92
1500130189723,1,fd7676b335a3,-68,-62
1500130189746,1,d4c416bf5385,-68,-74
1500130189814,1,c196b85904c4,-68,-91
1500130189877,1,fd7676b335a3,-68,-62
1500130189898,1,d4c416bf5385,-68,-79
1500130189975,1,c196b85904c4,-68,-92
1500130190029,1,fd7676b335a3,-68,-63
1500130190059,1,d4c416bf5385,-68,-74
1500130192879,401,502,0.98
1500130298092,1,c196b85904c4,-68,-89
1500130298194,1,d4c416bf5385,-68,-78
1500130298247,1,c196b85904c4,-68,-91
1500130298322,1,fd7676b335a3,-68,-62
1500130298352,1,d4c416bf5385,-68,-78
1500130298401,1,c196b85904c4,-68,-92
1500130298511,1,d4c416bf5385,-68,-77
1500130299617,1,d4c416bf5385,-68,-79
1500130299779,1,d4c416bf5385,-68,-76
1500130299940,1,d4c416bf5385,-68,-78
1500130300007,1,c196b85904c4,-68,-94
1500130304554,1,fd7676b335a3,-68,-70
1500130304629,1,d4c416bf5385,-68,-82
1500130304720,1,fd7676b335a3,-68,-70
1500130304784,1,d4c416bf5385,-68,-82
1500130304797,1,c196b85904c4,-68,-99
1500130304873,1,fd7676b335a3,-68,-71
1500130304937,1,d4c416bf5385,-68,-82
1500130304958,1,c196b85904c4,-68,-96
1500130309591,1,d4c416bf5385,-68,-78
1500130309757,1,d4c416bf5385,-68,-78
1500130309806,1,c196b85904c4,-68,-91
1500130309842,1,fd7676b335a3,-68,-63
1500130309919,1,d4c416bf5385,-68,-78
1500130309962,1,c196b85904c4,-68,-93
1500130309997,1,fd7676b335a3,-68,-61
1500130313069,401,502,0.98
1500130418276,1,d4c416bf5385,-68,-74
1500130418434,1,d4c416bf5385,-68,-75
1500130418495,1,c196b85904c4,-68,-96
1500130418585,1,d4c416bf5385,-68,-74
1500130418658,1,c196b85904c4,-68,-94
1500130419553,1,fd7676b335a3,-68,-65
1500130419712,1,fd7676b335a3,-68,-65
1500130419720,1,d4c416bf5385,-68,-85
1500130419778,1,c196b85904c4,-68,-94
1500130419877,1,fd7676b335a3,-68,-65
1500130420043,1,fd7676b335a3,-68,-65
1500130420044,1,d4c416bf5385,-68,-82
1500130424575,1,c196b85904c4,-68,-89
1500130424657,1,d4c416bf5385,-68,-86
1500130424676,1,fd7676b335a3,-68,-72
1500130424743,1,c196b85904c4,-68,-92
1500130424810,1,d4c416bf5385,-68,-86
1500130424837,1,fd7676b335a3,-68,-72
1500130424900,1,c196b85904c4,-68,-91
1500130424968,1,d4c416bf5385,-68,-87
1500130424990,1,fd7676b335a3,-68,-71
1500130425069,1,c196b85904c4,-68,-92
1500130429635,1,fd7676b335a3,-68,-63
1500130429676,1,c196b85904c4,-68,-93
1500130429736,1,d4c416bf5385,-68,-75
1500130429798,1,fd7676b335a3,-68,-62
1500130429837,1,c196b85904c4,-68,-91
1500130429900,1,d4c416bf5385,-68,-75
1500130429960,1,fd7676b335a3,-68,-63
1500130429990,1,c196b85904c4,-68,-92
1500130430063,1,d4c416bf5385,-68,-75
1500130433229,401,502,0.98
1500130538409,1,d4c416bf5385,-68,-72
1500130538423,1,c196b85904c4,-68,-90
1500130538576,1,d4c416bf5385,-68,-72
1500130538579,1,c196b85904c4,-68,-88
1500130538738,1,d4c416bf5385,-68,-72
1500130538747,1,c196b85904c4,-68,-87
1500130538900,1,d4c416bf5385,-68,-72
1500130538903,1,c196b85904c4,-68,-90
1500130539544,1,d4c416bf5385,-68,-82
1500130539552,1,c196b85904c4,-68,-95
1500130539700,1,d4c416bf5385,-68,-80
1500130539709,1,c196b85904c4,-68,-96
1500130539781,1,fd7676b335a3,-68,-65
1500130539867,1,d4c416bf5385,-68,-80
1500130539945,1,fd7676b335a3,-68,-63
1500130540023,1,d4c416bf5385,-68,-82
1500130544562,1,c196b85904c4,-68,-92
1500130544570,1,fd7676b335a3,-68,-70
1500130544654,1,d4c416bf5385,-68,-81
1500130544725,1,fd7676b335a3,-68,-70
1500130544725,1,c196b85904c4,-68,-91
1500130544811,1,d4c416bf5385,-68,-81
1500130544878,1,fd7676b335a3,-68,-70
1500130544882,1,c196b85904c4,-68,-94
1500130544971,1,d4c416bf5385,-68,-82
1500130545040,1,fd7676b335a3,-68,-70
1500130545048,1,c196b85904c4,-68,-92
1500130549557,1,d4c416bf5385,-68,-72
1500130549677,1,fd7676b335a3,-68,-63
1500130549716,1,d4c416bf5385,-68,-72
1500130549830,1,fd7676b335a3,-68,-62
1500130549834,1,c196b85904c4,-68,-91
1500130549871,1,d4c416bf5385,-68,-73
1500130549991,1,fd7676b335a3,-68,-62
1500130549991,1,c196b85904c4,-68,-93
1500130550025,1,d4c416bf5385,-68,-72
1500130553399,401,502,0.97
1500130658596,1,d4c416bf5385,-68,-73
1500130658635,1,c196b85904c4,-68,-88
1500130658755,1,d4c416bf5385,-68,-73
1500130658798,1,c196b85904c4,-68,-90
1500130658956,1,c196b85904c4,-68,-89
1500130659063,1,d4c416bf5385,-68,-74
1500130659773,1,c196b85904c4,-68,-91
1500130660021,1,d4c416bf5385,-68,-85
1500130664561,1,c196b85904c4,-68,-94
1500130664577,1,fd7676b335a3,-68,-70
1500130664669,1,d4c416bf5385,-68,-82
1500130664733,1,fd7676b335a3,-68,-70
1500130664827,1,d4c416bf5385,-68,-82
1500130664899,1,fd7676b335a3,-68,-70
1500130664988,1,d4c416bf5385,-68,-82
1500130669588,1,fd7676b335a3,-68,-62
1500130669643,1,d4c416bf5385,-68,-73
1500130669747,1,fd7676b335a3,-68,-62
1500130669804,1,d4c416bf5385,-68,-73
1500130669849,1,c196b85904c4,-68,-90
1500130669908,1,fd7676b335a3,-68,-63
1500130669959,1,d4c416bf5385,-68,-73
1500130670008,1,c196b85904c4,-68,-89
1500130673584,401,502,0.97
1500130778756,1,c196b85904c4,-68,-90
1500130778859,1,d4c416bf5385,-68,-73
1500130778911,1,c196b85904c4,-68,-90
1500130779075,1,c196b85904c4,-68,-90
1500130779182,1,d4c416bf5385,-68,-72
1500130779233,1,c196b85904c4,-68,-92
1500130779677,1,d4c416bf5385,-68,-83
1500130779831,1,d4c416bf5385,-68,-79
1500130779996,1,d4c416bf5385,-68,-83
1500130784589,1,fd7676b335a3,-68,-70
1500130784603,1,d4c416bf5385,-68,-81
1500130784770,1,d4c416bf5385,-68,-80
1500130784898,1,fd7676b335a3,-68,-71
1500130784926,1,d4c416bf5385,-68,-80
1500130785055,1,fd7676b335a3,-68,-71
1500130789540,1,fd7676b335a3,-68,-63
1500130789571,1,d4c416bf5385,-68,-74
1500130789631,1,c196b85904c4,-68,-88
1500130789726,1,d4c416bf5385,-68,-74
1500130789785,1,c196b85904c4,-68,-89
1500130789867,1,fd7676b335a3,-68,-62
1500130789881,1,d4c416bf5385,-68,-74
1500130789952,1,c196b85904c4,-68,-88
1500130790022,1,fd7676b335a3,-68,-63
1500130790035,1,d4c416bf5385,-68,-72
1500130793755,401,502,0.97
1500130898967,1,d4c416bf5385,-68,-74
1500130899054,1,c196b85904c4,-68,-94
1500130899124,1,d4c416bf5385,-68,-74
1500130899216,1,c196b85904c4,-68,-93
1500130899289,1,d4c416bf5385,-68,-75
1500130899295,1,fd7676b335a3,-68,-62
1500130899370,1,c196b85904c4,-68,-93
1500130899606,1,d4c416bf5385,-68,-76
1500130899968,1,d4c416bf5385,-68,-77
1500130904540,1,d4c416bf5385,-68,-85
1500130904603,1,fd7676b335a3,-68,-71
1500130904706,1,d4c416bf5385,-68,-86
1500130904755,1,fd7676b335a3,-68,-70
1500130904870,1,d4c416bf5385,-68,-85
1500130904911,1,fd7676b335a3,-68,-70
1500130905033,1,d4c416bf5385,-68,-87
1500130909646,1,d4c416bf5385,-68,-75
1500130909680,1,fd7676b335a3,-68,-62
1500130909722,1,c196b85904c4,-68,-90
1500130909805,1,d4c416bf5385,-68,-74
1500130909831,1,fd7676b335a3,-68,-62
1500130909889,1,c196b85904c4,-68,-88
1500130909970,1,d4c416bf5385,-68,-74
1500130909997,1,fd7676b335a3,-68,-62
1500130910053,1,c196b85904c4,-68,-92
1500130913924,401,502,0.97
1500131019124,1,c196b85904c4,-68,-90
1500131019166,1,d4c416bf5385,-68,-73
1500131019261,1,fd7676b335a3,-68,-61
1500131019276,1,c196b85904c4,-68,-91
1500131019329,1,d4c416bf5385,-68,-75
1500131019430,1,c196b85904c4,-68,-92
1500131019485,1,d4c416bf5385,-68,-74
1500131019811,1,d4c416bf5385,-68,-80
1500131019970,1,d4c416bf5385,-68,-77
1500131024596,1,fd7676b335a3,-68,-71
1500131024628,1,d4c416bf5385,-68,-86
1500131024670,1,c196b85904c4,-68,-98
1500131024837,1,c196b85904c4,-68,-98
1500131024909,1,fd7676b335a3,-68,-70
1500131024951,1,d4c416bf5385,-68,-86
1500131024996,1,c196b85904c4,-68,-97
1500131025075,1,fd7676b335a3,-68,-70
1500131029555,1,fd7676b335a3,-68,-61
1500131029637,1,d4c416bf5385,-68,-74
1500131029644,1,c196b85904c4,-68,-89
1500131029720,1,fd7676b335a3,-68,-62
1500131029801,1,d4c416bf5385,-68,-73
1500131029811,1,c196b85904c4,-68,-88
1500131029961,1,d4c416bf5385,-68,-74
1500131029967,1,c196b85904c4,-68,-91
1500131030037,1,fd7676b335a3,-68,-62
1500131034059,401,502,0.96
1500131139237,1,d4c416bf5385,-68,-75
1500131139400,1,d4c416bf5385,-68,-74
1500131139556,1,d4c416bf5385,-68,-81
1500131139718,1,d4c416bf5385,-68,-79
1500131140037,1,d4c416bf5385,-68,-79
1500131144678,1,d4c416bf5385,-68,-86
1500131144836,1,d4c416bf5385,-68,-87
1500131145002,1,d4c416bf5385,-68,-83
1500131149535,1,c196b85904c4,-68,-94
1500131149659,1,fd7676b335a3,-68,-63
1500131149659,1,d4c416bf5385,-68,-74
1500131149816,1,d4c416bf5385,-68,-72
1500131149819,1,fd7676b335a3,-68,-61
1500131149969,1,d4c416bf5385,-68,-73
1500131149981,1,fd7676b335a3,-68,-62
1500131154229,401,502,0.96
1500131259434,1,c196b85904c4,-68,-92
1500131259482,1,d4c416bf5385,-68,-73
1500131264635,1,d4c416bf5385,-68,-82
1500131264669,1,c196b85904c4,-68,-93
1500131264791,1,d4c416bf5385,-68,-88
1500131269559,1,fd7676b335a3,-68,-61
1500131269596,1,d4c416bf5385,-68,-75
1500131269660,1,c196b85904c4,-68,-90
1500131269724,1,fd7676b335a3,-68,-61
1500131269755,1,d4c416bf5385,-68,-75
1500131269821,1,c196b85904c4,-68,-91
1500131269878,1,fd7676b335a3,-68,-62
1500131269920,1,d4c416bf5385,-68,-75
1500131269977,1,c196b85904c4,-68,-90
1500131270040,1,fd7676b335a3,-68,-61
1500131274399,401,502,0.96
1500131379534,1,d4c416bf5385,-68,-75
1500131379629,1,d4c416bf5385,-68,-75
1500131379786,1,d4c416bf5385,-68,-75
1500131379875,1,c196b85904c4,-68,-93
1500131379939,1,d4c416bf5385,-68,-74
1500131380035,1,c196b85904c4,-68,-93
1500131384610,1,d4c416bf5385,-68,-80
1500131384931,1,d4c416bf5385,-68,-79
1500131389684,1,fd7676b335a3,-68,-71
1500131389711,1,d4c416bf5385,-68,-81
1500131389798,1,c196b85904c4,-68,-96
1500131389840,1,fd7676b335a3,-68,-71
1500131389874,1,d4c416bf5385,-68,-83
1500131390005,1,fd7676b335a3,-68,-68
1500131390029,1,d4c416bf5385,-68,-82
1500131394564,401,502,0.96
1500131499803,1,c196b85904c4,-68,-95
1500131499879,1,d4c416bf5385,-68,-75
1500131499960,1,c196b85904c4,-68,-93
1500131500032,1,d4c416bf5385,-68,-75
1500131500192,1,d4c416bf5385,-68,-76
1500131504530,1,d4c416bf5385,-68,-79
1500131504693,1,d4c416bf5385,-68,-77
1500131504847,1,d4c416bf5385,-68,-80
1500131505001,1,d4c416bf5385,-68,-79
1500131509587,1,d4c416bf5385,-68,-83
1500131509751,1,d4c416bf5385,-68,-84
1500131509827,1,fd7676b335a3,-68,-69
1500131509909,1,d4c416bf5385,-68,-83
1500131509985,1,fd7676b335a3,-68,-70
1500131510076,1,d4c416bf5385,-68,-80
1500131514547,1,d4c416bf5385,-68,-75
1500131514640,1,fd7676b335a3,-68,-60
1500131514730,401,502,0.95
1500131619891,1,d4c416bf5385,-68,-74
1500131620053,1,d4c416bf5385,-68,-74
1500131620219,1,d4c416bf5385,-68,-74
1500131620387,1,d4c416bf5385,-68,-75
1500131624604,1,c196b85904c4,-68,-90
1500131629655,1,d4c416bf5385,-68,-77
1500131629815,1,d4c416bf5385,-68,-83
1500131629983,1,d4c416bf5385,-68,-81
1500131634527,1,fd7676b335a3,-68,-61
1500131634611,1,d4c416bf5385,-68,-75
1500131634686,1,c196b85904c4,-68,-96
1500131634773,1,d4c416bf5385,-68,-75
1500131634847,1,fd7676b335a3,-68,-61
1500131634904,401,502,0.95
1500131740044,1,c196b85904c4,-68,-88
1500131740133,1,c196b85904c4,-68,-88
1500131740202,1,d4c416bf5385,-68,-75
1500131740363,1,d4c416bf5385,-68,-74
1500131740447,1,c196b85904c4,-68,-85
1500131740522,1,d4c416bf5385,-68,-76
1500131744535,1,fd7676b335a3,-68,-64
1500131744673,1,d4c416bf5385,-68,-78
1500131744691,1,fd7676b335a3,-68,-64
1500131744857,1,fd7676b335a3,-68,-64
1500131744985,1,d4c416bf5385,-68,-78
1500131745012,1,fd7676b335a3,-68,-64
1500131749550,1,c196b85904c4,-68,-93
1500131749595,1,d4c416bf5385,-68,-82
1500131749669,1,fd7676b335a3,-68,-70
1500131749709,1,c196b85904c4,-68,-93
1500131749753,1,d4c416bf5385,-68,-88
1500131749821,1,fd7676b335a3,-68,-70
1500131749861,1,c196b85904c4,-68,-96
1500131749906,1,d4c416bf5385,-68,-90
1500131749977,1,fd7676b335a3,-68,-70
1500131754565,1,d4c416bf5385,-68,-76
1500131754596,1,fd7676b335a3,-68,-60
1500131754628,1,c196b85904c4,-68,-84
1500131754732,1,d4c416bf5385,-68,-76
1500131754755,1,fd7676b335a3,-68,-59
1500131754783,1,c196b85904c4,-68,-86
1500131754895,1,d4c416bf5385,-68,-81
1500131754919,1,fd7676b335a3,-68,-58
1500131754941,1,c196b85904c4,-68,-87
1500131755075,401,502,0.95
1500131860289,1,c196b85904c4,-68,-88
1500131860323,1,d4c416bf5385,-68,-78
1500131860444,1,c196b85904c4,-68,-88
1500131860478,1,d4c416bf5385,-68,-80
1500131860637,1,d4c416bf5385,-68,-79
1500131864657,1,d4c416bf5385,-68,-76
1500131864816,1,d4c416bf5385,-68,-81
1500131864969,1,d4c416bf5385,-68,-80
1500131869573,1,d4c416bf5385,-68,-93
1500131869730,1,d4c416bf5385,-68,-88
1500131869884,1,d4c416bf5385,-68,-90
1500131870042,1,d4c416bf5385,-68,-89
1500131874543,1,d4c416bf5385,-68,-79
1500131874547,1,fd7676b335a3,-68,-59
1500131874607,1,c196b85904c4,-68,-92
1500131874706,1,fd7676b335a3,-68,-59
1500131874762,1,c196b85904c4,-68,-90
1500131874863,1,fd7676b335a3,-68,-59
1500131875019,1,fd7676b335a3,-68,-60
1500131875028,1,d4c416bf5385,-68,-79
1500131875238,401,502,0.95
1500131980407,1,d4c416bf5385,-68,-75
1500131980567,1,d4c416bf5385,-68,-74
1500131980728,1,d4c416bf5385,-68,-75
1500131980883,1,d4c416bf5385,-68,-75
1500131984559,1,fd7676b335a3,-68,-69
1500131984560,1,d4c416bf5385,-68,-84
1500131984871,1,fd7676b335a3,-68,-69
1500131984881,1,d4c416bf5385,-68,-85
1500131989597,1,c196b85904c4,-68,-96
1500131989657,1,fd7676b335a3,-68,-74
1500131989677,1,d4c416bf5385,-68,-86
1500131989821,1,fd7676b335a3,-68,-74
1500131989836,1,d4c416bf5385,-68,-96
1500131989910,1,c196b85904c4,-68,-101
1500131989976,1,fd7676b335a3,-68,-71
1500131989992,1,d4c416bf5385,-68,-94
1500131994548,1,c196b85904c4,-68,-88
1500131994568,1,fd7676b335a3,-68,-64
1500131994613,1,d4c416bf5385,-68,-73
1500131994700,1,c196b85904c4,-68,-91
1500131994725,1,fd7676b335a3,-68,-66
1500131994778,1,d4c416bf5385,-68,-74
1500131994867,1,c196b85904c4,-68,-90
1500131994889,1,fd7676b335a3,-68,-64
1500131994936,1,d4c416bf5385,-68,-74
1500131995026,1,c196b85904c4,-68,-92
1500131995048,1,fd7676b335a3,-68,-64
1500131995404,401,502,0.94
1500132100659,1,d4c416bf5385,-68,-74
1500132100825,1,d4c416bf5385,-68,-73
1500132100991,1,d4c416bf5385,-68,-73
1500132104705,1,d4c416bf5385,-68,-86
1500132104889,1,c196b85904c4,-68,-85
1500132109667,1,d4c416bf5385,-68,-85
1500132109830,1,d4c416bf5385,-68,-86
1500132109994,1,d4c416bf5385,-68,-85
1500132114538,1,c196b85904c4,-68,-89
1500132114644,1,d4c416bf5385,-68,-76
1500132114696,1,c196b85904c4,-68,-88
1500132114809,1,d4c416bf5385,-68,-76
1500132114857,1,c196b85904c4,-68,-89
1500132114971,1,d4c416bf5385,-68,-77
1500132115023,1,c196b85904c4,-68,-88
1500132115581,401,502,0.94
1500132220764,1,d4c416bf5385,-68,-74
1500132220835,1,c196b85904c4,-68,-85
1500132220927,1,d4c416bf5385,-68,-75
1500132220995,1,c196b85904c4,-68,-87
1500132221083,1,d4c416bf5385,-68,-75
1500132221153,1,c196b85904c4,-68,-85
1500132221245,1,d4c416bf5385,-68,-75
1500132229610,1,c196b85904c4,-68,-95
1500132229655,1,d4c416bf5385,-68,-90
1500132229778,1,c196b85904c4,-68,-92
1500132229812,1,d4c416bf5385,-68,-90
1500132229930,1,c196b85904c4,-68,-93
1500132234536,1,c196b85904c4,-68,-88
1500132234617,1,d4c416bf5385,-68,-75
1500132234693,1,c196b85904c4,-68,-88
1500132234770,1,d4c416bf5385,-68,-76
1500132234846,1,c196b85904c4,-68,-88
1500132234930,1,d4c416bf5385,-68,-75
1500132235003,1,c196b85904c4,-68,-87
1500132235754,401,502,0.94
1500132340915,1,c196b85904c4,-68,-90
1500132341064,1,d4c416bf5385,-68,-81
1500132341081,1,c196b85904c4,-68,-89
1500132341230,1,d4c416bf5385,-68,-80
1500132341245,1,c196b85904c4,-68,-91
1500132341333,1,fd7676b335a3,-68,-64
1500132341391,1,d4c416bf5385,-68,-81
1500132341409,1,c196b85904c4,-68,-90
1500132344559,1,d4c416bf5385,-68,-82
1500132344652,1,c196b85904c4,-68,-80
1500132344725,1,d4c416bf5385,-68,-82
1500132344810,1,c196b85904c4,-68,-81
1500132344887,1,d4c416bf5385,-68,-83
1500132349629,1,d4c416bf5385,-68,-84
1500132349786,1,d4c416bf5385,-68,-85
1500132349950,1,d4c416bf5385,-68,-85
1500132354537,1,fd7676b335a3,-68,-66
1500132354598,1,d4c416bf5385,-68,-78
1500132354694,1,fd7676b335a3,-68,-64
1500132354758,1,d4c416bf5385,-68,-79
1500132354820,1,c196b85904c4,-68,-92
1500132354857,1,fd7676b335a3,-68,-64
1500132354924,1,d4c416bf5385,-68,-79
1500132354979,1,c196b85904c4,-68,-90
1500132355024,1,fd7676b335a3,-68,-64
1500132355929,401,502,0.94
1500132461147,1,c196b85904c4,-68,-77
1500132461197,1,d4c416bf5385,-68,-80
1500132461300,1,c196b85904c4,-68,-77
1500132461349,1,d4c416bf5385,-68,-80
1500132461466,1,c196b85904c4,-68,-77
1500132461515,1,d4c416bf5385,-68,-79
1500132464554,1,fd7676b335a3,-68,-75
1500132464721,1,fd7676b335a3,-68,-75
1500132464883,1,fd7676b335a3,-68,-75
1500132464910,1,d4c416bf5385,-68,-92
1500132464974,1,c196b85904c4,-68,-85
1500132465038,1,fd7676b335a3,-68,-75
1500132469526,1,fd7676b335a3,-68,-76
1500132469559,1,d4c416bf5385,-68,-89
1500132469616,1,c196b85904c4,-68,-93
1500132469688,1,fd7676b335a3,-68,-78
1500132469719,1,d4c416bf5385,-68,-90
1500132469779,1,c196b85904c4,-68,-93
1500132469842,1,fd7676b335a3,-68,-74
1500132469885,1,d4c416bf5385,-68,-95
1500132470007,1,fd7676b335a3,-68,-76
1500132470043,1,d4c416bf5385,-68,-96
1500132474592,1,c196b85904c4,-68,-75
1500132474655,1,fd7676b335a3,-68,-68
1500132474665,1,d4c416bf5385,-68,-77
1500132474752,1,c196b85904c4,-68,-77
1500132474809,1,fd7676b335a3,-68,-67
1500132474820,1,d4c416bf5385,-68,-76
1500132474912,1,c196b85904c4,-68,-76
1500132476109,401,502,0.93
