1500080836372,1,c196b85904c4,-68,-63
1500080836498,1,d4c416bf5385,-68,-68
1500080836529,1,c196b85904c4,-68,-64
1500080836652,1,d4c416bf5385,-68,-68
1500080836690,1,c196b85904c4,-68,-64
1500080836812,1,d4c416bf5385,-68,-68
1500080836858,1,c196b85904c4,-68,-64
1500080840188,401,502,0.04
1500080945358,1,c196b85904c4,-68,-64
1500080945476,1,d4c416bf5385,-68,-61
1500080945520,1,c196b85904c4,-68,-66
1500080945629,1,d4c416bf5385,-68,-57
1500080945687,1,c196b85904c4,-68,-75
1500080945788,1,d4c416bf5385,-68,-59
1500080946442,1,d4c416bf5385,-68,-63
1500080946498,1,c196b85904c4,-68,-77
1500080946606,1,d4c416bf5385,-68,-60
1500080951354,1,d4c416bf5385,-68,-76
1500080951445,1,c196b85904c4,-68,-70
1500080951510,1,d4c416bf5385,-68,-73
1500080951607,1,c196b85904c4,-68,-72
1500080951668,1,d4c416bf5385,-68,-75
1500080951771,1,c196b85904c4,-68,-72
1500080951832,1,d4c416bf5385,-68,-75
