1500132581254,1,d4c416bf5385,-68,-71
1500132581349,1,d4c416bf5385,-68,-71
1500132581415,1,c196b85904c4,-68,-85
1500132581504,1,d4c416bf5385,-68,-69
1500132581583,1,c196b85904c4,-68,-85
1500132581659,1,d4c416bf5385,-68,-70
1500132581740,1,c196b85904c4,-68,-85
1500132584534,1,d4c416bf5385,-68,-72
1500132584689,1,fd7676b335a3,-68,-68
1500132584689,1,d4c416bf5385,-68,-73
1500132584771,1,c196b85904c4,-68,-84
1500132584841,1,d4c416bf5385,-68,-73
1500132584850,1,fd7676b335a3,-68,-67
1500132585010,1,d4c416bf5385,-68,-73
1500132585011,1,fd7676b335a3,-68,-67
1500132589570,1,c196b85904c4,-68,-95
1500132589586,1,fd7676b335a3,-68,-72
1500132589648,1,d4c416bf5385,-68,-87
1500132589727,1,c196b85904c4,-68,-96
1500132589746,1,fd7676b335a3,-68,-70
1500132589815,1,d4c416bf5385,-68,-86
1500132589883,1,c196b85904c4,-68,-100
1500132589900,1,fd7676b335a3,-68,-72
1500132589974,1,d4c416bf5385,-68,-88
1500132594531,1,c196b85904c4,-68,-87
1500132594631,1,d4c416bf5385,-68,-71
1500132594690,1,c196b85904c4,-68,-87
1500132594793,1,d4c416bf5385,-68,-69
1500132594841,1,c196b85904c4,-68,-87
1500132594954,1,d4c416bf5385,-68,-71
1500132595008,1,c196b85904c4,-68,-87
1500132596285,401,502,0.93
