1500137612649,1,c196b85904c4,-68,-90
1500137612666,1,d4c416bf5385,-68,-80
1500137612801,1,c196b85904c4,-68,-90
1500137612818,1,d4c416bf5385,-68,-78
1500137612963,1,c196b85904c4,-68,-87
1500137612981,1,d4c416bf5385,-68,-79
1500137615504,1,c196b85904c4,-68,-82
1500137615663,1,c196b85904c4,-68,-80
1500137615828,1,c196b85904c4,-68,-81
1500137615860,1,d4c416bf5385,-68,-93
1500137620434,1,c196b85904c4,-68,-89
1500137620475,1,d4c416bf5385,-68,-83
1500137620597,1,c196b85904c4,-68,-88
1500137620633,1,d4c416bf5385,-68,-82
1500137620763,1,c196b85904c4,-68,-89
1500137620799,1,d4c416bf5385,-68,-83
1500137625425,1,d4c416bf5385,-68,-80
1500137625551,1,c196b85904c4,-68,-89
1500137625582,1,d4c416bf5385,-68,-79
1500137625704,1,c196b85904c4,-68,-91
1500137625748,1,d4c416bf5385,-68,-80
1500137625862,1,c196b85904c4,-68,-88
1500137625916,1,d4c416bf5385,-68,-80
1500137627538,401,502,0.9
1500137732827,1,c196b85904c4,-68,-90
1500137732875,1,d4c416bf5385,-68,-78
1500137732987,1,c196b85904c4,-68,-91
1500137733036,1,d4c416bf5385,-68,-78
1500137733142,1,c196b85904c4,-68,-89
1500137733199,1,d4c416bf5385,-68,-76
1500137735549,1,c196b85904c4,-68,-81
1500137735612,1,d4c416bf5385,-68,-86
1500137735710,1,c196b85904c4,-68,-82
1500137735779,1,d4c416bf5385,-68,-90
1500137735870,1,c196b85904c4,-68,-81
1500137735942,1,d4c416bf5385,-68,-88
1500137740467,1,d4c416bf5385,-68,-82
1500137740520,1,c196b85904c4,-68,-90
1500137740629,1,d4c416bf5385,-68,-80
1500137740688,1,c196b85904c4,-68,-89
1500137740791,1,d4c416bf5385,-68,-82
1500137740842,1,c196b85904c4,-68,-88
1500137745565,1,d4c416bf5385,-68,-79
1500137745696,1,c196b85904c4,-68,-91
1500137745723,1,d4c416bf5385,-68,-79
1500137745859,1,c196b85904c4,-68,-92
1500137745890,1,d4c416bf5385,-68,-74
1500137747718,401,502,0.89
1500137852901,1,c196b85904c4,-68,-89
1500137852960,1,d4c416bf5385,-68,-79
1500137853119,1,d4c416bf5385,-68,-80
1500137853224,1,c196b85904c4,-68,-84
1500137853273,1,d4c416bf5385,-68,-80
1500137853389,1,c196b85904c4,-68,-84
1500137855445,1,fd7676b335a3,-68,-61
1500137855461,1,c196b85904c4,-68,-84
1500137855664,1,d4c416bf5385,-68,-92
1500137855753,1,fd7676b335a3,-68,-61
1500137855778,1,c196b85904c4,-68,-81
1500137855908,1,fd7676b335a3,-68,-59
1500137855938,1,c196b85904c4,-68,-78
1500137860488,1,d4c416bf5385,-68,-82
1500137860524,1,fd7676b335a3,-68,-67
1500137860574,1,c196b85904c4,-68,-87
1500137860646,1,d4c416bf5385,-68,-81
1500137860687,1,fd7676b335a3,-68,-66
1500137860799,1,d4c416bf5385,-68,-81
1500137860852,1,fd7676b335a3,-68,-67
1500137860896,1,c196b85904c4,-68,-87
1500137860954,1,d4c416bf5385,-68,-81
1500137865423,1,d4c416bf5385,-68,-79
1500137865522,1,fd7676b335a3,-68,-59
1500137865555,1,c196b85904c4,-68,-86
1500137865584,1,d4c416bf5385,-68,-78
1500137865679,1,fd7676b335a3,-68,-57
1500137865718,1,c196b85904c4,-68,-86
1500137865752,1,d4c416bf5385,-68,-79
1500137865876,1,c196b85904c4,-68,-86
1500137865916,1,d4c416bf5385,-68,-80
1500137867880,401,502,0.89
1500144308070,1,c196b85904c4,-68,-85
1500144308206,1,d4c416bf5385,-68,-78
1500144308225,1,c196b85904c4,-68,-87
1500144308265,1,fd7676b335a3,-68,-55
1500144308363,1,d4c416bf5385,-68,-78
1500144308390,1,c196b85904c4,-68,-86
1500144310462,1,c196b85904c4,-68,-82
1500144310623,1,c196b85904c4,-68,-81
1500144310847,1,fd7676b335a3,-68,-57
1500144315386,1,c196b85904c4,-68,-85
1500144315430,1,d4c416bf5385,-68,-84
1500144315544,1,c196b85904c4,-68,-85
1500144315583,1,d4c416bf5385,-68,-84
1500144315746,1,d4c416bf5385,-68,-83
1500144315875,1,c196b85904c4,-68,-83
1500144320375,1,c196b85904c4,-68,-89
1500144320543,1,c196b85904c4,-68,-88
1500144320682,1,d4c416bf5385,-68,-77
1500144320702,1,c196b85904c4,-68,-88
1500144320855,1,c196b85904c4,-68,-91
1500144322998,401,502,0.88
