1500129827062,1,fd7676b335a3,-68,-59
1500129827171,1,d4c416bf5385,-68,-77
1500129827225,1,fd7676b335a3,-68,-59
1500129827336,1,d4c416bf5385,-68,-77
1500129827492,1,d4c416bf5385,-68,-77
1500129830361,1,d4c416bf5385,-68,-80
1500129830526,1,d4c416bf5385,-68,-81
1500129830689,1,d4c416bf5385,-68,-80
1500129830852,1,d4c416bf5385,-68,-81
1500129835375,1,c196b85904c4,-68,-93
1500129835497,1,d4c416bf5385,-68,-77
1500129835538,1,c196b85904c4,-68,-93
1500129835660,1,d4c416bf5385,-68,-81
1500129835703,1,c196b85904c4,-68,-92
1500129835822,1,d4c416bf5385,-68,-80
1500129835865,1,c196b85904c4,-68,-93
1500129840446,1,d4c416bf5385,-68,-78
1500129840506,1,c196b85904c4,-68,-94
1500129840600,1,d4c416bf5385,-68,-78
1500129840761,1,d4c416bf5385,-68,-78
1500129840835,1,c196b85904c4,-68,-96
1500129842056,401,502,0.99
1500129947429,1,d4c416bf5385,-68,-76
1500129947584,1,d4c416bf5385,-68,-77
1500129947740,1,d4c416bf5385,-68,-76
1500129950440,1,d4c416bf5385,-68,-84
1500129950466,1,fd7676b335a3,-68,-66
1500129950535,1,c196b85904c4,-68,-86
1500129950602,1,d4c416bf5385,-68,-79
1500129950633,1,fd7676b335a3,-68,-66
1500129950801,1,fd7676b335a3,-68,-65
1500129955404,1,fd7676b335a3,-68,-76
1500129955453,1,d4c416bf5385,-68,-79
1500129955459,1,c196b85904c4,-68,-94
1500129955569,1,fd7676b335a3,-68,-78
1500129955617,1,d4c416bf5385,-68,-79
1500129955618,1,c196b85904c4,-68,-93
1500129955727,1,fd7676b335a3,-68,-77
1500129955775,1,d4c416bf5385,-68,-80
1500129955780,1,c196b85904c4,-68,-94
1500129955886,1,fd7676b335a3,-68,-79
1500129960409,1,d4c416bf5385,-68,-76
1500129960577,1,d4c416bf5385,-68,-77
1500129960900,1,d4c416bf5385,-68,-77
1500129962338,401,502,0.99
1500130067659,1,fd7676b335a3,-68,-58
1500130067727,1,d4c416bf5385,-68,-79
1500130067746,1,fd7676b335a3,-68,-59
1500130067884,1,d4c416bf5385,-68,-78
1500130068052,1,d4c416bf5385,-68,-79
1500130068079,1,fd7676b335a3,-68,-56
1500130068209,1,d4c416bf5385,-68,-78
1500130070354,1,c196b85904c4,-68,-87
1500130070429,1,d4c416bf5385,-68,-79
1500130070509,1,c196b85904c4,-68,-87
1500130070665,1,c196b85904c4,-68,-88
1500130070757,1,d4c416bf5385,-68,-80
1500130070830,1,c196b85904c4,-68,-87
1500130070916,1,d4c416bf5385,-68,-79
1500130075424,1,d4c416bf5385,-68,-80
1500130075447,1,c196b85904c4,-68,-92
1500130075595,1,d4c416bf5385,-68,-80
1500130075607,1,c196b85904c4,-68,-91
1500130075767,1,c196b85904c4,-68,-93
1500130080358,1,d4c416bf5385,-68,-78
1500130080514,1,d4c416bf5385,-68,-79
1500130080674,1,d4c416bf5385,-68,-78
1500130080836,1,d4c416bf5385,-68,-78
1500130082694,401,502,0.98
1500130187962,1,fd7676b335a3,-68,-58
1500130187983,1,d4c416bf5385,-68,-78
1500130188116,1,fd7676b335a3,-68,-59
1500130188140,1,d4c416bf5385,-68,-78
1500130188273,1,fd7676b335a3,-68,-59
1500130188303,1,d4c416bf5385,-68,-78
1500130190365,1,d4c416bf5385,-68,-80
1500130190433,1,c196b85904c4,-68,-88
1500130190507,1,fd7676b335a3,-68,-66
1500130190520,1,d4c416bf5385,-68,-80
1500130190669,1,fd7676b335a3,-68,-67
1500130190829,1,fd7676b335a3,-68,-68
1500130190837,1,d4c416bf5385,-68,-79
1500130195380,1,c196b85904c4,-68,-94
1500130195549,1,c196b85904c4,-68,-94
1500130195637,1,d4c416bf5385,-68,-79
1500130195700,1,c196b85904c4,-68,-94
1500130195789,1,d4c416bf5385,-68,-78
1500130195861,1,c196b85904c4,-68,-92
1500130200401,1,d4c416bf5385,-68,-77
1500130200554,1,d4c416bf5385,-68,-76
1500130200720,1,d4c416bf5385,-68,-77
1500130202874,401,502,0.98
1500130308064,1,fd7676b335a3,-68,-57
1500130308136,1,d4c416bf5385,-68,-78
1500130308224,1,fd7676b335a3,-68,-59
1500130308292,1,d4c416bf5385,-68,-78
1500130308395,1,fd7676b335a3,-68,-59
1500130308450,1,d4c416bf5385,-68,-78
1500130310395,1,d4c416bf5385,-68,-80
1500130310437,1,c196b85904c4,-68,-88
1500130310452,1,fd7676b335a3,-68,-68
1500130310550,1,d4c416bf5385,-68,-78
1500130310614,1,fd7676b335a3,-68,-67
1500130310714,1,d4c416bf5385,-68,-79
1500130310756,1,c196b85904c4,-68,-87
1500130310775,1,fd7676b335a3,-68,-67
1500130315373,1,d4c416bf5385,-68,-80
1500130315408,1,c196b85904c4,-68,-93
1500130315464,1,fd7676b335a3,-68,-75
1500130315533,1,d4c416bf5385,-68,-79
1500130315575,1,c196b85904c4,-68,-93
1500130315619,1,fd7676b335a3,-68,-78
1500130315701,1,d4c416bf5385,-68,-81
1500130315730,1,c196b85904c4,-68,-91
1500130315773,1,fd7676b335a3,-68,-77
1500130315854,1,d4c416bf5385,-68,-80
1500130320470,1,d4c416bf5385,-68,-78
1500130320624,1,d4c416bf5385,-68,-78
1500130320786,1,d4c416bf5385,-68,-78
1500130323044,401,502,0.98
1500130428190,1,d4c416bf5385,-68,-78
1500130428291,1,d4c416bf5385,-68,-77
1500130428346,1,fd7676b335a3,-68,-59
1500130428448,1,d4c416bf5385,-68,-78
1500130428502,1,fd7676b335a3,-68,-60
1500130428658,1,fd7676b335a3,-68,-59
1500130430372,1,d4c416bf5385,-68,-81
1500130430408,1,fd7676b335a3,-68,-68
1500130430531,1,d4c416bf5385,-68,-82
1500130430575,1,fd7676b335a3,-68,-68
1500130430613,1,c196b85904c4,-68,-87
1500130430692,1,d4c416bf5385,-68,-82
1500130430728,1,fd7676b335a3,-68,-68
1500130430778,1,c196b85904c4,-68,-86
1500130430850,1,d4c416bf5385,-68,-83
1500130435478,1,d4c416bf5385,-68,-82
1500130435544,1,fd7676b335a3,-68,-76
1500130435630,1,d4c416bf5385,-68,-82
1500130435702,1,fd7676b335a3,-68,-77
1500130435711,1,c196b85904c4,-68,-95
1500130435789,1,d4c416bf5385,-68,-81
1500130435857,1,fd7676b335a3,-68,-75
1500130435876,1,c196b85904c4,-68,-95
1500130440390,1,d4c416bf5385,-68,-77
1500130440551,1,d4c416bf5385,-68,-77
1500130440713,1,d4c416bf5385,-68,-78
1500130440865,1,d4c416bf5385,-68,-77
1500130443224,401,502,0.98
1500130548389,1,fd7676b335a3,-68,-59
1500130548418,1,d4c416bf5385,-68,-78
1500130548574,1,d4c416bf5385,-68,-78
1500130548731,1,d4c416bf5385,-68,-76
1500130548862,1,fd7676b335a3,-68,-57
1500130550444,1,c196b85904c4,-68,-85
1500130550457,1,fd7676b335a3,-68,-67
1500130550487,1,d4c416bf5385,-68,-80
1500130550602,1,c196b85904c4,-68,-86
1500130550617,1,fd7676b335a3,-68,-68
1500130550646,1,d4c416bf5385,-68,-80
1500130550761,1,c196b85904c4,-68,-86
1500130550782,1,fd7676b335a3,-68,-68
1500130550811,1,d4c416bf5385,-68,-79
1500130555356,1,c196b85904c4,-68,-90
1500130555405,1,fd7676b335a3,-68,-76
1500130555514,1,c196b85904c4,-68,-91
1500130555570,1,fd7676b335a3,-68,-76
1500130555601,1,d4c416bf5385,-68,-80
1500130555671,1,c196b85904c4,-68,-89
1500130555731,1,fd7676b335a3,-68,-77
1500130555759,1,d4c416bf5385,-68,-80
1500130555827,1,c196b85904c4,-68,-89
1500130555884,1,fd7676b335a3,-68,-76
1500130560340,1,fd7676b335a3,-68,-58
1500130560369,1,d4c416bf5385,-68,-77
1500130560493,1,fd7676b335a3,-68,-59
1500130560532,1,d4c416bf5385,-68,-77
1500130560649,1,fd7676b335a3,-68,-59
1500130560699,1,d4c416bf5385,-68,-77
1500130563394,401,502,0.97
1500130668609,1,fd7676b335a3,-68,-59
1500130668666,1,d4c416bf5385,-68,-76
1500130668713,1,c196b85904c4,-68,-95
1500130668772,1,fd7676b335a3,-68,-60
1500130668830,1,d4c416bf5385,-68,-76
1500130668933,1,fd7676b335a3,-68,-60
1500130668988,1,d4c416bf5385,-68,-77
1500130670371,1,fd7676b335a3,-68,-68
1500130670539,1,fd7676b335a3,-68,-66
1500130670577,1,d4c416bf5385,-68,-80
1500130670634,1,c196b85904c4,-68,-86
1500130670706,1,fd7676b335a3,-68,-68
1500130670737,1,d4c416bf5385,-68,-81
1500130675363,1,d4c416bf5385,-68,-79
1500130675441,1,c196b85904c4,-68,-91
1500130675483,1,fd7676b335a3,-68,-77
1500130675522,1,d4c416bf5385,-68,-78
1500130675599,1,c196b85904c4,-68,-91
1500130675636,1,fd7676b335a3,-68,-77
1500130675686,1,d4c416bf5385,-68,-80
1500130675759,1,c196b85904c4,-68,-90
1500130675790,1,fd7676b335a3,-68,-77
1500130680465,1,d4c416bf5385,-68,-77
1500130680543,1,c196b85904c4,-68,-95
1500130680626,1,d4c416bf5385,-68,-77
1500130680703,1,c196b85904c4,-68,-96
1500130680793,1,d4c416bf5385,-68,-76
1500130683569,401,502,0.97
1500130788727,1,fd7676b335a3,-68,-60
1500130788761,1,d4c416bf5385,-68,-77
1500130788892,1,fd7676b335a3,-68,-59
1500130788920,1,d4c416bf5385,-68,-76
1500130789045,1,fd7676b335a3,-68,-60
1500130789078,1,d4c416bf5385,-68,-77
1500130789208,1,fd7676b335a3,-68,-60
1500130789232,1,d4c416bf5385,-68,-77
1500130790346,1,d4c416bf5385,-68,-81
1500130790350,1,fd7676b335a3,-68,-68
1500130790503,1,fd7676b335a3,-68,-68
1500130790506,1,d4c416bf5385,-68,-80
1500130790576,1,c196b85904c4,-68,-88
1500130790668,1,fd7676b335a3,-68,-68
1500130790823,1,fd7676b335a3,-68,-68
1500130795351,1,d4c416bf5385,-68,-80
1500130795367,1,c196b85904c4,-68,-92
1500130795449,1,fd7676b335a3,-68,-77
1500130795504,1,d4c416bf5385,-68,-80
1500130795530,1,c196b85904c4,-68,-92
1500130795604,1,fd7676b335a3,-68,-76
1500130795666,1,d4c416bf5385,-68,-79
1500130795690,1,c196b85904c4,-68,-92
1500130795766,1,fd7676b335a3,-68,-77
1500130795835,1,d4c416bf5385,-68,-81
1500130795852,1,c196b85904c4,-68,-90
1500130800368,1,fd7676b335a3,-68,-59
1500130800485,1,d4c416bf5385,-68,-77
1500130800529,1,fd7676b335a3,-68,-59
1500130800645,1,d4c416bf5385,-68,-78
1500130800688,1,fd7676b335a3,-68,-60
1500130800810,1,d4c416bf5385,-68,-74
1500130800848,1,fd7676b335a3,-68,-60
1500130803740,401,502,0.97
1500130908904,1,c196b85904c4,-68,-92
1500130909001,1,d4c416bf5385,-68,-77
1500130909031,1,fd7676b335a3,-68,-59
1500130909152,1,d4c416bf5385,-68,-78
1500130909186,1,fd7676b335a3,-68,-60
1500130909228,1,c196b85904c4,-68,-95
1500130909311,1,d4c416bf5385,-68,-78
1500130909338,1,fd7676b335a3,-68,-60
1500130909394,1,c196b85904c4,-68,-93
1500130910453,1,fd7676b335a3,-68,-68
1500130910607,1,fd7676b335a3,-68,-68
1500130910769,1,fd7676b335a3,-68,-68
1500130910772,1,d4c416bf5385,-68,-80
1500130910835,1,c196b85904c4,-68,-89
1500130915418,1,fd7676b335a3,-68,-77
1500130915471,1,c196b85904c4,-68,-96
1500130915535,1,d4c416bf5385,-68,-80
1500130915583,1,fd7676b335a3,-68,-78
1500130915697,1,d4c416bf5385,-68,-79
1500130915736,1,fd7676b335a3,-68,-78
1500130915792,1,c196b85904c4,-68,-96
1500130915862,1,d4c416bf5385,-68,-81
1500130920341,1,fd7676b335a3,-68,-59
1500130920408,1,c196b85904c4,-68,-94
1500130920468,1,d4c416bf5385,-68,-78
1500130920560,1,c196b85904c4,-68,-93
1500130920630,1,d4c416bf5385,-68,-78
1500130920664,1,fd7676b335a3,-68,-60
1500130920783,1,d4c416bf5385,-68,-78
1500130920817,1,fd7676b335a3,-68,-59
1500130923904,401,502,0.97
1500131029049,1,d4c416bf5385,-68,-77
1500131029060,1,fd7676b335a3,-68,-59
1500131029143,1,d4c416bf5385,-68,-76
1500131029150,1,c196b85904c4,-68,-97
1500131029227,1,fd7676b335a3,-68,-59
1500131029307,1,d4c416bf5385,-68,-77
1500131029392,1,fd7676b335a3,-68,-60
1500131029468,1,d4c416bf5385,-68,-77
1500131029474,1,c196b85904c4,-68,-95
1500131029544,1,fd7676b335a3,-68,-59
1500131030438,1,d4c416bf5385,-68,-80
1500131030439,1,c196b85904c4,-68,-89
1500131030499,1,fd7676b335a3,-68,-68
1500131030591,1,d4c416bf5385,-68,-79
1500131030599,1,c196b85904c4,-68,-88
1500131030661,1,fd7676b335a3,-68,-68
1500131030744,1,d4c416bf5385,-68,-80
1500131030761,1,c196b85904c4,-68,-87
1500131030818,1,fd7676b335a3,-68,-68
1500131035379,1,d4c416bf5385,-68,-80
1500131035431,1,fd7676b335a3,-68,-77
1500131035453,1,c196b85904c4,-68,-93
1500131035539,1,d4c416bf5385,-68,-80
1500131035598,1,fd7676b335a3,-68,-79
1500131035621,1,c196b85904c4,-68,-95
1500131035705,1,d4c416bf5385,-68,-80
1500131035753,1,fd7676b335a3,-68,-78
1500131035864,1,d4c416bf5385,-68,-81
1500131040393,1,fd7676b335a3,-68,-58
1500131040440,1,d4c416bf5385,-68,-78
1500131040563,1,fd7676b335a3,-68,-57
1500131040563,1,c196b85904c4,-68,-95
1500131040594,1,d4c416bf5385,-68,-77
1500131040722,1,c196b85904c4,-68,-95
1500131040726,1,fd7676b335a3,-68,-59
1500131040756,1,d4c416bf5385,-68,-77
1500131040892,1,c196b85904c4,-68,-94
1500131040892,1,fd7676b335a3,-68,-60
1500131044080,401,502,0.96
1500131149328,1,d4c416bf5385,-68,-78
1500131149328,1,fd7676b335a3,-68,-61
1500131149370,1,c196b85904c4,-68,-94
1500131149476,1,d4c416bf5385,-68,-78
1500131149489,1,fd7676b335a3,-68,-60
1500131149527,1,c196b85904c4,-68,-93
1500131149631,1,d4c416bf5385,-68,-77
1500131149692,1,c196b85904c4,-68,-94
1500131150346,1,c196b85904c4,-68,-87
1500131150422,1,d4c416bf5385,-68,-82
1500131150454,1,fd7676b335a3,-68,-66
1500131150589,1,d4c416bf5385,-68,-83
1500131150615,1,fd7676b335a3,-68,-67
1500131150743,1,d4c416bf5385,-68,-82
1500131150782,1,fd7676b335a3,-68,-66
1500131150821,1,c196b85904c4,-68,-87
1500131155390,1,fd7676b335a3,-68,-78
1500131155395,1,d4c416bf5385,-68,-80
1500131155447,1,c196b85904c4,-68,-93
1500131155552,1,fd7676b335a3,-68,-77
1500131155556,1,d4c416bf5385,-68,-80
1500131155609,1,c196b85904c4,-68,-95
1500131155716,1,d4c416bf5385,-68,-80
1500131155775,1,c196b85904c4,-68,-92
1500131160349,1,fd7676b335a3,-68,-60
1500131160371,1,d4c416bf5385,-68,-77
1500131160501,1,fd7676b335a3,-68,-59
1500131160528,1,d4c416bf5385,-68,-78
1500131160665,1,fd7676b335a3,-68,-60
1500131160689,1,d4c416bf5385,-68,-77
1500131160740,1,c196b85904c4,-68,-97
1500131160829,1,fd7676b335a3,-68,-60
1500131160841,1,d4c416bf5385,-68,-77
1500131164254,401,502,0.96
1500131269399,1,c196b85904c4,-68,-95
1500131269428,1,d4c416bf5385,-68,-77
1500131269484,1,c196b85904c4,-68,-95
1500131269587,1,d4c416bf5385,-68,-77
1500131269647,1,c196b85904c4,-68,-97
1500131269706,1,fd7676b335a3,-68,-60
1500131269750,1,d4c416bf5385,-68,-78
1500131269864,1,fd7676b335a3,-68,-59
1500131269910,1,d4c416bf5385,-68,-77
1500131270347,1,fd7676b335a3,-68,-68
1500131270400,1,d4c416bf5385,-68,-79
1500131270475,1,c196b85904c4,-68,-88
1500131270508,1,fd7676b335a3,-68,-67
1500131270566,1,d4c416bf5385,-68,-79
1500131270626,1,c196b85904c4,-68,-87
1500131270667,1,fd7676b335a3,-68,-67
1500131270731,1,d4c416bf5385,-68,-80
1500131270833,1,fd7676b335a3,-68,-68
1500131275341,1,d4c416bf5385,-68,-81
1500131275429,1,c196b85904c4,-68,-92
1500131275460,1,fd7676b335a3,-68,-77
1500131275495,1,d4c416bf5385,-68,-81
1500131275587,1,c196b85904c4,-68,-93
1500131275615,1,fd7676b335a3,-68,-75
1500131275660,1,d4c416bf5385,-68,-80
1500131275752,1,c196b85904c4,-68,-94
1500131275781,1,fd7676b335a3,-68,-78
1500131275819,1,d4c416bf5385,-68,-83
1500131280357,1,c196b85904c4,-68,-93
1500131280396,1,fd7676b335a3,-68,-59
1500131280450,1,d4c416bf5385,-68,-78
1500131280557,1,fd7676b335a3,-68,-59
1500131280604,1,d4c416bf5385,-68,-77
1500131280680,1,c196b85904c4,-68,-93
1500131280722,1,fd7676b335a3,-68,-59
1500131280768,1,d4c416bf5385,-68,-78
1500131280846,1,c196b85904c4,-68,-91
1500131284430,401,502,0.96
1500131389569,1,fd7676b335a3,-68,-60
1500131389625,1,c196b85904c4,-68,-96
1500131389676,1,fd7676b335a3,-68,-59
1500131389693,1,d4c416bf5385,-68,-78
1500131389788,1,c196b85904c4,-68,-95
1500131389836,1,fd7676b335a3,-68,-59
1500131389859,1,d4c416bf5385,-68,-77
1500131389942,1,c196b85904c4,-68,-93
1500131390000,1,fd7676b335a3,-68,-59
1500131390015,1,d4c416bf5385,-68,-77
1500131390475,1,fd7676b335a3,-68,-67
1500131390496,1,d4c416bf5385,-68,-80
1500131390636,1,fd7676b335a3,-68,-67
1500131390652,1,d4c416bf5385,-68,-81
1500131390799,1,fd7676b335a3,-68,-68
1500131390806,1,d4c416bf5385,-68,-80
1500131395440,1,d4c416bf5385,-68,-80
1500131395460,1,fd7676b335a3,-68,-75
1500131395525,1,c196b85904c4,-68,-90
1500131395602,1,d4c416bf5385,-68,-82
1500131395625,1,fd7676b335a3,-68,-77
1500131395684,1,c196b85904c4,-68,-90
1500131395755,1,d4c416bf5385,-68,-80
1500131395791,1,fd7676b335a3,-68,-77
1500131395840,1,c196b85904c4,-68,-89
1500131400374,1,d4c416bf5385,-68,-77
1500131400540,1,d4c416bf5385,-68,-77
1500131400629,1,c196b85904c4,-68,-94
1500131400644,1,fd7676b335a3,-68,-60
1500131400705,1,d4c416bf5385,-68,-78
1500131400805,1,fd7676b335a3,-68,-59
1500131400872,1,d4c416bf5385,-68,-75
1500131404617,401,502,0.96
1500131509811,1,fd7676b335a3,-68,-60
1500131509850,1,c196b85904c4,-68,-95
1500131509900,1,d4c416bf5385,-68,-76
1500131509976,1,fd7676b335a3,-68,-58
1500131510055,1,d4c416bf5385,-68,-76
1500131510143,1,fd7676b335a3,-68,-60
1500131510222,1,d4c416bf5385,-68,-76
1500131510383,1,d4c416bf5385,-68,-80
1500131510453,1,fd7676b335a3,-68,-68
1500131510477,1,c196b85904c4,-68,-87
1500131510540,1,d4c416bf5385,-68,-80
1500131510612,1,fd7676b335a3,-68,-67
1500131510774,1,fd7676b335a3,-68,-68
1500131510799,1,c196b85904c4,-68,-87
1500131510845,1,d4c416bf5385,-68,-80
1500131515410,1,c196b85904c4,-68,-92
1500131515445,1,fd7676b335a3,-68,-78
1500131515521,1,d4c416bf5385,-68,-80
1500131515570,1,c196b85904c4,-68,-90
1500131515608,1,fd7676b335a3,-68,-75
1500131515728,1,c196b85904c4,-68,-92
1500131515762,1,fd7676b335a3,-68,-77
1500131515837,1,d4c416bf5385,-68,-81
1500131515880,1,c196b85904c4,-68,-90
1500131520369,1,d4c416bf5385,-68,-77
1500131520384,1,c196b85904c4,-68,-94
1500131520532,1,d4c416bf5385,-68,-75
1500131520690,1,d4c416bf5385,-68,-77
1500131520698,1,fd7676b335a3,-68,-59
1500131520707,1,c196b85904c4,-68,-96
1500131520852,1,d4c416bf5385,-68,-76
1500131520863,1,fd7676b335a3,-68,-60
1500131524796,401,502,0.95
1500131629971,1,d4c416bf5385,-68,-77
1500131630125,1,d4c416bf5385,-68,-76
1500131630287,1,d4c416bf5385,-68,-77
1500131630448,1,d4c416bf5385,-68,-81
1500131630607,1,d4c416bf5385,-68,-79
1500131630761,1,d4c416bf5385,-68,-81
1500131635407,1,d4c416bf5385,-68,-81
1500131635460,1,fd7676b335a3,-68,-76
1500131635477,1,c196b85904c4,-68,-95
1500131635572,1,d4c416bf5385,-68,-79
1500131635626,1,fd7676b335a3,-68,-78
1500131635636,1,c196b85904c4,-68,-94
1500131635739,1,d4c416bf5385,-68,-82
1500131635793,1,fd7676b335a3,-68,-77
1500131635796,1,c196b85904c4,-68,-95
1500131640385,1,d4c416bf5385,-68,-76
1500131640387,1,fd7676b335a3,-68,-59
1500131640540,1,d4c416bf5385,-68,-76
1500131640552,1,fd7676b335a3,-68,-59
1500131640710,1,fd7676b335a3,-68,-59
1500131644965,401,502,0.95
1500131750115,1,fd7676b335a3,-68,-59
1500131750214,1,d4c416bf5385,-68,-77
1500131750285,1,fd7676b335a3,-68,-58
1500131750368,1,d4c416bf5385,-68,-80
1500131750446,1,fd7676b335a3,-68,-67
1500131750478,1,c196b85904c4,-68,-91
1500131750521,1,d4c416bf5385,-68,-81
1500131750603,1,fd7676b335a3,-68,-67
1500131750681,1,d4c416bf5385,-68,-80
1500131750762,1,fd7676b335a3,-68,-66
1500131750793,1,c196b85904c4,-68,-88
1500131750845,1,d4c416bf5385,-68,-85
1500131755362,1,d4c416bf5385,-68,-85
1500131755383,1,fd7676b335a3,-68,-72
1500131755406,1,c196b85904c4,-68,-93
1500131755525,1,d4c416bf5385,-68,-82
1500131755539,1,fd7676b335a3,-68,-73
1500131755557,1,c196b85904c4,-68,-93
1500131755684,1,d4c416bf5385,-68,-85
1500131755691,1,fd7676b335a3,-68,-72
1500131755710,1,c196b85904c4,-68,-91
1500131755853,1,d4c416bf5385,-68,-83
1500131760345,1,fd7676b335a3,-68,-60
1500131760393,1,c196b85904c4,-68,-88
1500131760491,1,d4c416bf5385,-68,-75
1500131760511,1,fd7676b335a3,-68,-60
1500131760550,1,c196b85904c4,-68,-90
1500131760651,1,d4c416bf5385,-68,-75
1500131760675,1,fd7676b335a3,-68,-58
1500131760713,1,c196b85904c4,-68,-89
1500131760815,1,d4c416bf5385,-68,-75
1500131760839,1,fd7676b335a3,-68,-59
1500131765136,401,502,0.95
1500131870269,1,d4c416bf5385,-68,-77
1500131870292,1,c196b85904c4,-68,-89
1500131870359,1,d4c416bf5385,-68,-79
1500131870450,1,c196b85904c4,-68,-85
1500131870511,1,d4c416bf5385,-68,-78
1500131870610,1,c196b85904c4,-68,-84
1500131870670,1,d4c416bf5385,-68,-77
1500131870832,1,d4c416bf5385,-68,-79
1500131875340,1,fd7676b335a3,-68,-74
1500131875347,1,d4c416bf5385,-68,-81
1500131875493,1,fd7676b335a3,-68,-73
1500131875503,1,d4c416bf5385,-68,-81
1500131875550,1,c196b85904c4,-68,-94
1500131875655,1,fd7676b335a3,-68,-73
1500131875665,1,d4c416bf5385,-68,-81
1500131875702,1,c196b85904c4,-68,-93
1500131875814,1,fd7676b335a3,-68,-73
1500131875820,1,d4c416bf5385,-68,-81
1500131875860,1,c196b85904c4,-68,-94
1500131880444,1,d4c416bf5385,-68,-75
1500131880450,1,fd7676b335a3,-68,-60
1500131880600,1,d4c416bf5385,-68,-78
1500131880614,1,fd7676b335a3,-68,-60
1500131880692,1,c196b85904c4,-68,-93
1500131880756,1,d4c416bf5385,-68,-77
1500131880772,1,fd7676b335a3,-68,-59
1500131880854,1,c196b85904c4,-68,-86
1500131885304,401,502,0.95
1500131990449,1,c196b85904c4,-68,-92
1500131990461,1,fd7676b335a3,-68,-59
1500131990625,1,fd7676b335a3,-68,-59
1500131990690,1,c196b85904c4,-68,-93
1500131990764,1,d4c416bf5385,-68,-79
1500131990780,1,fd7676b335a3,-68,-61
1500131990856,1,c196b85904c4,-68,-93
1500131990929,1,d4c416bf5385,-68,-80
1500131990933,1,fd7676b335a3,-68,-59
1500131995353,1,fd7676b335a3,-68,-63
1500131995420,1,d4c416bf5385,-68,-80
1500131995520,1,fd7676b335a3,-68,-62
1500131995574,1,d4c416bf5385,-68,-81
1500131995642,1,c196b85904c4,-68,-86
1500131995726,1,d4c416bf5385,-68,-80
1500131995795,1,c196b85904c4,-68,-86
1500131995842,1,fd7676b335a3,-68,-64
1500132000456,1,c196b85904c4,-68,-92
1500132000611,1,c196b85904c4,-68,-92
1500132000640,1,fd7676b335a3,-68,-81
1500132000649,1,d4c416bf5385,-68,-82
1500132000764,1,c196b85904c4,-68,-91
1500132005350,1,c196b85904c4,-68,-92
1500132005443,1,d4c416bf5385,-68,-79
1500132005502,401,502,0.95
1500132110625,1,d4c416bf5385,-68,-76
1500132110689,1,c196b85904c4,-68,-88
1500132110791,1,d4c416bf5385,-68,-77
1500132110854,1,c196b85904c4,-68,-87
1500132110959,1,d4c416bf5385,-68,-78
1500132111012,1,c196b85904c4,-68,-88
1500132111114,1,d4c416bf5385,-68,-77
1500132111172,1,c196b85904c4,-68,-88
1500132115340,1,c196b85904c4,-68,-84
1500132115613,1,d4c416bf5385,-68,-76
1500132115657,1,c196b85904c4,-68,-85
1500132115772,1,d4c416bf5385,-68,-78
1500132115819,1,c196b85904c4,-68,-88
1500132120389,1,d4c416bf5385,-68,-84
1500132120419,1,fd7676b335a3,-68,-75
1500132120483,1,c196b85904c4,-68,-93
1500132120554,1,d4c416bf5385,-68,-84
1500132120578,1,fd7676b335a3,-68,-75
1500132120648,1,c196b85904c4,-68,-92
1500132120714,1,d4c416bf5385,-68,-85
1500132120732,1,fd7676b335a3,-68,-75
1500132120805,1,c196b85904c4,-68,-92
1500132125346,1,d4c416bf5385,-68,-75
1500132125350,1,fd7676b335a3,-68,-55
1500132125418,1,c196b85904c4,-68,-87
1500132125506,1,fd7676b335a3,-68,-56
1500132125513,1,d4c416bf5385,-68,-76
1500132125577,1,c196b85904c4,-68,-86
1500132125650,401,502,0.94
1500132230861,1,c196b85904c4,-68,-89
1500132230936,1,d4c416bf5385,-68,-75
1500132231023,1,c196b85904c4,-68,-89
1500132231095,1,d4c416bf5385,-68,-75
1500132231189,1,c196b85904c4,-68,-88
1500132231256,1,d4c416bf5385,-68,-75
1500132235405,1,d4c416bf5385,-68,-79
1500132235417,1,fd7676b335a3,-68,-62
1500132235560,1,d4c416bf5385,-68,-78
1500132235717,1,d4c416bf5385,-68,-80
1500132235736,1,fd7676b335a3,-68,-62
1500132240374,1,fd7676b335a3,-68,-69
1500132240440,1,c196b85904c4,-68,-98
1500132240477,1,d4c416bf5385,-68,-82
1500132240540,1,fd7676b335a3,-68,-69
1500132240633,1,d4c416bf5385,-68,-81
1500132240703,1,fd7676b335a3,-68,-69
1500132240796,1,d4c416bf5385,-68,-82
1500132240860,1,fd7676b335a3,-68,-69
1500132245361,1,c196b85904c4,-68,-90
1500132245461,1,fd7676b335a3,-68,-57
1500132245468,1,d4c416bf5385,-68,-75
1500132245518,1,c196b85904c4,-68,-91
1500132245628,1,d4c416bf5385,-68,-76
1500132245669,1,c196b85904c4,-68,-91
1500132245779,1,fd7676b335a3,-68,-56
1500132245783,1,d4c416bf5385,-68,-75
1500132245835,401,502,0.94
1500132351021,1,c196b85904c4,-68,-90
1500132351052,1,d4c416bf5385,-68,-75
1500132351153,1,fd7676b335a3,-68,-56
1500132351178,1,c196b85904c4,-68,-89
1500132351210,1,d4c416bf5385,-68,-75
1500132351337,1,c196b85904c4,-68,-90
1500132351377,1,d4c416bf5385,-68,-76
1500132351494,1,c196b85904c4,-68,-90
1500132351543,1,d4c416bf5385,-68,-75
1500132355339,1,fd7676b335a3,-68,-64
1500132355389,1,d4c416bf5385,-68,-79
1500132355502,1,fd7676b335a3,-68,-62
1500132355663,1,fd7676b335a3,-68,-65
1500132355695,1,d4c416bf5385,-68,-79
1500132355778,1,c196b85904c4,-68,-83
1500132355815,1,fd7676b335a3,-68,-64
1500132360343,1,fd7676b335a3,-68,-69
1500132360460,1,d4c416bf5385,-68,-83
1500132360499,1,fd7676b335a3,-68,-72
1500132360616,1,d4c416bf5385,-68,-84
1500132360666,1,fd7676b335a3,-68,-69
1500132360776,1,d4c416bf5385,-68,-83
1500132360825,1,fd7676b335a3,-68,-72
1500132365339,1,c196b85904c4,-68,-91
1500132365436,1,d4c416bf5385,-68,-75
1500132365468,1,fd7676b335a3,-68,-57
1500132365495,1,c196b85904c4,-68,-91
1500132365626,1,fd7676b335a3,-68,-55
1500132365650,1,c196b85904c4,-68,-92
1500132365766,1,d4c416bf5385,-68,-76
1500132365781,1,fd7676b335a3,-68,-56
1500132365809,1,c196b85904c4,-68,-91
1500132366015,401,502,0.94
1500132471159,1,fd7676b335a3,-68,-56
1500132471211,1,c196b85904c4,-68,-85
1500132471302,1,d4c416bf5385,-68,-77
1500132471375,1,c196b85904c4,-68,-83
1500132471457,1,d4c416bf5385,-68,-77
1500132471529,1,c196b85904c4,-68,-85
1500132471614,1,d4c416bf5385,-68,-76
1500132475443,1,fd7676b335a3,-68,-63
1500132475455,1,d4c416bf5385,-68,-78
1500132475612,1,d4c416bf5385,-68,-79
1500132475755,1,fd7676b335a3,-68,-63
1500132475766,1,d4c416bf5385,-68,-78
1500132480411,1,fd7676b335a3,-68,-77
1500132480487,1,c196b85904c4,-68,-92
1500132480566,1,d4c416bf5385,-68,-86
1500132480576,1,fd7676b335a3,-68,-77
1500132480650,1,c196b85904c4,-68,-94
1500132480719,1,d4c416bf5385,-68,-86
1500132480733,1,fd7676b335a3,-68,-77
1500132480879,1,d4c416bf5385,-68,-86
1500132485352,1,d4c416bf5385,-68,-78
1500132485382,1,fd7676b335a3,-68,-57
1500132485444,1,c196b85904c4,-68,-84
1500132485511,1,d4c416bf5385,-68,-78
1500132485548,1,fd7676b335a3,-68,-56
1500132485603,1,c196b85904c4,-68,-86
1500132485675,1,d4c416bf5385,-68,-79
1500132485707,1,fd7676b335a3,-68,-54
1500132485759,1,c196b85904c4,-68,-86
1500132485841,1,d4c416bf5385,-68,-79
1500132486194,401,502,0.94
1500132591401,1,d4c416bf5385,-68,-76
1500132591465,1,c196b85904c4,-68,-88
1500132591566,1,d4c416bf5385,-68,-78
1500132591631,1,c196b85904c4,-68,-90
1500132591731,1,d4c416bf5385,-68,-76
1500132591787,1,c196b85904c4,-68,-88
1500132595466,1,c196b85904c4,-68,-89
1500132595619,1,c196b85904c4,-68,-89
1500132595760,1,d4c416bf5385,-68,-85
1500132595777,1,c196b85904c4,-68,-90
1500132600405,1,d4c416bf5385,-68,-91
1500132600474,1,c196b85904c4,-68,-92
1500132600569,1,d4c416bf5385,-68,-89
1500132600638,1,c196b85904c4,-68,-92
1500132600724,1,d4c416bf5385,-68,-88
1500132600800,1,c196b85904c4,-68,-91
1500132605353,1,fd7676b335a3,-68,-58
1500132605383,1,d4c416bf5385,-68,-77
1500132605435,1,c196b85904c4,-68,-89
1500132605509,1,fd7676b335a3,-68,-59
1500132605545,1,d4c416bf5385,-68,-77
1500132605600,1,c196b85904c4,-68,-87
1500132605675,1,fd7676b335a3,-68,-58
1500132605709,1,d4c416bf5385,-68,-77
1500132605762,1,c196b85904c4,-68,-87
1500132605835,1,fd7676b335a3,-68,-57
1500132606374,401,502,0.93
1500132711574,1,c196b85904c4,-68,-85
1500132711658,1,d4c416bf5385,-68,-80
1500132711731,1,c196b85904c4,-68,-86
1500132711821,1,d4c416bf5385,-68,-81
1500132711894,1,c196b85904c4,-68,-84
1500132711976,1,d4c416bf5385,-68,-80
1500132715629,1,d4c416bf5385,-68,-80
1500132715790,1,d4c416bf5385,-68,-78
1500132720356,1,c196b85904c4,-68,-94
1500132720386,1,d4c416bf5385,-68,-91
1500132720548,1,d4c416bf5385,-68,-88
1500132720673,1,c196b85904c4,-68,-92
1500132720715,1,d4c416bf5385,-68,-87
1500132720825,1,c196b85904c4,-68,-92
1500132725346,1,d4c416bf5385,-68,-80
1500132725424,1,c196b85904c4,-68,-86
1500132725581,1,c196b85904c4,-68,-87
1500132725663,1,d4c416bf5385,-68,-78
1500132725742,1,c196b85904c4,-68,-87
1500132725831,1,d4c416bf5385,-68,-80
1500132726542,401,502,0.93
1500132831805,1,d4c416bf5385,-68,-78
1500132831822,1,c196b85904c4,-68,-90
1500132831966,1,d4c416bf5385,-68,-78
1500132831986,1,c196b85904c4,-68,-90
1500132832125,1,d4c416bf5385,-68,-77
1500132832145,1,c196b85904c4,-68,-88
1500132835463,1,d4c416bf5385,-68,-81
1500132835550,1,c196b85904c4,-68,-88
1500132835789,1,d4c416bf5385,-68,-78
1500132840361,1,d4c416bf5385,-68,-88
1500132840525,1,d4c416bf5385,-68,-85
1500132840660,1,c196b85904c4,-68,-94
1500132840692,1,d4c416bf5385,-68,-88
1500132840822,1,c196b85904c4,-68,-94
1500132840850,1,d4c416bf5385,-68,-88
1500132845334,1,d4c416bf5385,-68,-78
1500132845400,1,c196b85904c4,-68,-90
1500132845499,1,d4c416bf5385,-68,-79
1500132845557,1,c196b85904c4,-68,-90
1500132845664,1,d4c416bf5385,-68,-78
1500132845720,1,c196b85904c4,-68,-90
1500132845819,1,d4c416bf5385,-68,-79
1500132846714,401,502,0.93
1500132951879,1,c196b85904c4,-68,-93
1500132951925,1,d4c416bf5385,-68,-77
1500132952091,1,d4c416bf5385,-68,-77
1500132952198,1,c196b85904c4,-68,-92
1500132952246,1,d4c416bf5385,-68,-77
1500132955488,1,d4c416bf5385,-68,-83
1500132955645,1,d4c416bf5385,-68,-83
1500132955710,1,c196b85904c4,-68,-87
1500132955803,1,d4c416bf5385,-68,-82
1500132960360,1,c196b85904c4,-68,-90
1500132960462,1,d4c416bf5385,-68,-84
1500132960518,1,c196b85904c4,-68,-90
1500132960617,1,d4c416bf5385,-68,-85
1500132960685,1,c196b85904c4,-68,-91
1500132960778,1,d4c416bf5385,-68,-86
1500132960842,1,c196b85904c4,-68,-90
1500132965331,1,c196b85904c4,-68,-90
1500132965396,1,d4c416bf5385,-68,-78
1500132965491,1,c196b85904c4,-68,-89
1500132965551,1,d4c416bf5385,-68,-78
1500132965656,1,c196b85904c4,-68,-90
1500132965717,1,d4c416bf5385,-68,-78
1500132965815,1,c196b85904c4,-68,-88
1500132966885,401,502,0.93
1500133072081,1,d4c416bf5385,-68,-78
1500133072237,1,d4c416bf5385,-68,-78
1500133072320,1,c196b85904c4,-68,-88
1500133072402,1,d4c416bf5385,-68,-80
1500133072488,1,c196b85904c4,-68,-86
1500133072564,1,d4c416bf5385,-68,-78
1500133075459,1,fd7676b335a3,-68,-65
1500133075617,1,fd7676b335a3,-68,-65
1500133075777,1,fd7676b335a3,-68,-65
1500133080391,1,d4c416bf5385,-68,-85
1500133080429,1,fd7676b335a3,-68,-89
1500133080462,1,c196b85904c4,-68,-92
1500133080549,1,d4c416bf5385,-68,-84
1500133080582,1,fd7676b335a3,-68,-87
1500133080615,1,c196b85904c4,-68,-92
1500133080707,1,d4c416bf5385,-68,-86
1500133080739,1,fd7676b335a3,-68,-89
1500133080782,1,c196b85904c4,-68,-91
1500133085370,1,d4c416bf5385,-68,-79
1500133085421,1,c196b85904c4,-68,-89
1500133085531,1,d4c416bf5385,-68,-78
1500133085587,1,c196b85904c4,-68,-89
1500133085695,1,d4c416bf5385,-68,-79
1500133085746,1,c196b85904c4,-68,-89
1500133087055,401,502,0.92
1500133192285,1,c196b85904c4,-68,-90
1500133192332,1,d4c416bf5385,-68,-78
1500133192440,1,c196b85904c4,-68,-90
1500133192602,1,c196b85904c4,-68,-89
1500133192657,1,d4c416bf5385,-68,-79
1500133195351,1,d4c416bf5385,-68,-82
1500133195406,1,fd7676b335a3,-68,-64
1500133195510,1,d4c416bf5385,-68,-82
1500133195573,1,fd7676b335a3,-68,-64
1500133195674,1,d4c416bf5385,-68,-83
1500133195730,1,fd7676b335a3,-68,-64
1500133195841,1,d4c416bf5385,-68,-82
1500133200375,1,fd7676b335a3,-68,-88
1500133200384,1,c196b85904c4,-68,-91
1500133200473,1,d4c416bf5385,-68,-85
1500133200536,1,fd7676b335a3,-68,-88
1500133200550,1,c196b85904c4,-68,-93
1500133200629,1,d4c416bf5385,-68,-85
1500133200702,1,fd7676b335a3,-68,-86
1500133200711,1,c196b85904c4,-68,-92
1500133200782,1,d4c416bf5385,-68,-85
1500133205358,1,c196b85904c4,-68,-90
1500133205426,1,d4c416bf5385,-68,-79
1500133205512,1,c196b85904c4,-68,-90
1500133205579,1,d4c416bf5385,-68,-79
1500133205671,1,c196b85904c4,-68,-89
1500133205732,1,d4c416bf5385,-68,-80
1500133205829,1,c196b85904c4,-68,-88
1500133207224,401,502,0.92
1500133312370,1,c196b85904c4,-68,-89
1500133312381,1,d4c416bf5385,-68,-79
1500133312470,1,c196b85904c4,-68,-90
1500133312542,1,d4c416bf5385,-68,-78
1500133312626,1,c196b85904c4,-68,-90
1500133312713,1,d4c416bf5385,-68,-77
1500133312779,1,c196b85904c4,-68,-90
1500133312868,1,d4c416bf5385,-68,-78
1500133315440,1,d4c416bf5385,-68,-82
1500133315596,1,d4c416bf5385,-68,-82
1500133320441,1,d4c416bf5385,-68,-85
1500133320608,1,d4c416bf5385,-68,-84
1500133320639,1,c196b85904c4,-68,-90
1500133320773,1,d4c416bf5385,-68,-85
1500133320796,1,c196b85904c4,-68,-88
1500133325386,1,d4c416bf5385,-68,-78
1500133325478,1,c196b85904c4,-68,-90
1500133325545,1,d4c416bf5385,-68,-78
1500133325639,1,c196b85904c4,-68,-88
1500133325712,1,d4c416bf5385,-68,-78
1500133325806,1,c196b85904c4,-68,-89
1500133325872,1,d4c416bf5385,-68,-79
1500133327404,401,502,0.92
1500133432626,1,d4c416bf5385,-68,-79
1500133432700,1,fd7676b335a3,-68,-57
1500133432705,1,c196b85904c4,-68,-88
1500133432787,1,d4c416bf5385,-68,-78
1500133432856,1,fd7676b335a3,-68,-58
1500133432863,1,c196b85904c4,-68,-88
1500133433009,1,fd7676b335a3,-68,-57
1500133433022,1,c196b85904c4,-68,-90
1500133435334,1,d4c416bf5385,-68,-86
1500133435416,1,c196b85904c4,-68,-87
1500133440368,1,c196b85904c4,-68,-91
1500133440463,1,d4c416bf5385,-68,-83
1500133440532,1,c196b85904c4,-68,-90
1500133440632,1,d4c416bf5385,-68,-86
1500133440687,1,c196b85904c4,-68,-89
1500133440851,1,c196b85904c4,-68,-89
1500133445343,1,c196b85904c4,-68,-90
1500133445410,1,d4c416bf5385,-68,-78
1500133445497,1,c196b85904c4,-68,-89
1500133445564,1,d4c416bf5385,-68,-78
1500133445664,1,c196b85904c4,-68,-90
1500133445728,1,d4c416bf5385,-68,-79
1500133445831,1,c196b85904c4,-68,-89
1500133447575,401,502,0.92
