1500082027009,1,d4c416bf5385,-68,-62
1500082027028,1,c196b85904c4,-68,-59
1500082027161,1,d4c416bf5385,-68,-61
1500082027181,1,c196b85904c4,-68,-58
1500082027326,1,d4c416bf5385,-68,-61
1500082027333,1,fd7676b335a3,-68,-86
1500082027342,1,c196b85904c4,-68,-60
1500082031464,1,d4c416bf5385,-68,-63
1500082031626,1,d4c416bf5385,-68,-63
1500082031688,1,c196b85904c4,-68,-74
1500082031784,1,d4c416bf5385,-68,-61
1500082031855,1,c196b85904c4,-68,-74
1500082036433,1,d4c416bf5385,-68,-69
1500082036471,1,c196b85904c4,-68,-81
1500082036631,1,c196b85904c4,-68,-80
1500082036751,1,d4c416bf5385,-68,-70
1500082036788,1,c196b85904c4,-68,-81
1500082041383,1,d4c416bf5385,-68,-61
1500082041433,1,c196b85904c4,-68,-60
1500082041543,1,d4c416bf5385,-68,-60
1500082041595,1,c196b85904c4,-68,-60
1500082041698,1,d4c416bf5385,-68,-61
1500082041747,1,c196b85904c4,-68,-60
1500082041859,1,d4c416bf5385,-68,-61
1500082041907,401,502,0.02
