1500081426130,1,c196b85904c4,-68,-59
1500081426251,1,d4c416bf5385,-68,-65
1500081426296,1,c196b85904c4,-68,-60
1500081426449,1,c196b85904c4,-68,-71
1500081426577,1,d4c416bf5385,-68,-70
1500081426612,1,c196b85904c4,-68,-72
1500081426745,1,d4c416bf5385,-68,-70
1500081426768,1,c196b85904c4,-68,-70
1500081431419,1,c196b85904c4,-68,-73
1500081431588,1,d4c416bf5385,-68,-78
1500081431588,1,c196b85904c4,-68,-73
1500081431747,1,c196b85904c4,-68,-73
1500081431748,1,d4c416bf5385,-68,-81
1500081436387,1,d4c416bf5385,-68,-66
1500081436424,1,c196b85904c4,-68,-58
1500081436539,1,d4c416bf5385,-68,-64
1500081436586,1,c196b85904c4,-68,-58
1500081436692,1,d4c416bf5385,-68,-63
1500081436753,1,c196b85904c4,-68,-57
1500081436851,1,d4c416bf5385,-68,-64
1500081441042,401,502,0.02
1500081546201,1,c196b85904c4,-68,-97
1500081546320,1,d4c416bf5385,-68,-66
1500081546363,1,c196b85904c4,-68,-76
1500081546474,1,d4c416bf5385,-68,-66
1500081546520,1,c196b85904c4,-68,-77
1500081546638,1,d4c416bf5385,-68,-64
1500081546684,1,c196b85904c4,-68,-77
1500081546792,1,d4c416bf5385,-68,-66
1500081546839,1,c196b85904c4,-68,-78
1500081551449,1,d4c416bf5385,-68,-72
1500081551480,1,c196b85904c4,-68,-64
1500081551603,1,d4c416bf5385,-68,-72
1500081551634,1,c196b85904c4,-68,-64
1500081551770,1,d4c416bf5385,-68,-72
1500081551798,1,c196b85904c4,-68,-63
1500081556393,1,d4c416bf5385,-68,-66
1500081556444,1,c196b85904c4,-68,-77
1500081556559,1,d4c416bf5385,-68,-65
1500081556611,1,c196b85904c4,-68,-78
1500081556715,1,d4c416bf5385,-68,-66
1500081556778,1,c196b85904c4,-68,-74
1500081556870,1,d4c416bf5385,-68,-66
1500081561221,401,502,0.02
1500081666436,1,d4c416bf5385,-68,-70
1500081666445,1,c196b85904c4,-68,-61
1500081666591,1,d4c416bf5385,-68,-71
1500081666606,1,c196b85904c4,-68,-62
1500081666757,1,d4c416bf5385,-68,-72
1500081666766,1,c196b85904c4,-68,-61
1500081671404,1,d4c416bf5385,-68,-76
1500081671434,1,c196b85904c4,-68,-72
1500081671480,1,fd7676b335a3,-68,-83
1500081671570,1,d4c416bf5385,-68,-76
1500081671600,1,c196b85904c4,-68,-70
1500081671759,1,c196b85904c4,-68,-71
1500081671795,1,fd7676b335a3,-68,-85
1500081671881,1,d4c416bf5385,-68,-76
1500081676373,1,d4c416bf5385,-68,-67
1500081676414,1,c196b85904c4,-68,-66
1500081676422,1,fd7676b335a3,-68,-91
1500081676532,1,d4c416bf5385,-68,-65
1500081676571,1,c196b85904c4,-68,-65
1500081676690,1,d4c416bf5385,-68,-68
1500081676725,1,c196b85904c4,-68,-65
1500081676850,1,d4c416bf5385,-68,-67
1500081681387,401,502,0.02
