1500081305931,1,c196b85904c4,-68,-59
1500081306016,1,d4c416bf5385,-68,-69
1500081306092,1,c196b85904c4,-68,-60
1500081306249,1,c196b85904c4,-68,-59
1500081306335,1,d4c416bf5385,-68,-71
1500081306406,1,c196b85904c4,-68,-66
1500081306491,1,d4c416bf5385,-68,-63
1500081306570,1,c196b85904c4,-68,-65
1500081306657,1,d4c416bf5385,-68,-63
1500081306728,1,c196b85904c4,-68,-67
1500081306817,1,d4c416bf5385,-68,-63
1500081311466,1,d4c416bf5385,-68,-63
1500081311497,1,c196b85904c4,-68,-80
1500081311620,1,d4c416bf5385,-68,-66
1500081311658,1,c196b85904c4,-68,-79
1500081311779,1,d4c416bf5385,-68,-63
1500081311820,1,c196b85904c4,-68,-78
1500081316423,1,d4c416bf5385,-68,-68
1500081316459,1,c196b85904c4,-68,-61
1500081316578,1,d4c416bf5385,-68,-68
1500081316618,1,c196b85904c4,-68,-62
1500081316732,1,d4c416bf5385,-68,-68
1500081316775,1,c196b85904c4,-68,-62
1500081320881,401,502,0.03
