1500129696934,1,d4c416bf5385,-68,-83
1500129697093,1,d4c416bf5385,-68,-80
1500129697261,1,d4c416bf5385,-68,-78
1500129697375,1,fd7676b335a3,-68,-64
1500129699638,1,d4c416bf5385,-68,-85
1500129699950,1,fd7676b335a3,-68,-64
1500129704599,1,d4c416bf5385,-68,-79
1500129704754,1,d4c416bf5385,-68,-78
1500129704815,1,c196b85904c4,-68,-97
1500129704914,1,d4c416bf5385,-68,-80
1500129704978,1,c196b85904c4,-68,-96
1500129709619,1,fd7676b335a3,-68,-62
1500129709620,1,c196b85904c4,-68,-92
1500129709952,1,fd7676b335a3,-68,-64
1500129709958,1,d4c416bf5385,-68,-84
1500129709958,1,c196b85904c4,-68,-88
1500129709959,1,fd7676b335a3,-68,-60
1500129712067,401,502,1.0
1500129759398,300,502,0.99
