1500132701436,1,d4c416bf5385,-68,-78
1500132701598,1,d4c416bf5385,-68,-77
1500132701705,1,c196b85904c4,-68,-93
1500132701756,1,d4c416bf5385,-68,-81
1500132701916,1,d4c416bf5385,-68,-76
1500132704608,1,d4c416bf5385,-68,-80
1500132704668,1,fd7676b335a3,-68,-61
1500132704832,1,fd7676b335a3,-68,-63
1500132704935,1,d4c416bf5385,-68,-81
1500132704994,1,fd7676b335a3,-68,-60
1500132709584,1,d4c416bf5385,-68,-83
1500132709640,1,fd7676b335a3,-68,-66
1500132709649,1,c196b85904c4,-68,-91
1500132709737,1,d4c416bf5385,-68,-82
1500132709799,1,fd7676b335a3,-68,-66
1500132709804,1,c196b85904c4,-68,-88
1500132709897,1,d4c416bf5385,-68,-82
1500132709952,1,fd7676b335a3,-68,-66
1500132709970,1,c196b85904c4,-68,-88
1500132714541,1,d4c416bf5385,-68,-77
1500132714620,1,c196b85904c4,-68,-88
1500132714695,1,d4c416bf5385,-68,-76
1500132714777,1,c196b85904c4,-68,-90
1500132714850,1,d4c416bf5385,-68,-76
1500132714932,1,c196b85904c4,-68,-89
1500132715004,1,d4c416bf5385,-68,-76
1500132716449,401,502,0.93
