1500140152392,1,c196b85904c4,-68,-66
1500140152453,1,d4c416bf5385,-68,-65
1500140152555,1,c196b85904c4,-68,-70
1500140152611,1,d4c416bf5385,-68,-69
1500140152719,1,c196b85904c4,-68,-70
1500140152765,1,d4c416bf5385,-68,-66
1500140154496,1,d4c416bf5385,-68,-76
1500140154648,1,d4c416bf5385,-68,-62
1500140154653,1,c196b85904c4,-68,-80
1500140154817,1,c196b85904c4,-68,-68
1500140154973,1,d4c416bf5385,-68,-80
1500140159437,1,c196b85904c4,-68,-78
1500140159491,1,d4c416bf5385,-68,-71
1500140159587,1,c196b85904c4,-68,-77
1500140159742,1,c196b85904c4,-68,-82
1500140159805,1,d4c416bf5385,-68,-69
1500140159896,1,c196b85904c4,-68,-77
1500140159967,1,d4c416bf5385,-68,-78
1500140164511,1,fd7676b335a3,-68,-89
1500140164575,1,c196b85904c4,-68,-70
1500140164609,1,d4c416bf5385,-68,-69
1500140164666,1,fd7676b335a3,-68,-82
1500140164739,1,c196b85904c4,-68,-69
1500140164767,1,d4c416bf5385,-68,-67
1500140164826,1,fd7676b335a3,-68,-81
1500140164894,1,c196b85904c4,-68,-65
1500140164926,1,d4c416bf5385,-68,-66
1500140167315,401,502,0.77
