1500082060107,0.081383765,7.2144313,6.170804
1500082060123,-0.023936402,7.176133,6.2091026
1500082060139,-0.17712937,7.195282,6.2474008
1500082060155,-0.25372586,7.35805,6.151655
1500082060171,-0.27287498,7.3867736,6.094208
1500082060187,-0.359046,7.1857076,6.1612296
1500082060203,-0.45479164,7.042089,6.2378263
1500082060219,-0.54096264,6.975067,6.304848
1500082060235,-0.5792609,6.9942164,6.3814445
1500082060251,-0.63670826,7.003791,6.458041
1500082060267,-0.64628285,7.1091113,6.3814445
1500082060283,-0.6079846,7.1186857,6.323997
1500082060299,-0.5792609,6.984642,6.323997
1500082060315,-0.56011176,6.9654927,6.323997
1500082060331,-0.512239,6.984642,6.37187
1500082060347,-0.512239,7.02294,6.391019
1500082060363,-0.5313881,7.0803876,6.4197426
1500082060379,-0.46436617,7.1474094,6.391019
1500082060395,-0.3877697,7.204857,6.410168
1500082060411,-0.37819514,7.12826,6.3431463
1500082060427,-0.36862057,7.1186857,6.323997
1500082060443,-0.39734426,7.0995364,6.304848
1500082060459,-0.47394073,7.042089,6.2761245
1500082060475,-0.512239,7.089962,6.2952733
1500082060491,-0.54096264,7.137835,6.304848
1500082060507,-0.5218136,7.195282,6.333572
1500082060523,-0.56968635,7.137835,6.3431463
1500082060538,-0.6845811,7.02294,6.323997
1500082060555,-0.7994758,6.9271946,6.323997
1500082060571,-0.78032666,7.0325146,6.3144226
1500082060586,-0.2154276,7.511243,6.486765
1500082060603,0.42606795,7.6261373,6.7931504
1500082060619,-0.014361841,7.281453,6.7357035
1500082060635,-1.2303311,6.3814445,6.3814445
1500082060650,-1.1058618,6.5346375,6.4005938
1500082060667,-0.16755481,6.9942164,6.9463434
1500082060682,-0.19627848,6.9463434,7.089962
1500082060699,-0.56968635,6.5059137,6.984642
1500082060714,-0.6271337,6.2761245,6.9176197
1500082060730,-0.46436617,6.4005938,6.9271946
1500082060746,-0.50266445,6.438892,6.7740016
1500082060762,-0.4356425,6.4293175,6.438892
1500082060778,-0.359046,6.611234,6.0367603
1500082060794,-0.20585304,6.783576,5.8165455
1500082060810,-0.062234644,6.9463434,5.634629
1500082060826,0.03351096,7.587839,5.462287
1500082060842,0.043085523,8.6697645,5.0601554
1500082060858,-0.03351096,9.138918,4.935686
1500082060874,-0.0718092,8.803808,5.2899446
1500082060890,-0.03351096,8.516571,5.739949
1500082060906,-0.081383765,8.315506,6.113357
1500082060922,-0.09095833,8.037844,6.180379
1500082060938,-0.014361841,7.348475,6.5059137
1500082060954,-0.20585304,7.0612383,6.7069798
1500082060970,-0.09095833,7.3197513,6.697405
1500082060986,-0.3111732,7.0612383,6.8793216
1500082061002,-0.46436617,5.8165455,7.2527294
1500082061018,-0.5792609,4.935686,7.549541
1500082061034,-0.56011176,4.926111,7.6261373
1500082061050,-0.42606795,5.605905,7.5303917
1500082061065,-0.3111732,6.103782,7.329326
1500082061082,-0.3111732,6.515488,7.0708127
1500082061098,-0.4835153,6.850598,6.7740016
1500082061114,-0.7420284,6.8410234,6.3527207
1500082061129,-0.9718179,6.668681,6.027186
1500082061146,-0.8952214,6.47719,6.0080366
1500082061162,-0.71330476,6.4676156,6.2282515
1500082061178,-0.59841,6.7069798,6.438892
1500082061193,-0.56968635,6.898471,6.5346375
1500082061209,-0.5218136,7.0325146,6.544212
1500082061225,-0.4164934,7.12826,6.639958
1500082061241,-0.3877697,7.051664,6.7357035
1500082061257,-0.46436617,6.8888965,6.8410234
1500082061273,-0.5218136,6.745278,6.8793216
1500082061289,-0.56968635,6.5825105,6.898471
1500082061305,-0.5505372,6.132506,6.333572
1500082061321,0.6271337,5.2899446,6.2761245
1500082061337,-1.7665064,7.7123084,6.515488
1500082061353,-0.50266445,8.200611,7.4537954
1500082061369,-0.83777404,7.7506065,7.741032
1500082061385,-1.5079932,4.9452605,6.9271946
1500082061401,-0.46436617,4.236743,6.8410234
1500082061417,0.40691882,5.9218655,7.3389006
1500082061433,-0.25372586,7.003791,7.2240057
1500082061449,-0.92394507,6.47719,6.8122997
1500082061465,-0.77075213,6.333572,6.697405
1500082061480,-0.40691882,6.764427,6.783576
1500082061496,-0.42606795,7.1091113,6.764427
1500082061512,-0.64628285,7.0612383,6.6591067
1500082061528,-0.7324539,6.716554,6.7069798
1500082061544,-0.7420284,6.47719,6.8122997
1500082061560,-0.8186249,6.410168,6.8888965
1500082061577,-0.8760723,6.304848,6.9271946
1500082061593,-0.85692316,6.1899533,6.9176197
1500082061608,-0.77075213,6.1995277,6.9176197
1500082061624,-0.70373017,6.2952733,6.9080453
1500082061640,-0.63670826,6.486765,6.869747
1500082061656,-0.5792609,6.6591067,6.9463434
1500082061672,-0.5313881,6.7261286,6.9654927
1500082061688,-0.54096264,6.6591067,6.9271946
1500082061704,-0.56968635,6.515488,6.9176197
1500082061720,-0.6079846,6.410168,6.9176197
1500082061736,-0.64628285,6.3814445,6.936769
1500082061752,-0.665432,6.3431463,6.975067
1500082061768,-0.70373017,6.3622956,6.9271946
1500082061784,-0.6750065,6.5059137,6.8888965
1500082061800,-0.63670826,6.5825105,6.850598
1500082061816,-0.6558574,6.5729356,6.8601727
1500082061832,-0.665432,6.544212,6.850598
1500082061848,-0.6750065,6.515488,6.8888965
1500082061864,-0.6558574,6.486765,6.9176197
1500082061880,-0.6750065,6.525063,6.898471
1500082061896,-0.6750065,6.515488,6.898471
1500082061912,-0.63670826,6.5346375,6.9271946
1500082061928,-0.61755913,6.5346375,6.936769
1500082061944,-0.6079846,6.5537868,6.936769
1500082061960,-0.56968635,6.544212,6.9463434
1500082061976,-0.56011176,6.4963393,6.936769
1500082061991,-0.5888355,6.5346375,6.9080453
1500082062008,-0.5888355,6.563361,6.8793216
1500082062024,-0.5888355,6.5537868,6.8793216
1500082062040,-0.6079846,6.544212,6.869747
1500082062056,-0.61755913,6.544212,6.9080453
1500082062071,-0.6271337,6.515488,6.9271946
1500082062088,-0.64628285,6.4963393,6.9176197
1500082062104,-0.64628285,6.486765,6.898471
1500082062119,-0.6271337,6.486765,6.9463434
1500082062135,-0.61755913,6.4676156,6.9271946
1500082062151,-0.6079846,6.458041,6.936769
1500082062167,-0.6079846,6.4676156,6.9176197
1500082062183,-0.6271337,6.5059137,6.9080453
1500082062199,-0.6271337,6.563361,6.869747
1500082062215,-0.6079846,6.5825105,6.8601727
1500082062231,-0.39734426,6.458041,6.764427
1500082062247,-0.40691882,7.195282,7.042089
1500082062263,-0.99096704,6.7261286,6.764427
1500082062279,-0.98139244,6.592085,6.8888965
1500082062295,-0.70373017,6.611234,7.042089
1500082062311,-0.37819514,6.5537868,7.2335806
1500082062327,-0.46436617,6.0559096,7.2240057
1500082062343,-0.5313881,5.433563,7.12826
1500082062359,-0.4835153,5.2707953,7.1857076
1500082062375,-0.39734426,4.96441,7.195282
1500082062391,-1.0388398,7.1857076,6.9271946
1500082062407,-0.92394507,7.7314577,6.936769
1500082062423,-0.40691882,6.4197426,6.9176197
1500082062439,-0.5888355,6.218677,6.8888965
1500082062455,-0.78990126,6.7548523,6.8601727
1500082062470,-0.59841,6.7357035,6.936769
1500082062486,-0.56968635,6.2761245,6.9942164
1500082062502,-0.71330476,6.180379,6.9463434
1500082062518,-0.6271337,6.3814445,6.984642
1500082062534,-0.5505372,6.47719,7.0133657
1500082062550,-0.5888355,6.4484663,7.003791
1500082062566,-0.56968635,6.5059137,7.0133657
1500082062583,-0.5505372,6.5537868,7.0133657
1500082062599,-0.56968635,6.5059137,7.003791
1500082062615,-0.59841,6.4676156,7.0133657
1500082062630,-0.59841,6.410168,6.984642
1500082062646,-0.6271337,6.4197426,6.984642
1500082062662,-0.64628285,6.4197426,6.9271946
1500082062678,-0.64628285,6.4293175,6.9559183
1500082062694,-0.665432,6.4005938,6.9654927
1500082062710,-0.6750065,6.391019,6.9654927
1500082062726,-0.64628285,6.458041,6.9654927
1500082062742,-0.6271337,6.47719,6.984642
1500082062758,-0.6271337,6.4293175,6.984642
1500082062774,-0.6079846,6.438892,6.9942164
1500082062790,-0.5888355,6.438892,7.003791
1500082062806,-0.5888355,6.4484663,6.9463434
1500082062822,-0.6558574,6.8793216,6.5537868
1500082062838,-1.2303311,7.3389006,6.9654927
1500082062854,-0.71330476,5.567607,6.9559183
1500082062870,-0.30159867,5.586756,7.1091113
1500082062886,-0.30159867,6.1612296,7.156984
1500082062902,-0.18670394,6.525063,7.348475
1500082062918,0.00478728,6.3527207,7.2718787
1500082062934,-0.22500217,6.438892,7.1091113
1500082062950,0.062234644,6.764427,7.3006024
1500082062965,-1.4984187,6.5059137,6.5537868
1500082062981,-1.3165021,6.3431463,6.6495323
1500082062997,-0.14840569,6.525063,7.12826
1500082063013,-0.4356425,6.563361,7.042089
1500082063029,-0.93351966,6.37187,6.869747
1500082063045,-0.56968635,6.3622956,6.9942164
1500082063061,-0.4164934,6.486765,7.0325146
1500082063077,-0.6271337,6.4963393,6.9271946
1500082063093,-0.5888355,6.486765,6.975067
1500082063109,-0.5218136,6.5059137,7.0133657
1500082063125,-0.61755913,6.458041,6.975067
1500082063141,-0.665432,6.3814445,7.003791
1500082063157,-0.6271337,6.3622956,7.003791
1500082063173,-0.6271337,6.3622956,7.0133657
1500082063189,-0.64628285,6.3527207,7.051664
1500082063205,-0.5888355,6.4005938,7.051664
1500082063221,-0.5888355,6.4197426,7.02294
1500082063238,-0.6079846,6.438892,6.9942164
1500082063253,-0.6079846,6.4293175,6.984642
1500082063269,-0.5888355,6.4484663,6.9654927
1500082063285,-0.63670826,6.4197426,6.9176197
1500082063301,-0.665432,6.410168,6.9559183
1500082063317,-0.6558574,6.438892,7.0133657
1500082063333,-0.6558574,6.410168,6.9942164
1500082063349,-0.6558574,6.37187,6.9942164
1500082063365,-0.61755913,6.3527207,6.9942164
1500082063381,-0.59841,6.4005938,7.0325146
1500082063397,-0.59841,6.4484663,7.042089
1500082063413,-0.59841,6.438892,7.0133657
1500082063429,-0.6271337,6.4676156,6.984642
1500082063445,-0.61755913,6.47719,6.975067
1500082063461,-0.63670826,6.4484663,6.975067
1500082063477,-0.6558574,6.410168,6.984642
1500082063493,-0.6845811,6.3431463,6.984642
1500082063509,-0.6750065,6.2952733,6.975067
1500082063525,-0.6750065,6.323997,6.9942164
1500082063541,-0.6750065,6.333572,7.0133657
1500082063557,-0.6558574,6.323997,7.003791
1500082063573,-0.6558574,6.37187,7.051664
1500082063589,-0.6079846,6.410168,7.0612383
1500082063605,-0.6079846,6.410168,7.0133657
1500082063620,-0.8760723,6.3622956,6.5825105
1500082063637,-1.0484143,7.1091113,7.0612383
1500082063652,-0.2441513,5.797396,7.0708127
1500082063668,-0.5888355,6.017611,7.0325146
1500082063684,-0.18670394,6.4197426,7.3197513
1500082063700,-0.00478728,6.6591067,7.4729443
1500082063716,0.023936402,6.486765,7.3389006
1500082063732,-0.36862057,6.47719,7.12826
1500082063748,-1.6516117,6.2761245,6.4963393
1500082063764,-1.0579889,6.304848,6.783576
1500082063780,-0.05266008,6.515488,7.195282
1500082063796,-0.6079846,6.4484663,7.042089
1500082063812,-0.90479594,6.2952733,6.9080453
1500082063828,-0.46436617,6.410168,7.051664
1500082063844,-0.50266445,6.47719,7.0325146
1500082063860,-0.70373017,6.4197426,6.9654927
1500082063876,-0.56968635,6.4005938,7.003791
1500082063892,-0.56011176,6.4197426,7.042089
1500082063908,-0.665432,6.3527207,6.9942164
1500082063924,-0.6271337,6.37187,7.0325146
1500082063940,-0.63670826,6.391019,7.0133657
1500082063956,-0.64628285,6.4293175,6.975067
1500082063972,-0.61755913,6.4197426,7.0133657
1500082063987,-0.59841,6.4197426,6.9942164
1500082064003,-0.6079846,6.458041,7.02294
1500082064019,-0.59841,6.4484663,7.0325146
1500082064035,-0.61755913,6.391019,7.0133657
1500082064051,-0.61755913,6.410168,7.003791
1500082064067,-0.5792609,6.4005938,7.003791
1500082064083,-0.63670826,6.3431463,6.9942164
1500082064099,-0.665432,6.3431463,7.003791
1500082064115,-0.64628285,6.333572,7.02294
1500082064131,-0.61755913,6.3527207,7.042089
1500082064147,-0.63670826,6.333572,7.0325146
1500082064163,-0.64628285,6.285699,6.984642
1500082064179,0.13883112,5.960164,6.668681
1500082064195,-1.4888442,7.664436,7.003791
1500082064211,-2.561195,5.634629,6.563361
1500082064227,0.39734426,5.998462,7.2718787
1500082064243,0.76117754,6.7740016,7.549541
1500082064259,-0.7228793,6.7931504,7.0708127
1500082064275,-0.77075213,6.170804,6.8601727
1500082064291,-0.28244954,6.438892,7.02294
1500082064307,-0.512239,6.668681,7.0325146
1500082064323,-0.56011176,6.3527207,7.042089
1500082064339,-0.39734426,6.103782,7.0803876
1500082064355,0.09095833,6.2282515,7.501668
1500082064371,-0.47394073,6.3622956,7.1186857
1500082064387,-1.3739494,6.3431463,6.639958
1500082064403,-0.85692316,6.3527207,6.850598
1500082064419,-0.15798025,6.525063,7.1091113
1500082064435,-0.56968635,6.4963393,6.9654927
1500082064451,-0.78990126,6.458041,6.9176197
1500082064467,-0.47394073,6.47719,7.051664
1500082064482,-0.5505372,6.438892,7.02294
1500082064499,-0.6845811,6.37187,6.975067
1500082064515,-0.6079846,6.3431463,7.02294
1500082064531,-0.59841,6.3431463,7.0325146
1500082064546,-0.6271337,6.3527207,7.02294
1500082064563,-0.5888355,6.3622956,7.02294
1500082064579,-0.5792609,6.37187,7.0325146
1500082064594,-0.59841,6.4005938,6.984642
1500082064610,-0.5888355,6.438892,7.003791
1500082064626,-0.5888355,6.4197426,6.984642
1500082064642,-0.59841,6.438892,6.975067
1500082064658,-0.5792609,6.438892,6.975067
1500082064674,-0.5888355,6.438892,6.9942164
1500082064690,-0.56011176,6.458041,7.0133657
1500082064706,-0.5888355,6.438892,7.0133657
1500082064722,-0.39734426,6.132506,6.592085
1500082064738,0.25372586,7.2910275,7.4920936
1500082064754,-1.0675635,6.5346375,6.9942164
1500082064770,-0.7994758,5.998462,7.003791
1500082064786,-0.64628285,5.950589,7.137835
1500082064802,-0.77075213,6.1229315,7.2335806
1500082064818,-1.0196906,6.218677,7.1186857
1500082064834,-0.9622433,6.151655,7.0133657
1500082064850,-1.4984187,6.2091026,6.783576
1500082064866,-3.2026904,6.515488,6.3431463
1500082064882,0.42606795,6.094208,7.3867736
1500082064898,1.6994845,6.5729356,7.664436
1500082064914,-0.8664977,6.5729356,6.9271946
1500082064930,-1.862252,6.1995277,6.515488
1500082064945,-0.23457673,6.4197426,7.0995364
1500082064961,0.0718092,6.869747,7.2335806
1500082064977,-0.7994758,6.783576,6.8793216
1500082064994,-0.76117754,6.5059137,6.8793216
1500082065009,-0.40691882,6.5059137,7.0803876
1500082065025,-0.665432,6.410168,7.051664
1500082065041,-0.8090504,6.2474008,7.003791
1500082065057,-0.69415563,6.2091026,7.042089
1500082065073,-0.69415563,6.2761245,7.02294
1500082065089,-0.76117754,6.285699,6.975067
1500082065105,-0.70373017,6.3144226,7.0133657
1500082065121,-0.63670826,6.3814445,7.0325146
1500082065137,-0.6558574,6.4197426,7.042089
1500082065153,-0.63670826,6.4293175,7.02294
1500082065169,-0.61755913,6.4293175,7.042089
1500082065185,-0.63670826,6.4005938,7.0133657
1500082065201,-0.63670826,6.3814445,7.0325146
1500082065217,-0.6558574,6.37187,7.0133657
1500082065233,-0.63670826,6.3622956,7.0325146
1500082065249,-0.64628285,6.391019,7.042089
1500082065265,-0.6750065,6.4005938,7.042089
1500082065281,-0.6750065,6.4005938,7.0325146
1500082065297,-0.6558574,6.4005938,7.042089
1500082065313,-0.6750065,6.3527207,6.9942164
1500082065329,-0.25372586,6.2378263,6.9654927
1500082065345,-0.6845811,7.2910275,7.2144313
1500082065361,-1.1058618,6.391019,6.8601727
1500082065377,-1.0196906,6.3431463,7.051664
1500082065393,-1.0388398,6.2378263,7.137835
1500082065409,-0.76117754,5.941015,7.2527294
1500082065425,-0.40691882,5.6250544,7.2718787
1500082065441,-0.42606795,5.634629,7.2527294
1500082065456,-0.47394073,4.916537,7.204857
1500082065472,-1.0292653,6.458041,6.984642
1500082065488,-0.91437054,7.9420977,7.1091113
1500082065505,-0.37819514,6.592085,7.1091113
1500082065521,-0.6558574,5.9697385,7.003791
1500082065537,-0.8952214,6.5346375,6.9176197
1500082065553,-0.6271337,6.6591067,7.0133657
1500082065568,-0.6271337,6.1899533,7.0325146
1500082065584,-0.8473486,6.0463347,7.0133657
1500082065600,-0.77075213,6.304848,7.051664
1500082065616,-0.6750065,6.4293175,7.1186857
1500082065632,-0.7324539,6.3144226,7.1091113
1500082065648,-0.7324539,6.285699,7.0803876
1500082065664,-0.69415563,6.2952733,7.042089
1500082065680,-0.71330476,6.2761245,7.0612383
1500082065696,-0.7228793,6.2761245,7.0803876
1500082065712,-0.70373017,6.323997,7.0612383
1500082065728,-0.71330476,6.3622956,7.042089
1500082065744,-0.7324539,6.323997,7.0325146
1500082065760,-0.71330476,6.304848,7.042089
1500082065776,-0.7324539,6.2761245,7.051664
1500082065792,-0.7228793,6.2761245,7.0325146
1500082065808,-0.7420284,6.3144226,7.0325146
1500082065824,-0.76117754,6.285699,6.936769
1500082065840,-0.6079846,6.256975,6.9271946
1500082065856,-0.3398969,7.4920936,7.4920936
1500082065872,-1.1250108,5.912291,6.8793216
1500082065888,-0.751603,5.8644185,7.1857076
1500082065904,-0.4835153,6.094208,7.2910275
1500082065920,-0.61755913,6.103782,7.310177
1500082065935,-0.8281995,5.797396,7.1665583
1500082065952,-0.90479594,5.7016506,7.12826
1500082065968,-1.2686293,6.132506,7.0325146
1500082065984,-1.709059,6.486765,6.869747
1500082065999,-1.9867213,7.0133657,6.7740016
1500082066016,-1.0579889,7.0708127,7.204857
1500082066031,1.2590547,5.5484576,7.4154973
1500082066047,-0.16755481,6.0559096,7.156984
1500082066063,-1.7665064,6.639958,6.6878304
1500082066079,-0.665432,6.410168,7.0133657
1500082066095,-0.014361841,6.333572,7.329326
1500082066111,-0.78032666,6.592085,7.0325146
1500082066128,-0.90479594,6.630383,6.9463434
1500082066143,-0.56968635,6.458041,7.089962
1500082066159,-0.751603,6.3144226,7.0612383
1500082066175,-0.8952214,6.218677,7.003791
1500082066191,-0.76117754,6.1612296,7.0803876
1500082066207,-0.71330476,6.151655,7.0803876
1500082066223,-0.751603,6.2378263,7.0325146
1500082066239,-0.70373017,6.3431463,7.051664
1500082066255,-0.63670826,6.4484663,7.0803876
1500082066271,-0.6750065,6.4484663,7.0325146
1500082066287,-0.7228793,6.4197426,7.02294
1500082066303,-0.70373017,6.391019,7.0708127
1500082066319,-0.69415563,6.323997,7.0708127
1500082066335,-0.71330476,6.285699,7.042089
1500082066351,-0.6750065,6.3144226,7.0995364
1500082066367,-0.6558574,6.3431463,7.0995364
1500082066383,-0.665432,6.3622956,7.0803876
1500082066399,-0.6750065,6.333572,7.0325146
1500082066414,-0.70373017,6.304848,7.0325146
1500082066430,-0.7228793,6.3431463,7.0325146
1500082066446,-0.71330476,6.37187,7.0325146
1500082066462,-0.7228793,6.3527207,7.02294
1500082066479,-0.7420284,6.1612296,6.525063
1500082066495,-0.20585304,6.5537868,7.6452866
1500082066511,-0.78032666,6.7931504,6.975067
1500082066526,-0.8952214,6.218677,6.9654927
1500082066542,-0.6558574,6.4963393,7.12826
1500082066558,-0.6845811,6.5059137,7.2335806
1500082066574,-0.83777404,6.1229315,7.12826
1500082066590,-0.92394507,6.027186,7.089962
1500082066606,-0.85692316,6.103782,7.0995364
1500082066622,-0.7324539,6.132506,7.137835
1500082066638,-0.6558574,6.285699,7.1186857
1500082066654,-0.7420284,6.2378263,7.0708127
1500082066670,-1.2016073,5.806971,6.936769
1500082066686,-0.8856468,5.998462,7.051664
1500082066702,-0.062234644,7.0995364,7.2718787
1500082066718,-0.56011176,6.639958,7.051664
1500082066734,-1.0388398,6.065484,6.831449
1500082066750,-0.56968635,6.458041,7.0133657
1500082066766,-0.46436617,6.745278,7.0803876
1500082066782,-0.7228793,6.438892,7.042089
1500082066798,-0.70373017,6.2378263,7.0708127
1500082066814,-0.6558574,6.333572,7.12826
1500082066830,-0.71330476,6.304848,7.089962
1500082066846,-0.7228793,6.218677,7.0708127
1500082066862,-0.6845811,6.2665496,7.0612383
1500082066878,-0.69415563,6.3814445,7.042089
1500082066894,-0.69415563,6.4005938,7.0325146
1500082066910,-0.6558574,6.37187,7.02294
1500082066925,-0.6750065,6.391019,7.02294
1500082066942,-0.6845811,6.3814445,7.02294
1500082066957,-0.665432,6.3527207,7.042089
1500082066973,-0.6750065,6.333572,7.042089
1500082066989,-0.69415563,6.3527207,7.0612383
1500082067005,-0.6750065,6.37187,7.0708127
1500082067021,-0.6845811,6.3527207,7.0612383
1500082067037,-0.6750065,6.3527207,7.0803876
1500082067053,-0.69415563,6.3527207,7.051664
1500082067069,-0.69415563,6.3622956,7.0612383
1500082067085,-0.6845811,6.3622956,7.0612383
1500082067101,-0.6750065,6.3527207,7.042089
1500082067117,-0.6845811,6.37187,7.003791
1500082067133,-0.6750065,6.410168,7.003791
1500082067149,-0.64628285,6.3814445,7.0325146
1500082067165,-0.665432,6.3814445,7.0325146
1500082067181,-0.6750065,6.3527207,7.0803876
1500082067197,-0.6750065,6.333572,7.0995364
1500082067213,-0.70373017,6.3144226,7.0612383
1500082067229,-0.77075213,6.1995277,6.8601727
1500082067245,-0.6558574,6.170804,7.12826
1500082067261,-0.30159867,6.8122997,7.2144313
1500082067277,-0.8281995,6.486765,6.9559183
1500082067293,-0.63670826,6.4963393,7.1091113
1500082067309,-0.50266445,6.4676156,7.2144313
1500082067325,-0.78032666,6.180379,7.12826
1500082067341,-1.0196906,5.9027166,6.9654927
1500082067357,-0.8856468,6.027186,7.003791
1500082067373,-0.7228793,6.2952733,7.051664
1500082067388,-0.5888355,6.4963393,7.0708127
1500082067405,-0.63670826,6.47719,7.042089
1500082067421,-0.751603,6.333572,7.02294
1500082067437,-0.7228793,6.323997,7.0325146
1500082067453,-0.64628285,6.4197426,7.0612383
1500082067468,-0.6558574,6.4197426,7.089962
1500082067485,-0.6558574,6.3431463,7.1186857
1500082067501,-0.6271337,6.3431463,7.1186857
1500082067517,-0.665432,6.3431463,7.0612383
1500082067533,-0.69415563,6.391019,7.0133657
1500082067548,-0.69415563,6.410168,7.0325146
1500082067564,-0.70373017,6.37187,7.02294
1500082067580,-0.7228793,6.3527207,7.042089
1500082067596,-0.7324539,6.333572,7.0325146
1500082067612,-0.71330476,6.2952733,7.051664
1500082067628,-0.7228793,6.2952733,7.0612383
1500082067644,-0.71330476,6.304848,7.0708127
1500082067660,-0.71330476,6.2952733,7.0803876
1500082067676,-0.71330476,6.2952733,7.0612383
1500082067692,-0.7228793,6.3144226,7.0708127
1500082067708,-0.71330476,6.333572,7.051664
1500082067724,-0.7420284,6.3622956,7.0325146
1500082067740,-0.71330476,6.3431463,7.042089
1500082067756,-0.70373017,6.3622956,7.0612383
1500082067772,-0.69415563,6.3431463,7.0708127
1500082067788,-0.71330476,6.323997,7.042089
1500082067804,-0.71330476,6.323997,7.0612383
1500082067820,-0.7324539,6.2952733,7.0708127
1500082067836,-0.7324539,6.304848,7.0803876
1500082067852,-0.7420284,6.3144226,7.0325146
1500082067868,-0.7324539,6.065484,6.6495323
1500082067883,-0.3877697,7.0612383,7.46337
1500082067899,-0.93351966,6.094208,6.936769
1500082067916,-0.8760723,6.0559096,7.1091113
1500082067931,-0.71330476,6.3527207,7.204857
1500082067947,-0.77075213,6.4197426,7.204857
1500082067963,-0.9526688,6.0750585,7.0325146
1500082067979,-1.0196906,6.094208,7.02294
1500082067995,-0.9526688,6.170804,7.003791
1500082068011,-0.5792609,6.285699,7.1091113
1500082068027,-0.4356425,6.515488,7.176133
1500082068043,-0.8952214,6.3144226,7.0612383
1500082068059,-0.8473486,6.2282515,7.02294
1500082068075,-0.5888355,6.3527207,7.0612383
1500082068091,-0.7420284,6.333572,7.02294
1500082068107,-0.78032666,6.2761245,7.0325146
1500082068123,-0.6845811,6.3814445,7.0708127
1500082068139,-0.751603,6.4293175,7.02294
1500082068155,-0.78032666,6.3527207,7.02294
1500082068171,-0.77075213,6.333572,7.051664
1500082068187,-0.751603,6.285699,7.0612383
1500082068203,-0.76117754,6.2474008,7.1091113
1500082068219,-0.71330476,6.2282515,7.089962
1500082068235,-0.70373017,6.285699,7.0803876
1500082068251,-0.7420284,6.304848,7.051664
1500082068267,-0.7228793,6.333572,7.0612383
1500082068283,-0.7228793,6.37187,7.0708127
1500082068299,-0.7420284,6.37187,7.051664
1500082068315,-0.7420284,6.3622956,7.0803876
1500082068331,-0.71330476,6.3431463,7.0708127
1500082068347,-0.70373017,6.333572,7.051664
1500082068363,-0.71330476,6.3431463,7.0612383
1500082068379,-0.7228793,6.323997,7.0708127
1500082068394,-0.7228793,6.3144226,7.051664
1500082068411,-0.7420284,6.3144226,7.051664
1500082068426,-0.7420284,6.304848,7.0612383
1500082068442,-0.7324539,6.323997,7.0612383
1500082068458,-0.7324539,6.323997,7.0995364
1500082068474,-0.71330476,6.304848,7.089962
1500082068490,-0.70373017,6.304848,7.0708127
1500082068506,-0.69415563,6.323997,7.0325146
1500082068522,-0.26330042,6.486765,6.9176197
1500082068538,-0.90479594,7.0995364,7.176133
1500082068554,-1.3643749,6.0559096,6.821874
1500082068570,-0.78990126,5.9697385,7.12826
1500082068586,-0.50266445,6.1229315,7.2910275
1500082068602,-0.5218136,6.2091026,7.2623043
1500082068618,-0.63670826,6.151655,7.156984
1500082068634,-0.64628285,6.285699,7.1091113
1500082068650,-0.70373017,6.438892,7.0612383
1500082068666,-0.71330476,6.410168,7.051664
1500082068682,-0.665432,6.132506,7.0995364
1500082068698,-0.71330476,5.82612,7.0995364
1500082068714,-0.8473486,6.2091026,7.0325146
1500082068730,-0.78032666,6.9559183,7.051664
1500082068746,-0.6079846,6.37187,7.0708127
1500082068762,-0.69415563,6.1420803,7.003791
1500082068778,-0.70373017,6.4963393,7.02294
1500082068794,-0.6079846,6.525063,7.042089
1500082068810,-0.6558574,6.304848,7.0612383
1500082068826,-0.7324539,6.304848,7.042089
1500082068842,-0.70373017,6.37187,7.0995364
1500082068858,-0.6845811,6.3144226,7.1186857
1500082068874,-0.7420284,6.2474008,7.0803876
1500082068890,-0.71330476,6.2474008,7.0708127
1500082068905,-0.6845811,6.2665496,7.0612383
1500082068921,-0.70373017,6.285699,7.0708127
1500082068937,-0.6750065,6.3814445,7.051664
1500082068953,-0.665432,6.410168,7.051664
1500082068969,-0.6558574,6.391019,7.042089
1500082068985,-0.665432,6.37187,7.02294
1500082069001,-0.6750065,6.3622956,7.0325146
1500082069017,-0.70373017,6.3431463,7.0325146
1500082069033,-0.71330476,6.304848,7.051664
1500082069049,-0.70373017,6.2952733,7.0325146
1500082069065,-0.7228793,6.333572,7.042089
1500082069081,-0.70373017,6.3622956,7.0612383
1500082069097,-0.70373017,6.333572,7.0708127
1500082069113,-0.6845811,6.3622956,7.0803876
1500082069129,-0.69415563,6.3622956,7.089962
1500082069145,-0.6750065,6.304848,7.0803876
1500082069161,-0.6750065,6.323997,7.0612383
1500082069177,-0.6750065,6.37187,7.042089
1500082069193,-0.6845811,6.37187,7.051664
1500082069209,-0.6750065,6.3622956,7.02294
1500082069225,-0.6845811,6.3527207,7.02294
1500082069241,-0.6845811,6.323997,7.0325146
1500082069257,-0.6845811,6.323997,7.042089
1500082069273,-0.6750065,6.3622956,7.0612383
1500082069289,-0.665432,6.3622956,7.0803876
1500082069305,-0.6750065,6.323997,7.051664
1500082069321,-0.6845811,6.304848,7.0708127
1500082069337,-0.69415563,6.3144226,7.0708127
1500082069353,-0.69415563,6.333572,7.0325146
1500082069369,-0.6845811,6.3814445,7.051664
1500082069385,-0.6845811,6.3814445,7.042089
1500082069401,-0.6845811,6.3814445,7.02294
1500082069417,-0.6750065,6.3527207,7.051664
1500082069433,-0.6845811,6.323997,7.0612383
1500082069449,-0.6750065,6.304848,7.0612383
1500082069465,-0.6750065,6.323997,7.0708127
1500082069481,-0.6750065,6.3431463,7.051664
1500082069497,-0.70373017,6.333572,7.0133657
1500082069513,-0.665432,6.2761245,7.042089
1500082069528,-0.5505372,6.544212,7.1665583
1500082069545,-0.83777404,6.2378263,6.9942164
1500082069560,-0.6079846,6.3431463,7.089962
1500082069577,-0.63670826,6.438892,7.0995364
1500082069592,-0.7420284,6.2952733,7.0325146
1500082069608,-0.6845811,6.3527207,7.051664
1500082069624,-0.665432,6.458041,7.0612383
1500082069640,-0.6558574,6.4005938,7.0612383
1500082069656,-0.6845811,6.3527207,7.042089
1500082069672,-0.6845811,6.333572,7.0708127
1500082069688,-0.63670826,6.2665496,7.089962
1500082069704,-0.70373017,6.2378263,7.0612383
1500082069720,-0.7228793,6.2952733,7.089962
1500082069736,-0.6845811,6.323997,7.12826
1500082069752,-0.665432,6.323997,7.1091113
1500082069768,-0.6750065,6.2474008,7.0803876
1500082069784,-0.63670826,6.2282515,7.089962
1500082069800,-0.63670826,6.3144226,7.0995364
1500082069816,-0.61755913,6.2378263,7.1186857
1500082069832,-0.70373017,6.256975,7.051664
1500082069848,-0.78032666,6.438892,7.042089
1500082069864,-0.7228793,6.4293175,7.0708127
1500082069880,-0.70373017,6.304848,7.042089
1500082069896,-0.6558574,6.1995277,7.0612383
1500082069911,-0.76117754,6.304848,7.0325146
1500082069927,-0.76117754,6.458041,7.0612383
1500082069943,-0.665432,6.2761245,7.0708127
1500082069959,-0.7228793,6.3144226,7.042089
1500082069975,-0.6845811,6.4293175,7.0803876
1500082069991,-0.61755913,6.3814445,7.12826
1500082070007,-0.6750065,6.3431463,7.089962
1500082070023,-0.63670826,6.2952733,7.0708127
1500082070039,-0.61755913,6.2952733,7.0803876
1500082070055,-0.7324539,6.3527207,7.0325146
1500082070071,-0.64628285,6.4005938,7.0708127
1500082070087,-0.6558574,6.3814445,7.051664
1500082070103,-0.6845811,6.4293175,7.02294
1500082070119,-0.6845811,6.4005938,7.0133657
1500082070135,-0.665432,6.2761245,7.003791
1500082070151,-0.69415563,6.323997,7.0325146
1500082070167,-0.70373017,6.3431463,7.0803876
1500082070183,-0.6750065,6.323997,7.0803876
1500082070199,-0.6750065,6.323997,7.089962
1500082070215,-0.665432,6.304848,7.0803876
1500082070231,-0.70373017,6.3144226,7.0612383
1500082070247,-0.69415563,6.3144226,7.042089
1500082070263,-0.7324539,6.3431463,7.02294
1500082070279,-0.69415563,6.4676156,7.0612383
1500082070295,-0.665432,6.563361,7.0803876
1500082070311,-0.665432,6.783576,7.12826
1500082070327,-0.6079846,6.5729356,7.051664
1500082070343,-0.77075213,5.787822,6.9176197
1500082070359,-0.8186249,6.0367603,6.9463434
1500082070375,-0.64628285,6.544212,7.0612383
1500082070391,-0.70373017,6.3144226,7.051664
1500082070407,-0.78032666,6.1995277,7.051664
1500082070422,-0.6750065,6.4005938,7.0612383
1500082070438,-0.6750065,6.4676156,7.042089
1500082070454,-0.7420284,6.333572,7.042089
1500082070470,-0.7324539,6.2952733,7.051664
1500082070486,-0.7420284,6.3144226,7.02294
1500082070502,-0.751603,6.2952733,7.0325146
1500082070518,-0.7324539,6.3144226,7.051664
1500082070534,-0.7420284,6.323997,7.051664
1500082070550,-0.77075213,6.2665496,7.0133657
1500082070566,-0.9718179,6.2952733,6.563361
1500082070582,0.30159867,6.764427,7.6835847
1500082070598,-0.8952214,6.783576,7.089962
1500082070614,-1.8526775,5.4048395,6.8888965
1500082070630,-0.7324539,5.4431376,7.3197513
1500082070646,-0.3398969,6.304848,7.35805
1500082070662,-0.0718092,6.716554,7.2335806
1500082070678,-0.83777404,6.5537868,6.8888965
1500082070694,-1.2111819,6.0559096,6.7357035
1500082070710,-0.40691882,6.592085,7.0995364
1500082070726,-0.5505372,6.7740016,7.089962
1500082070742,-0.91437054,6.3431463,6.9559183
1500082070758,-0.70373017,6.180379,7.0708127
1500082070774,-0.61755913,6.3144226,7.1091113
1500082070790,-0.77075213,6.333572,7.042089
1500082070806,-0.71330476,6.2474008,7.042089
1500082070822,-0.665432,6.3144226,7.0325146
1500082070838,-0.7228793,6.3527207,7.02294
1500082070854,-0.7324539,6.3527207,7.0133657
1500082070870,-0.7228793,6.3431463,7.089962
1500082070885,-0.7324539,6.333572,7.0708127
1500082070901,-0.71330476,6.333572,7.051664
1500082070917,-0.71330476,6.3144226,7.0708127
1500082070933,-0.70373017,6.304848,7.0708127
1500082070949,-0.6750065,6.3814445,7.0612383
1500082070965,-0.6558574,6.4197426,7.042089
1500082070981,-0.6845811,6.391019,7.0325146
1500082070997,-0.69415563,6.37187,7.02294
1500082071013,-0.70373017,6.3622956,7.0325146
1500082071029,-0.71330476,6.323997,7.0612383
1500082071045,-0.70373017,6.285699,7.0803876
1500082071061,-0.69415563,6.2952733,7.0803876
1500082071077,-0.6750065,6.3144226,7.0803876
1500082071093,-0.6750065,6.323997,7.0708127
1500082071109,-0.69415563,6.3431463,7.0612383
1500082071125,-0.70373017,6.37187,7.0612383
1500082071141,-0.70373017,6.3622956,7.0325146
1500082071157,-0.69415563,6.3622956,7.0133657
1500082071173,-0.69415563,6.37187,7.042089
1500082071189,-0.6845811,6.3622956,7.0325146
1500082071205,-0.70373017,6.333572,7.051664
1500082071221,-0.69415563,6.333572,7.0612383
1500082071237,-0.69415563,6.3431463,7.0612383
1500082071253,-0.69415563,6.323997,7.051664
1500082071269,-0.69415563,6.323997,7.051664
1500082071285,-0.6845811,6.3814445,7.051664
1500082071301,-0.6845811,6.37187,7.042089
1500082071317,-0.6845811,6.3622956,7.0708127
1500082071333,-0.6845811,6.3431463,7.0612383
1500082071349,-0.6750065,6.3431463,7.089962
1500082071365,-0.6845811,6.333572,7.0708127
1500082071381,-0.69415563,6.3527207,7.0612383
1500082071397,-0.69415563,6.3622956,7.042089
1500082071413,-0.6845811,6.37187,7.0133657
1500082071428,-0.64628285,6.391019,7.0325146
1500082071445,-0.69415563,6.3431463,7.0325146
1500082071461,-0.7228793,6.3144226,7.042089
1500082071476,-0.70373017,6.3431463,7.0612383
1500082071493,-0.6845811,6.323997,7.0612383
1500082071509,-0.70373017,6.285699,7.051664
1500082071525,-0.69415563,6.2474008,7.0325146
1500082071540,-0.6845811,6.2952733,7.0612383
1500082071556,-0.6750065,6.3814445,7.0803876
1500082071572,-0.64628285,6.438892,7.051664
1500082071588,-0.6558574,6.410168,7.0325146
1500082071604,-0.6558574,6.3814445,7.0325146
1500082071620,-0.665432,6.391019,7.02294
1500082071636,-0.6750065,6.4005938,7.042089
1500082071652,-0.6845811,6.37187,7.02294
1500082071668,-0.70373017,6.3144226,7.0133657
1500082071684,-0.6750065,6.2761245,7.003791
1500082071700,-0.59841,6.3527207,7.0612383
1500082071716,-0.71330476,6.2952733,7.051664
1500082071732,-0.78032666,6.304848,7.051664
1500082071748,-0.665432,6.2952733,7.0708127
1500082071764,-0.77075213,6.2091026,7.0612383
1500082071780,-0.76117754,6.304848,7.02294
1500082071796,-0.6271337,6.458041,7.051664
1500082071812,-0.54096264,6.5537868,7.1091113
1500082071828,-0.56011176,6.47719,7.042089
1500082071844,-0.63670826,6.4484663,7.003791
1500082071860,-0.512239,6.7261286,7.0995364
1500082071875,-0.4835153,6.563361,7.156984
1500082071892,-0.8186249,6.094208,6.8793216
1500082071908,-0.9622433,5.835695,6.898471
1500082071924,-0.5313881,6.4293175,7.1186857
1500082071939,-0.5888355,6.4676156,7.089962
1500082071956,-0.78032666,6.2474008,6.9942164
1500082071972,-0.6271337,6.391019,7.051664
1500082071987,-0.5888355,6.515488,7.0325146
1500082072004,-0.69415563,6.391019,7.02294
1500082072019,-0.64628285,6.3144226,7.0325146
1500082072035,-0.64628285,6.3622956,7.042089
1500082072051,-0.69415563,6.3431463,7.042089
1500082072067,-0.70373017,6.3144226,7.042089
1500082072083,-0.6845811,6.3527207,7.0133657
1500082072099,-0.69415563,6.3814445,7.02294
1500082072115,-0.6750065,6.37187,7.0325146
1500082072131,-0.6750065,6.4005938,7.0325146
1500082072147,-0.665432,6.4197426,7.0325146
1500082072163,-0.6558574,6.410168,7.042089
1500082072179,-0.6558574,6.4005938,7.0612383
1500082072195,-0.6750065,6.37187,7.051664
1500082072211,-0.69415563,6.323997,7.0325146
1500082072227,-0.6750065,6.333572,7.051664
1500082072243,-0.6558574,6.3622956,7.0612383
1500082072259,-0.6558574,6.3814445,7.051664
1500082072275,-0.665432,6.4005938,7.02294
1500082072291,-0.69415563,6.3814445,7.0325146
1500082072307,-0.6750065,6.3622956,7.02294
1500082072323,-0.751603,6.1995277,6.8410234
1500082072339,-0.26330042,6.4005938,7.243155
1500082072355,-1.1154363,6.3527207,7.0803876
1500082072371,-1.0005416,6.027186,6.9271946
1500082072387,-0.32074776,6.4676156,7.2240057
1500082072403,-0.69415563,6.3527207,7.051664
1500082072418,-0.77075213,6.170804,6.936769
1500082072435,-0.61755913,6.47719,7.1091113
1500082072451,-0.44521707,6.7069798,7.2240057
1500082072466,-0.49308985,6.6208086,7.12826
1500082072483,-0.6750065,6.47719,7.089962
1500082072499,-0.5505372,6.7261286,7.137835
1500082072515,-0.56968635,6.515488,6.975067
1500082072530,-1.0579889,5.5580325,6.7931504
1500082072546,-0.8186249,6.0367603,6.936769
1500082072562,-0.4835153,6.639958,7.0995364
1500082072578,-0.7228793,6.391019,6.984642
1500082072594,-0.78990126,6.2474008,7.0133657
1500082072610,-0.6079846,6.4484663,7.1091113
1500082072626,-0.6558574,6.486765,7.089962
1500082072642,-0.71330476,6.3814445,7.0708127
1500082072658,-0.665432,6.333572,7.0708127
1500082072674,-0.6750065,6.3527207,7.051664
1500082072690,-0.69415563,6.3144226,7.0325146
1500082072706,-0.7324539,6.2761245,7.02294
1500082072722,-0.7420284,6.304848,7.0133657
1500082072738,-0.78032666,6.333572,6.9654927
1500082072754,-0.76117754,6.333572,6.984642
1500082072770,-0.7324539,6.3527207,7.0325146
1500082072786,-0.7228793,6.3814445,7.0325146
1500082072802,-0.69415563,6.391019,7.0612383
1500082072818,-0.69415563,6.3527207,7.0803876
1500082072834,-0.71330476,6.3144226,7.0612383
1500082072850,-0.71330476,6.323997,7.0995364
1500082072866,-0.7228793,6.333572,7.0612383
1500082072882,-0.7228793,6.3527207,7.0708127
1500082072897,-0.7228793,6.3622956,7.02294
1500082072913,-0.7228793,6.3622956,7.0133657
1500082072929,-0.71330476,6.333572,7.0133657
1500082072945,-0.71330476,6.323997,7.003791
1500082072961,-0.7228793,6.323997,7.0133657
1500082072977,-0.7324539,6.3431463,6.984642
1500082072993,-0.76117754,6.323997,7.0133657
1500082073009,-0.7420284,6.304848,7.0133657
1500082073025,-0.78032666,6.2952733,7.042089
1500082073041,-0.7420284,6.3144226,7.0612383
1500082073057,-0.7228793,6.3527207,7.0612383
1500082073073,-0.71330476,6.3527207,7.0612383
1500082073089,-0.7228793,6.323997,7.051664
1500082073105,-0.7228793,6.3144226,7.0133657
1500082073121,-0.7228793,6.3431463,7.0133657
1500082073137,-0.7324539,6.3622956,7.003791
1500082073153,-0.751603,6.37187,7.0133657
1500082073169,-0.7420284,6.391019,7.051664
1500082073185,-0.70373017,6.410168,7.0803876
1500082073201,-0.6845811,6.3622956,7.0612383
1500082073217,-0.6750065,6.323997,7.02294
1500082073233,-0.6750065,6.333572,7.02294
1500082073249,-0.7324539,6.333572,7.0325146
1500082073265,-0.7420284,6.37187,7.003791
1500082073281,-0.7420284,6.333572,6.9654927
1500082073297,-0.71330476,6.304848,6.936769
1500082073313,-0.6558574,6.4293175,7.0803876
1500082073329,-0.6750065,6.391019,7.0708127
1500082073345,-0.71330476,6.3144226,7.0803876
1500082073361,-0.69415563,6.3144226,7.089962
1500082073377,-0.7324539,6.323997,7.0708127
1500082073393,-0.71330476,6.3622956,7.02294
1500082073408,-0.64628285,6.4484663,7.0325146
1500082073425,-0.64628285,6.4963393,7.0708127
1500082073441,-0.64628285,6.4197426,7.0325146
1500082073457,-0.6271337,6.438892,7.042089
1500082073472,-0.61755913,6.486765,7.0612383
1500082073488,-0.61755913,6.458041,7.0708127
1500082073505,-0.6079846,6.37187,7.0325146
1500082073520,-0.56011176,6.2378263,7.02294
1500082073536,-0.512239,6.2282515,7.02294
1500082073552,-0.59841,6.323997,7.02294
1500082073568,-0.6558574,6.486765,7.02294
1500082073584,-0.665432,6.515488,7.042089
1500082073600,-0.6845811,6.515488,7.0612383
1500082073616,-0.665432,6.3622956,7.0325146
1500082073632,-0.512239,5.988888,7.051664
1500082073648,-0.92394507,6.2378263,6.9176197
1500082073664,-0.7994758,6.5537868,7.003791
1500082073680,-0.49308985,6.410168,7.089962
1500082073696,-0.70373017,6.4197426,7.02294
1500082073712,-0.69415563,6.5059137,7.003791
1500082073728,-0.5792609,6.438892,7.051664
1500082073744,-0.6750065,6.3144226,7.02294
1500082073760,-0.70373017,6.323997,7.02294
1500082073776,-0.6558574,6.3527207,7.051664
1500082073792,-0.69415563,6.3431463,7.02294
1500082073808,-0.6845811,6.323997,7.02294
1500082073824,-0.665432,6.3622956,7.0133657
1500082073840,-0.78990126,5.7208,6.563361
1500082073855,-0.17712937,7.5591154,7.511243
1500082073871,-1.14416,6.1995277,6.821874
1500082073887,-0.92394507,6.1229315,7.02294
1500082073903,-0.59841,6.525063,7.137835
1500082073919,-0.6750065,6.3527207,7.003791
1500082073935,-0.69415563,6.323997,6.9559183
1500082073951,-0.63670826,6.563361,7.0708127
1500082073967,-0.6750065,6.410168,7.1186857
1500082073983,-0.7420284,6.0846334,7.089962
1500082073999,-0.7228793,6.0080366,7.1186857
1500082074015,-0.50266445,5.462287,7.1665583
1500082074031,-0.64628285,5.672927,7.0803876
1500082074047,-0.91437054,7.051664,7.02294
1500082074063,-0.69415563,7.0612383,7.042089
1500082074079,-0.512239,6.2952733,7.0133657
1500082074095,-0.70373017,6.3622956,6.984642
1500082074111,-0.665432,6.639958,7.003791
1500082074127,-0.5888355,6.391019,7.0325146
1500082074143,-0.70373017,6.218677,7.003791
1500082074159,-0.6845811,6.3814445,7.003791
1500082074175,-0.63670826,6.4293175,7.02294
1500082074191,-0.69415563,6.333572,7.02294
1500082074207,-0.71330476,6.3431463,7.051664
1500082074223,-0.665432,6.3814445,7.0612383
1500082074239,-0.665432,6.4005938,7.0803876
1500082074255,-0.6750065,6.3622956,7.042089
1500082074271,-0.64628285,6.333572,7.051664
1500082074287,-0.665432,6.3527207,7.051664
1500082074303,-0.665432,6.37187,7.042089
1500082074319,-0.665432,6.4005938,7.02294
1500082074334,-0.6750065,6.4005938,7.003791
1500082074350,-0.70373017,6.3814445,7.003791
1500082074366,-0.71330476,6.3622956,7.003791
1500082074382,-0.69415563,6.3622956,7.0133657
1500082074398,-0.665432,6.37187,7.0612383
1500082074414,-0.665432,6.3431463,7.042089
1500082074430,-0.665432,6.333572,7.042089
1500082074446,-0.90479594,6.716554,6.6878304
1500082074462,-0.4164934,7.042089,7.4250717
1500082074478,-0.50266445,5.347392,7.089962
1500082074494,-0.83777404,5.873993,7.0995364
1500082074510,-0.47394073,6.2665496,7.137835
1500082074526,-0.7228793,6.7357035,7.02294
1500082074542,-0.8090504,6.630383,6.936769
1500082074558,-0.5792609,6.410168,7.003791
1500082074574,-0.64628285,6.47719,7.02294
1500082074590,-0.7420284,6.391019,7.0133657
1500082074606,-0.63670826,6.2378263,7.051664
1500082074622,-0.64628285,6.2952733,7.042089
1500082074638,-0.665432,6.438892,7.0325146
1500082074654,-0.63670826,6.458041,7.042089
1500082074670,-0.6845811,6.37187,7.02294
1500082074686,-0.71330476,6.3622956,7.0325146
1500082074702,-0.69415563,6.3527207,7.051664
1500082074718,-0.6845811,6.3527207,7.0803876
1500082074734,-0.6558574,6.3814445,7.051664
1500082074750,-0.6750065,6.410168,7.0708127
1500082074766,-0.6558574,6.3622956,7.0325146
1500082074782,-0.6558574,6.3144226,7.0133657
1500082074798,-0.70373017,6.285699,7.003791
1500082074814,-0.71330476,6.304848,7.051664
1500082074830,-0.70373017,6.391019,7.0803876
1500082074846,-0.69415563,6.4197426,7.0612383
1500082074862,-0.69415563,6.3527207,7.02294
1500082074878,-0.6750065,6.2952733,7.0325146
1500082074894,-0.6750065,6.37187,7.042089
1500082074910,-0.6845811,6.410168,7.042089
1500082074926,-0.69415563,6.410168,7.0133657
1500082074942,-0.70373017,6.4005938,7.0325146
1500082074958,-0.70373017,6.3622956,7.042089
1500082074974,-0.71330476,6.3431463,7.0325146
1500082074989,-0.70373017,6.3431463,7.02294
1500082075005,-0.70373017,6.3431463,7.02294
1500082075021,-0.6845811,6.37187,7.0325146
1500082075037,-0.69415563,6.391019,7.02294
1500082075053,-0.70373017,6.3814445,7.02294
1500082075069,-0.70373017,6.3431463,7.051664
1500082075085,-0.71330476,6.3527207,7.0708127
1500082075101,-0.7228793,6.3431463,7.0803876
1500082075117,-0.70373017,6.3144226,7.0612383
1500082075133,-0.6845811,6.304848,7.0708127
1500082075149,-0.6750065,6.3527207,7.0803876
1500082075165,-0.6750065,6.2474008,6.869747
1500082075181,-0.9718179,7.1186857,6.984642
1500082075197,-1.0579889,5.6633525,6.984642
1500082075213,-0.3111732,6.2665496,7.1857076
1500082075229,-0.37819514,6.611234,7.2240057
1500082075245,-0.85692316,6.4963393,7.051664
1500082075261,-0.6079846,6.218677,7.089962
1500082075277,-0.5313881,6.4197426,7.1186857
1500082075293,-0.6271337,6.438892,7.0803876
1500082075309,-0.6271337,6.285699,7.1091113
1500082075324,-0.512239,6.2665496,7.195282
1500082075340,-0.6750065,6.391019,6.975067
1500082075356,-1.2111819,6.2761245,6.831449
1500082075372,-0.70373017,6.2761245,6.984642
1500082075388,-0.5218136,6.3814445,7.0612383
1500082075404,-0.8856468,6.3431463,6.9271946
1500082075420,-0.751603,6.3144226,6.975067
1500082075436,-0.6558574,6.3527207,7.0612383
1500082075452,-0.78032666,6.3144226,7.003791
1500082075468,-0.751603,6.3144226,7.051664
1500082075484,-0.69415563,6.323997,7.089962
1500082075500,-0.77075213,6.3144226,7.042089
1500082075516,-0.7420284,6.2761245,7.051664
1500082075532,-0.7324539,6.323997,7.051664
1500082075548,-0.7228793,6.333572,7.0708127
1500082075564,-0.71330476,6.3814445,7.051664
1500082075580,-0.70373017,6.3814445,7.02294
1500082075596,-0.7324539,6.3431463,7.0133657
1500082075612,-0.7228793,6.3527207,6.984642
1500082075628,-0.7324539,6.3431463,6.975067
1500082075644,-0.7420284,6.3431463,7.0133657
1500082075660,-0.7420284,6.37187,7.051664
1500082075676,-0.70373017,6.4293175,7.0708127
1500082075692,-0.70373017,6.37187,7.0708127
1500082075708,-0.6845811,6.256975,7.051664
1500082075724,-0.69415563,6.2474008,7.042089
1500082075740,-0.71330476,6.323997,7.051664
1500082075756,-0.70373017,6.4005938,7.0612383
1500082075772,-0.70373017,6.4293175,7.02294
1500082075788,-0.69415563,6.4293175,7.003791
1500082075804,-0.70373017,6.410168,7.003791
1500082075820,-0.6750065,6.4197426,7.02294
1500082075836,-0.6845811,6.4005938,7.042089
1500082075852,-0.6750065,6.4005938,7.003791
1500082075868,-0.665432,6.4197426,7.02294
1500082075884,-0.69415563,6.4005938,7.0325146
1500082075900,-0.70373017,6.4005938,7.051664
1500082075916,-0.71330476,6.3622956,7.0612383
1500082075932,-0.69415563,6.3144226,7.0708127
1500082075948,-0.71330476,6.3144226,7.0803876
1500082075963,-0.6845811,6.3431463,7.0612383
1500082075980,-0.665432,6.391019,7.0325146
1500082075995,-0.665432,6.4005938,7.003791
1500082076011,-0.6750065,6.4005938,7.003791
1500082076027,-0.6845811,6.410168,6.984642
1500082076043,-0.6845811,6.391019,6.9942164
1500082076059,-0.71330476,6.3527207,7.0133657
1500082076075,-0.70373017,6.3527207,7.02294
1500082076091,-0.69415563,6.3527207,7.051664
1500082076107,-0.6750065,6.3527207,7.0708127
1500082076123,-0.6845811,6.3431463,7.0612383
1500082076139,-0.6845811,6.3527207,7.051664
1500082076155,-0.69415563,6.3622956,7.0325146
1500082076171,-0.70373017,6.37187,7.0325146
1500082076187,-0.6845811,6.410168,7.0133657
1500082076203,-0.70373017,6.4197426,7.042089
1500082076219,-0.6750065,6.3814445,7.0133657
1500082076235,-0.6750065,6.37187,6.9942164
1500082076251,-0.6845811,6.333572,6.9654927
1500082076267,-0.6845811,6.2761245,6.898471
1500082076283,-0.4356425,6.764427,7.2144313
1500082076299,-0.8281995,6.2091026,6.9654927
1500082076314,-0.751603,6.2091026,7.0708127
1500082076330,-0.6271337,6.3814445,7.137835
1500082076346,-0.6558574,6.304848,7.12826
1500082076362,-0.70373017,6.2761245,7.0708127
1500082076378,-0.69415563,6.3144226,7.0612383
1500082076394,-0.7228793,6.391019,7.051664
1500082076410,-0.92394507,6.3814445,7.0133657
1500082076426,-1.0101161,6.2665496,6.975067
1500082076442,-0.8090504,6.2378263,7.0133657
1500082076458,-0.59841,6.2665496,7.051664
1500082076474,-0.36862057,6.438892,7.0803876
1500082076490,-0.71330476,6.4484663,6.975067
1500082076506,-0.7420284,6.391019,6.975067
1500082076522,-0.54096264,6.5059137,7.0803876
1500082076538,-0.6750065,6.438892,7.0325146
1500082076554,-0.7324539,6.304848,7.0133657
1500082076570,-0.6558574,6.323997,7.051664
1500082076586,-0.6845811,6.438892,7.0612383
1500082076602,-0.69415563,6.4293175,7.051664
1500082076618,-0.6558574,6.3814445,7.0325146
1500082076634,-0.6750065,6.3622956,7.0133657
1500082076650,-0.69415563,6.3431463,7.003791
1500082076666,-0.665432,6.3431463,7.0133657
1500082076682,-0.6845811,6.37187,7.003791
1500082076698,-0.6845811,6.3814445,6.984642
1500082076714,-0.6845811,6.391019,6.9654927
1500082076730,-0.6845811,6.4197426,6.9942164
1500082076746,-0.6845811,6.391019,7.02294
1500082076762,-0.665432,6.3622956,7.042089
1500082076778,-0.6558574,6.3814445,7.0708127
1500082076793,-0.6558574,6.3622956,7.0995364
1500082076809,-0.665432,6.3527207,7.0708127
1500082076825,-0.6845811,6.37187,7.042089
1500082076841,-0.6558574,6.4005938,7.042089
1500082076857,-0.69415563,6.3814445,7.0133657
1500082076873,-0.7324539,6.218677,6.3144226
1500082076889,-0.110107444,6.9942164,7.8176284
1500082076905,-1.0579889,6.2952733,6.8410234
1500082076921,-0.9430942,5.8835673,6.975067
1500082076937,-0.78032666,6.2665496,7.0708127
1500082076953,-0.6845811,6.3527207,7.0708127
1500082076969,-0.50266445,6.3814445,7.0708127
1500082076985,-0.4164934,6.5729356,7.1091113
1500082077001,-0.7994758,6.4005938,7.02294
1500082077017,-1.2877784,6.103782,6.8888965
1500082077033,-0.8760723,6.1995277,7.0803876
1500082077049,-0.15798025,6.4293175,7.243155
1500082077065,-0.6079846,6.4676156,7.02294
1500082077081,-0.9526688,6.3527207,6.831449
1500082077097,-0.5505372,6.5059137,7.003791
1500082077113,-0.56968635,6.6016593,7.051664
1500082077129,-0.76117754,6.458041,7.003791
1500082077145,-0.6750065,6.333572,7.0612383
1500082077161,-0.665432,6.323997,7.0803876
1500082077177,-0.7420284,6.323997,7.0325146
1500082077193,-0.7228793,6.285699,7.051664
1500082077209,-0.7228793,6.304848,7.0612383
1500082077225,-0.7420284,6.323997,7.051664
1500082077241,-0.7228793,6.323997,7.0325146
1500082077257,-0.6845811,6.3431463,7.0325146
1500082077273,-0.70373017,6.3622956,7.02294
1500082077289,-0.7228793,6.3814445,7.003791
1500082077305,-0.70373017,6.391019,7.003791
1500082077321,-0.70373017,6.4005938,7.042089
1500082077336,-0.70373017,6.4005938,7.042089
1500082077353,-0.70373017,6.3527207,7.0612383
1500082077369,-0.71330476,6.3431463,7.042089
1500082077385,-0.7228793,6.3144226,7.042089
1500082077401,-0.751603,6.2952733,7.042089
1500082077417,-0.78990126,6.2474008,7.051664
1500082077432,-0.77075213,6.2952733,7.1091113
1500082077448,-0.71330476,6.37187,7.0995364
1500082077464,-0.6845811,6.3814445,7.042089
1500082077480,-0.7228793,6.285699,6.7357035
1500082077496,-0.36862057,6.458041,7.2335806
1500082077512,-0.6845811,6.764427,7.2240057
1500082077528,-1.0005416,5.960164,6.898471
1500082077544,-0.8186249,6.2378263,7.089962
1500082077560,-0.71330476,6.37187,7.1091113
1500082077576,-0.76117754,6.256975,7.0803876
1500082077592,-0.91437054,6.304848,7.0612383
1500082077608,-0.8856468,6.2952733,7.0803876
1500082077624,-0.8760723,6.2378263,7.0803876
1500082077640,-0.8090504,6.2378263,7.0995364
1500082077656,-0.7420284,6.2378263,7.0708127
1500082077672,-0.61755913,6.2665496,7.0708127
1500082077688,-0.6558574,6.3622956,7.0325146
1500082077704,-0.8186249,6.37187,6.9654927
1500082077720,-0.71330476,6.3814445,7.003791
1500082077736,-0.665432,6.47719,7.02294
1500082077752,-0.71330476,6.4484663,7.003791
1500082077768,-0.70373017,6.37187,7.051664
1500082077784,-0.7324539,6.333572,7.051664
1500082077799,-0.77075213,6.285699,7.051664
1500082077816,-0.78990126,6.2474008,7.0708127
1500082077832,-0.78032666,6.2474008,7.051664
1500082077848,-0.76117754,6.285699,7.0612383
1500082077863,-0.7228793,6.304848,7.051664
1500082077879,-0.70373017,6.3431463,7.051664
1500082077896,-0.70373017,6.3814445,7.02294
1500082077911,-0.7228793,6.3814445,6.9942164
1500082077927,-0.71330476,6.3622956,7.003791
1500082077943,-0.71330476,6.37187,7.02294
1500082077959,-0.7228793,6.3622956,7.02294
1500082077975,-0.71330476,6.3527207,7.0325146
1500082077991,-0.7324539,6.3622956,7.0612383
1500082078007,-0.7228793,6.333572,7.0995364
1500082078023,-0.70373017,6.2952733,7.089962
1500082078039,-0.70373017,6.2952733,7.0612383
1500082078055,-0.7228793,6.3144226,7.051664
1500082078071,-0.71330476,6.3527207,7.0325146
1500082078087,-0.71330476,6.3622956,7.042089
1500082078103,-0.70373017,6.3814445,7.02294
1500082078119,-0.7420284,6.3814445,6.8122997
1500082078135,-0.5505372,6.630383,7.042089
1500082078151,-0.5792609,6.7931504,7.1857076
1500082078167,-0.83777404,6.027186,7.0325146
1500082078183,-0.6845811,6.113357,7.204857
1500082078198,-0.69415563,6.113357,7.2144313
1500082078214,-0.78990126,6.017611,7.1665583
1500082078231,-0.77075213,6.218677,7.1186857
1500082078247,-0.77075213,6.438892,7.1091113
1500082078263,-0.8090504,6.458041,7.1091113
1500082078278,-0.92394507,6.410168,7.0803876
1500082078294,-1.0867126,6.103782,6.975067
1500082078311,-0.5313881,6.065484,7.0803876
1500082078326,-0.23457673,6.5537868,7.176133
1500082078343,-0.91437054,6.3431463,6.9463434
1500082078358,-0.85692316,6.180379,6.9559183
1500082078374,-0.46436617,6.4963393,7.0995364
1500082078390,-0.64628285,6.5729356,7.02294
1500082078406,-0.70373017,6.4293175,6.9942164
1500082078422,-0.63670826,6.4484663,7.0612383
1500082078439,-0.71330476,6.4484663,7.0325146
1500082078454,-0.7420284,6.323997,7.02294
1500082078470,-0.7228793,6.2665496,7.0708127
1500082078486,-0.7420284,6.285699,7.051664
1500082078502,-0.71330476,6.323997,7.051664
1500082078518,-0.69415563,6.333572,7.0612383
1500082078534,-0.6845811,6.37187,7.0612383
1500082078550,-0.6750065,6.391019,7.0612383
1500082078566,-0.665432,6.3527207,7.042089
1500082078582,-0.665432,6.3527207,7.042089
1500082078598,-0.665432,6.3622956,7.02294
1500082078614,-0.665432,6.3814445,7.02294
1500082078630,-0.69415563,6.37187,7.02294
1500082078646,-0.70373017,6.3814445,7.0133657
1500082078662,-0.70373017,6.3622956,7.02294
1500082078678,-0.71330476,6.3431463,7.0708127
1500082078694,-0.6750065,6.3431463,7.0708127
1500082078710,-0.6845811,6.323997,7.0708127
1500082078726,-0.8186249,6.2282515,6.3814445
1500082078742,-0.11968201,6.8793216,7.875076
1500082078757,-0.63670826,6.6878304,7.0995364
1500082078774,-0.92394507,5.6250544,7.051664
1500082078790,-0.8090504,5.979313,7.156984
1500082078805,-0.665432,6.3814445,7.2335806
1500082078822,-0.78990126,6.2282515,7.089962
1500082078838,-0.76117754,6.218677,7.042089
1500082078853,-0.69415563,6.4963393,7.089962
1500082078869,-0.7994758,6.5729356,7.0708127
1500082078885,-0.9526688,6.323997,7.051664
1500082078901,-0.9622433,6.113357,7.0612383
1500082078917,-0.8473486,6.0463347,7.0325146
1500082078933,-0.5792609,6.0559096,7.051664
1500082078949,-0.34947145,6.5537868,7.1091113
1500082078965,-0.665432,6.678256,7.003791
1500082078981,-0.7228793,6.4197426,6.9654927
1500082078998,-0.5792609,6.4963393,7.042089
1500082079013,-0.6558574,6.515488,7.0612383
1500082079029,-0.7420284,6.2761245,7.02294
1500082079045,-0.70373017,6.2091026,7.0803876
1500082079061,-0.69415563,6.3431463,7.0803876
1500082079077,-0.6845811,6.3814445,7.0325146
1500082079093,-0.665432,6.3431463,7.02294
1500082079109,-0.6750065,6.37187,7.0708127
1500082079125,-0.6750065,6.3622956,7.0803876
1500082079141,-0.69415563,6.323997,7.051664
1500082079157,-0.70373017,6.2761245,7.0133657
1500082079172,-0.665432,6.180379,6.9654927
1500082079188,-0.49308985,6.639958,7.089962
1500082079204,-0.78032666,6.716554,7.0325146
1500082079220,-0.8473486,6.486765,6.984642
1500082079236,-0.7994758,6.3814445,7.0612383
1500082079252,-0.76117754,6.151655,7.1186857
1500082079268,-0.63670826,5.9697385,7.1665583
1500082079284,-0.5792609,6.065484,7.1857076
1500082079300,-0.69415563,6.285699,7.1091113
1500082079316,-0.71330476,6.304848,7.042089
1500082079332,-0.665432,6.2761245,7.051664
1500082079348,-0.70373017,6.304848,7.02294
1500082079364,-0.751603,6.37187,7.042089
1500082079380,-0.70373017,6.410168,7.0708127
1500082079396,-0.6750065,6.3527207,7.0803876
1500082079412,-0.7228793,6.410168,7.051664
1500082079428,-0.69415563,6.37187,7.0612383
1500082079444,-0.6750065,6.304848,7.0612383
1500082079460,-0.70373017,6.333572,7.0612383
1500082079476,-0.71330476,6.3622956,7.042089
1500082079492,-0.70373017,6.3622956,7.042089
1500082079508,-0.7228793,6.3622956,7.0325146
1500082079524,-0.7324539,6.391019,7.042089
1500082079540,-0.7228793,6.3527207,7.0803876
1500082079556,-0.7324539,6.333572,7.0995364
1500082079572,-0.7228793,6.2952733,7.0803876
1500082079588,-0.7228793,6.2761245,7.0995364
1500082079604,-0.71330476,6.285699,7.0612383
1500082079620,-0.7228793,6.2952733,7.0803876
1500082079636,-0.71330476,6.323997,7.042089
1500082079652,-0.7228793,6.3622956,7.0325146
1500082079668,-0.7324539,6.3814445,7.0325146
1500082079684,-0.7324539,6.3622956,7.0325146
1500082079700,-0.7420284,6.3527207,7.042089
1500082079716,-0.7324539,6.323997,7.051664
1500082079731,-0.7420284,6.304848,7.0708127
1500082079747,-0.7420284,6.304848,7.0708127
1500082079763,-0.7420284,6.3144226,7.0708127
1500082079779,-0.7324539,6.333572,7.0708127
1500082079795,-0.7228793,6.333572,7.089962
1500082079811,-0.7420284,6.3431463,7.051664
1500082079827,-0.7420284,6.3431463,7.042089
1500082079843,-0.7324539,6.333572,7.0612383
1500082079859,-0.7228793,6.3431463,7.0803876
1500082079875,-0.7228793,6.3622956,7.0803876
1500082079891,-0.7324539,6.3527207,7.042089
1500082079907,-0.7420284,6.333572,7.042089
1500082079923,-0.76117754,6.3144226,7.003791
1500082079939,-0.78990126,6.285699,7.02294
1500082079955,-0.77075213,6.2761245,7.0612383
1500082079971,-0.76117754,6.333572,7.137835
1500082079987,-0.7324539,6.323997,7.1091113
1500082080003,-0.8186249,6.2474008,6.831449
1500082080019,-0.3111732,7.4059224,7.3389006
1500082080035,-0.8186249,6.4293175,7.1474094
1500082080051,-1.3260766,5.481436,6.8793216
1500082080067,-0.5792609,5.6250544,7.2718787
1500082080083,-0.4164934,5.873993,7.3197513
1500082080099,-0.5792609,5.519734,7.3006024
1500082080115,-0.93351966,6.170804,7.003791
1500082080131,-1.0196906,7.329326,6.9463434
1500082080147,-0.56011176,6.668681,7.042089
1500082080162,-0.64628285,6.0559096,7.0133657
1500082080178,-0.92394507,6.3814445,6.9654927
1500082080194,-0.71330476,6.4484663,7.0803876
1500082080210,-0.6845811,6.113357,7.1474094
1500082080226,-0.7994758,6.1899533,7.089962
1500082080242,-0.6845811,6.4197426,7.0803876
1500082080259,-0.64628285,6.4197426,7.0708127
1500082080275,-0.71330476,6.333572,7.042089
1500082080290,-0.70373017,6.3622956,7.0612383
1500082080306,-0.69415563,6.37187,7.0612383
1500082080322,-0.7420284,6.304848,7.0803876
1500082080338,-0.7420284,6.2761245,7.0708127
1500082080354,-0.7324539,6.304848,7.0803876
1500082080370,-0.70373017,6.3144226,7.0995364
1500082080386,-0.71330476,6.304848,7.0803876
1500082080402,-0.70373017,6.3144226,7.0995364
1500082080418,-0.7228793,6.333572,7.051664
1500082080434,-0.7324539,6.3431463,7.042089
1500082080450,-0.7324539,6.3431463,7.051664
1500082080466,-0.751603,6.3527207,7.0325146
1500082080482,-0.83777404,6.2378263,6.7261286
1500082080498,1.3643749,6.4963393,7.8846507
1500082080514,-2.4463003,5.7782474,6.936769
1500082080530,-2.4845984,5.4718614,6.639958
1500082080546,-0.03351096,7.1474094,7.6261373
1500082080562,0.4356425,8.076141,7.808054
1500082080578,-0.6079846,5.9697385,6.8601727
1500082080594,-1.3165021,4.96441,6.458041
1500082080610,-0.59841,6.7931504,6.975067
1500082080625,-0.3111732,7.003791,7.156984
1500082080642,-0.8664977,5.8835673,7.042089
1500082080657,-0.85692316,5.9314404,7.1186857
1500082080673,-0.5218136,6.5729356,7.176133
1500082080689,-0.665432,6.5059137,7.051664
1500082080705,-0.751603,6.2665496,6.9654927
1500082080721,-0.63670826,6.4197426,7.003791
1500082080737,-0.6750065,6.4293175,7.0325146
1500082080753,-0.7420284,6.2665496,7.0708127
1500082080769,-0.7324539,6.2665496,7.0995364
1500082080785,-0.7324539,6.3144226,7.0708127
1500082080801,-0.751603,6.2761245,7.02294
1500082080817,-0.76117754,6.256975,7.0325146
1500082080833,-0.7420284,6.323997,7.042089
1500082080849,-0.7228793,6.3622956,7.0803876
1500082080865,-0.69415563,6.3527207,7.0612383
1500082080881,-0.6558574,6.3622956,7.0708127
1500082080897,-0.6271337,6.391019,7.0612383
1500082080913,-0.63670826,6.391019,7.051664
1500082080929,-0.665432,6.3622956,7.0133657
1500082080945,-0.70373017,6.3527207,7.0325146
1500082080961,-0.71330476,6.3431463,7.042089
1500082080977,-0.9622433,5.8548436,5.5101595
1500082080993,1.0101161,6.697405,8.928278
1500082081009,-2.034594,6.563361,6.678256
1500082081025,-1.2877784,5.644203,7.02294
1500082081041,-0.5218136,6.0367603,7.204857
1500082081057,-0.83777404,6.639958,7.2240057
1500082081073,-0.63670826,6.8122997,7.137835
1500082081089,-0.30159867,7.176133,7.3197513
1500082081105,-0.110107444,7.482519,6.9559183
1500082081121,-0.9718179,4.96441,6.6208086
1500082081136,-1.0579889,5.644203,6.764427
1500082081153,-0.4356425,6.8888965,7.137835
1500082081169,-0.64628285,6.391019,7.042089
1500082081185,-0.91437054,5.941015,6.975067
1500082081201,-0.5888355,6.47719,7.1091113
1500082081216,-0.5313881,6.6591067,7.0612383
1500082081233,-0.6845811,6.323997,7.0133657
1500082081248,-0.665432,6.256975,7.0612383
1500082081265,-0.6271337,6.410168,7.0708127
1500082081280,-0.70373017,6.3431463,7.0325146
1500082081296,-0.7228793,6.2474008,7.0325146
1500082081312,-0.69415563,6.3144226,7.042089
1500082081328,-0.70373017,6.391019,7.042089
1500082081344,-0.7228793,6.3622956,7.0133657
1500082081361,-0.69415563,6.3431463,7.02294
1500082081376,-0.6845811,6.391019,7.0325146
1500082081392,-0.6750065,6.3814445,7.0325146
1500082081408,-0.64628285,6.4005938,7.042089
1500082081424,-0.6558574,6.391019,7.0325146
1500082081440,-0.77075213,6.0463347,6.391019
1500082081456,0.54096264,6.47719,7.9516726
1500082081472,-1.7856555,6.4484663,6.975067
1500082081488,-1.14416,5.82612,6.9942164
1500082081504,-0.27287498,6.5346375,7.348475
1500082081520,-0.59841,6.764427,7.2240057
1500082081536,-0.6271337,6.410168,6.9942164
1500082081552,-0.5505372,6.47719,7.0325146
1500082081568,-0.6079846,6.544212,7.003791
1500082081584,-0.7228793,6.2952733,7.0133657
1500082081600,-0.7994758,6.2952733,7.089962
1500082081616,-0.93351966,6.438892,7.089962
1500082081632,-0.8856468,6.5059137,7.1186857
1500082081647,-0.49308985,6.1612296,7.003791
1500082081663,-0.56011176,5.8165455,6.975067
1500082081680,-0.8281995,6.4293175,6.9559183
1500082081696,-0.6079846,6.6495323,7.02294
1500082081711,-0.56011176,6.4484663,7.042089
1500082081727,-0.7228793,6.4293175,7.042089
1500082081743,-0.6750065,6.4484663,7.089962
1500082081759,-0.6750065,6.333572,7.0995364
1500082081775,-0.751603,6.218677,7.0803876
1500082081791,-0.7420284,6.2091026,7.0803876
1500082081807,-0.71330476,6.2665496,7.0803876
1500082081823,-0.7420284,6.3144226,7.051664
1500082081839,-0.7420284,6.2952733,7.0325146
1500082081855,-0.7324539,6.3144226,7.02294
1500082081871,-0.7420284,6.333572,7.0612383
1500082081887,-0.7420284,6.3527207,7.042089
1500082081903,-0.7228793,6.3527207,7.0325146
1500082081919,-0.69415563,6.3814445,7.042089
1500082081935,-0.6845811,6.410168,7.051664
1500082081951,-0.6750065,6.4197426,7.051664
1500082081967,-0.69415563,6.3814445,7.0708127
1500082081983,-0.69415563,6.3527207,7.042089
1500082081999,-0.71330476,6.37187,7.0803876
1500082082015,-0.7324539,6.3431463,7.0803876
1500082082031,-0.76117754,6.3144226,7.0612383
1500082082047,-0.751603,6.285699,7.089962
1500082082063,-0.751603,6.256975,7.0612383
1500082082078,-0.76117754,6.2665496,7.051664
1500082082095,-0.751603,6.2665496,7.042089
1500082082111,-0.76117754,6.2952733,7.02294
1500082082127,-0.76117754,6.304848,7.0133657
1500082082143,-0.751603,6.3144226,7.02294
1500082082159,-0.8281995,6.170804,6.7740016
1500082082175,-0.3398969,6.821874,7.3676243
1500082082191,-1.1345854,5.960164,6.9463434
1500082082206,-0.76117754,6.2282515,7.0708127
1500082082223,-0.56011176,6.486765,7.2144313
1500082082238,-0.7420284,6.37187,7.0803876
1500082082254,-0.6558574,6.2665496,7.0612383
1500082082270,-0.83777404,6.2474008,6.9942164
1500082082286,-0.8186249,6.2474008,7.003791
1500082082302,-0.751603,6.304848,7.042089
1500082082318,-0.7420284,6.3527207,7.0803876
1500082082334,-0.71330476,6.333572,7.1091113
1500082082350,-0.665432,6.3814445,7.1186857
1500082082366,-0.7228793,6.2665496,7.0133657
1500082082382,-0.9718179,6.094208,6.9080453
1500082082398,-0.751603,6.304848,7.0325146
1500082082414,-0.6845811,6.410168,7.0995364
1500082082430,-0.77075213,6.410168,7.0803876
1500082082446,-0.6558574,6.4484663,7.1186857
1500082082462,-0.61755913,6.410168,7.1186857
1500082082478,-0.6845811,6.3144226,7.051664
1500082082494,-0.7324539,6.2952733,7.042089
1500082082510,-0.751603,6.304848,7.0803876
1500082082526,-0.78990126,6.304848,7.042089
1500082082542,-0.7994758,6.2952733,7.02294
1500082082557,-0.78032666,6.323997,7.02294
1500082082574,-0.751603,6.3431463,7.02294
1500082082590,-0.7324539,6.3622956,7.02294
1500082082605,-0.70373017,6.333572,7.051664
1500082082622,-0.69415563,6.3527207,7.042089
1500082082638,-0.69415563,6.37187,7.0612383
1500082082654,-0.71330476,6.37187,7.0612383
1500082082670,-0.7228793,6.3814445,7.0995364
1500082082685,-0.71330476,6.3527207,7.089962
1500082082701,-0.7228793,6.323997,7.089962
1500082082717,-0.7228793,6.304848,7.0612383
1500082082733,-1.0675635,6.525063,6.2378263
1500082082749,0.50266445,7.12826,7.9516726
1500082082765,-1.2016073,5.941015,6.869747
1500082082781,-1.1154363,5.519734,6.936769
1500082082797,-0.5313881,5.979313,7.243155
1500082082813,-0.76117754,6.2378263,7.2718787
1500082082829,-0.92394507,6.1420803,7.1186857
1500082082845,-0.7228793,6.3527207,7.1474094
1500082082861,-0.6845811,6.668681,7.0995364
1500082082877,-0.6750065,6.5537868,7.089962
1500082082893,-0.71330476,6.2761245,7.1186857
1500082082909,-0.76117754,6.2474008,7.12826
1500082082925,-0.78990126,6.3144226,7.12826
1500082082941,-0.8186249,6.285699,7.12826
1500082082957,-0.85692316,6.180379,7.0995364
1500082082973,-0.9430942,6.1612296,7.0325146
1500082082989,-1.0388398,6.2282515,7.0133657
1500082083004,-1.0579889,6.2474008,7.042089
1500082083020,-1.0196906,6.113357,7.042089
1500082083036,-1.0388398,6.103782,7.042089
1500082083052,-0.56968635,6.3144226,7.1665583
1500082083068,-0.043085523,6.5825105,7.2527294
1500082083085,-0.7228793,6.391019,7.0133657
1500082083101,-0.91437054,6.323997,6.9176197
1500082083116,-0.4356425,6.5537868,7.0995364
1500082083133,-0.5888355,6.592085,7.1091113
1500082083148,-0.7994758,6.3814445,7.0133657
1500082083164,-0.69415563,6.304848,7.0803876
1500082083180,-0.70373017,6.304848,7.0708127
1500082083196,-0.8186249,6.2378263,7.042089
1500082083212,-0.751603,6.2378263,7.02294
1500082083228,-0.71330476,6.333572,7.0325146
1500082083244,-0.7324539,6.3431463,7.02294
1500082083260,-0.69415563,6.3431463,7.0612383
1500082083276,-0.69415563,6.3622956,7.0612383
1500082083292,-0.71330476,6.333572,7.0708127
1500082083308,-0.6845811,6.256975,7.0708127
1500082083324,-0.7228793,6.2378263,7.051664
1500082083340,-0.7324539,6.3431463,7.0803876
1500082083356,-0.6845811,6.410168,7.089962
1500082083372,-0.6750065,6.391019,7.0708127
1500082083388,-0.6845811,6.3527207,7.042089
1500082083404,-0.6845811,6.323997,7.051664
1500082083420,-0.71330476,6.3144226,7.0612383
1500082083436,-0.7324539,6.323997,7.051664
1500082083452,-0.7324539,6.3144226,7.042089
1500082083468,-0.71330476,6.304848,7.02294
1500082083484,-0.70373017,6.304848,7.003791
1500082083500,-0.6750065,6.37187,7.0133657
1500082083515,-0.665432,6.438892,7.02294
1500082083532,-0.665432,6.525063,7.042089
1500082083548,-0.665432,6.486765,7.0708127
1500082083564,-0.70373017,6.3527207,7.089962
1500082083580,-0.70373017,6.2665496,7.0995364
1500082083595,-0.70373017,6.2474008,7.137835
1500082083611,-0.70373017,6.2665496,7.0995364
1500082083627,-0.71330476,6.2952733,7.051664
1500082083643,-0.7228793,6.3431463,7.0325146
1500082083659,-0.70373017,6.333572,7.003791
1500082083675,-0.7228793,6.3144226,7.02294
1500082083691,-0.70373017,6.3431463,7.0708127
1500082083708,-0.6750065,6.333572,7.051664
1500082083723,-0.6750065,6.3144226,6.984642
1500082083739,-0.50266445,6.285699,7.003791
1500082083755,-0.5505372,6.7931504,7.1665583
1500082083771,-0.85692316,6.2474008,7.0133657
1500082083787,-0.6558574,6.285699,7.137835
1500082083803,-0.7420284,6.304848,7.1665583
1500082083819,-0.85692316,6.151655,7.12826
1500082083835,-0.78990126,6.1420803,7.1186857
1500082083851,-0.751603,6.333572,7.089962
1500082083867,-0.7228793,6.458041,7.0708127
1500082083883,-0.64628285,6.438892,7.0612383
1500082083899,-0.6558574,6.3431463,7.0612383
1500082083915,-0.6558574,6.2761245,7.0803876
1500082083930,-0.6845811,6.323997,7.089962
1500082083947,-0.71330476,6.3431463,7.0995364
1500082083963,-0.7228793,6.4005938,7.1091113
1500082083978,-0.751603,6.5729356,7.0995364
1500082083995,-0.665432,6.4293175,7.1474094
1500082084011,-0.64628285,5.960164,7.1857076
1500082084026,-0.8090504,6.0080366,7.204857
1500082084043,-0.8186249,6.170804,7.2623043
1500082084058,-0.78990126,6.0367603,7.2623043
1500082084074,-0.83777404,5.941015,7.2623043
1500082084090,-0.9718179,6.1229315,7.2144313
1500082084106,-0.85692316,6.3622956,7.2335806
1500082084122,-0.6750065,6.4293175,7.195282
1500082084138,-0.69415563,6.4005938,7.042089
1500082084154,-0.76117754,6.5537868,6.869747
1500082084170,-0.71330476,6.745278,6.8027253
1500082084186,-0.6558574,6.869747,6.7931504
1500082084202,-0.6750065,6.8122997,6.678256
1500082084218,-0.83777404,6.180379,6.6016593
1500082084234,-0.91437054,6.256975,6.7357035
1500082084250,-0.77075213,6.4963393,6.975067
1500082084266,-0.7994758,6.256975,7.1091113
1500082084282,-0.91437054,6.0846334,7.176133
1500082084298,-0.8760723,6.180379,7.243155
1500082084314,-0.78990126,6.304848,7.195282
1500082084330,-0.8186249,6.3144226,7.0995364
1500082084346,-0.8281995,6.3527207,6.9942164
1500082084362,-0.78032666,6.4197426,7.003791
1500082084378,-0.7420284,6.4484663,6.984642
1500082084394,-0.751603,6.458041,7.0133657
1500082084409,-0.751603,6.438892,7.042089
1500082084425,-0.78032666,6.410168,7.003791
1500082084441,-0.8281995,6.410168,7.042089
1500082084457,-0.8473486,6.3814445,7.0133657
1500082084473,-0.8473486,6.37187,7.042089
1500082084489,-0.8090504,6.458041,7.0708127
1500082084505,-0.78990126,6.525063,7.0612383
1500082084521,-0.83777404,6.515488,7.02294
1500082084537,-0.8664977,6.4963393,7.02294
1500082084553,-0.83777404,6.563361,7.156984
1500082084569,-0.751603,6.716554,7.396348
1500082084585,-0.6558574,6.821874,7.549541
1500082084601,-0.7420284,6.611234,7.6452866
1500082084617,-0.8090504,6.486765,7.7506065
1500082084633,-0.85692316,6.5346375,7.846352
1500082084649,-0.8664977,6.6016593,8.028269
1500082084665,-0.8186249,6.4197426,8.23891
1500082084681,-0.8760723,6.0846334,8.2676325
1500082084697,-1.0962871,5.960164,8.229335
1500082084713,-1.2590547,5.941015,8.382527
1500082084729,-1.2590547,5.692076,8.4686985
1500082084745,-1.3643749,5.376116,8.372953
1500082084761,-1.6707608,5.222923,8.133589
1500082084777,-2.034594,5.2516465,8.047418
1500082084793,-2.1973617,5.1654754,7.9803963
1500082084809,-2.2452345,5.079304,8.411251
1500082084825,-2.254809,5.088879,8.55487
1500082084841,-2.3314054,5.155901,8.679339
1500082084857,-2.561195,5.38569,8.526146
1500082084873,-2.6186423,5.692076,8.353804
1500082084889,-2.819708,6.017611,8.392102
1500082084904,-2.9824755,6.0750585,8.679339
1500082084921,-3.0973704,5.950589,8.803808
1500082084937,-3.3175852,5.7208,8.564445
1500082084953,-3.518651,5.06973,8.047418
1500082084969,-3.7292912,4.437809,7.616563
1500082084985,-4.0644007,4.3707867,7.5399666
1500082085001,-4.275041,4.3803616,7.5208173
1500082085017,-4.2463174,3.9495063,7.3676243
1500082085032,-4.3707867,3.7484405,6.8122997
1500082085048,-4.7250457,3.518651,6.391019
1500082085064,-4.9835587,3.3750327,5.960164
1500082085080,-5.3186684,3.1835413,5.5771813
1500082085096,-5.806971,3.078221,5.0314317
1500082085112,-6.2665496,2.8580062,4.8590894
1500082085128,-6.592085,2.6952388,4.8590894
1500082085144,-6.783576,2.88673,4.428234
1500082085160,-7.003791,2.9346027,3.9590807
1500082085176,-7.2527294,2.513322,3.5856729
1500082085192,-7.3389006,2.0824668,3.3271596
1500082085208,-7.4729443,1.9101248,3.212265
1500082085224,-7.482519,1.8239537,3.5760984
1500082085240,-7.3389006,1.929274,3.4899273
1500082085256,-7.2623043,2.254809,3.3750327
1500082085272,-7.2527294,2.9633265,3.3750327
1500082085288,-7.204857,3.8154624,3.5473747
1500082085304,-7.051664,4.5910015,3.9782298
1500082085320,-6.936769,4.916537,3.6526947
1500082085336,-7.195282,4.6675982,3.365458
1500082085352,-7.3676243,4.3324885,2.9346027
1500082085367,-7.4250717,4.1026993,3.059072
1500082085384,-7.310177,4.2941904,3.193116
1500082085400,-7.3389006,5.0314317,2.8963046
1500082085415,-7.0995364,5.6154795,3.4612036
1500082085432,-6.783576,5.950589,3.5282254
1500082085448,-6.831449,6.323997,3.365458
1500082085464,-6.9080453,6.7931504,3.365458
1500082085479,-6.9463434,7.46337,3.4420545
1500082085496,-6.9080453,8.104865,3.4899273
1500082085511,-6.7261286,7.8272033,4.0644007
1500082085528,-6.5729356,6.9559183,4.0739756
1500082085543,-6.8410234,6.3527207,3.7197168
1500082085559,-7.089962,6.525063,3.7388659
1500082085575,-7.2527294,6.7740016,3.7963133
1500082085592,-7.1474094,6.103782,4.2463174
1500082085607,-7.0133657,5.1367517,4.1026993
1500082085623,-7.1186857,4.7058964,3.911208
1500082085639,-7.1474094,4.801642,4.131423
1500082085655,-7.1091113,5.1176023,4.0356774
1500082085671,-7.051664,5.17505,4.1888704
1500082085687,-7.042089,4.926111,4.3324885
1500082085703,-7.042089,4.7537694,4.322914
1500082085719,-7.0612383,4.7920675,4.1409974
1500082085735,-7.003791,5.1367517,4.236743
1500082085751,-6.9463434,5.586756,4.2463174
1500082085767,-6.9942164,5.797396,4.0644007
1500082085783,-7.137835,5.6250544,3.844186
1500082085799,-7.2144313,5.366541,3.8058877
1500082085814,-7.243155,5.0601554,3.997379
1500082085830,-7.176133,4.9835587,4.1026993
1500082085846,-7.1186857,4.9739842,4.0931244
1500082085862,-7.051664,5.0601554,4.045252
1500082085878,-7.0325146,5.1367517,3.997379
1500082085894,-7.051664,5.0984535,3.9495063
1500082085910,-7.051664,4.9739842,3.9399316
1500082085926,-7.02294,4.993133,4.0261025
1500082085942,-6.9654927,5.1654754,3.9495063
1500082085958,-6.9654927,5.2516465,3.9878044
1500082085974,-6.9559183,5.3186684,3.8824842
1500082085990,-6.9942164,5.261221,3.8729098
1500082086006,-6.9942164,5.194199,4.0931244
1500082086022,-7.003791,5.261221,4.0931244
1500082086038,-6.9942164,5.2516465,3.997379
1500082086054,-7.042089,5.2516465,4.0644007
1500082086070,-7.0708127,5.2133484,4.1122737
1500082086086,-7.0803876,5.2516465,4.2463174
1500082086102,-7.0612383,5.4431376,4.3133397
1500082086118,-6.9463434,5.605905,4.342063
1500082086134,-6.8027253,5.644203,4.342063
1500082086150,-6.7069798,5.538883,4.2558923
1500082086166,-6.6208086,5.2899446,4.275041
1500082086182,-6.563361,5.088879,4.3707867
1500082086198,-6.630383,5.222923,4.466532
1500082086214,-6.7548523,5.5101595,4.619725
1500082086230,-6.9463434,5.433563,4.782493
1500082086246,-7.089962,4.9069624,4.868664
1500082086262,-7.2144313,4.466532,4.9452605
1500082086278,-7.2144313,4.4856815,5.088879
1500082086293,-7.003791,4.6771727,5.1846247
1500082086310,-6.8027253,4.7441945,5.1367517
1500082086326,-6.8122997,4.7441945,4.887813
1500082086341,-6.869747,4.5910015,4.6675982
1500082086358,-6.9559183,4.5239797,4.543129
1500082086374,-6.9559183,4.648449,4.456958
1500082086390,-6.8888965,4.8973875,4.5335546
1500082086405,-6.8888965,5.0984535,4.543129
1500082086421,-6.9654927,5.2037735,4.466532
1500082086437,-7.089962,5.17505,4.4473834
1500082086453,-7.1186857,5.1176023,4.476107
1500082086469,-7.042089,5.0984535,4.504831
1500082086485,-6.936769,5.146326,4.619725
1500082086501,-6.8027253,5.0505805,4.6675982
1500082086517,-6.7740016,4.811217,4.7441945
1500082086533,-6.850598,4.73462,4.7920675
1500082086549,-6.8793216,4.715471,4.772918
1500082086565,-6.8601727,4.7250457,4.772918
1500082086581,-6.850598,4.993133,4.954835
1500082086597,-6.8410234,5.0505805,5.1176023
1500082086613,-6.8027253,4.8973875,5.2037735
1500082086629,-6.7931504,4.916537,5.261221
1500082086645,-6.7931504,4.8303657,5.1846247
1500082086661,-6.7740016,4.5144053,5.1654754
1500082086677,-6.821874,4.5335546,4.96441
1500082086693,-6.9080453,4.5335546,4.8590894
1500082086709,-6.869747,4.3995104,4.658024
1500082086725,-6.8601727,4.342063,4.6867476
1500082086740,-6.8122997,4.351638,4.887813
1500082086757,-6.821874,4.389936,5.021857
1500082086773,-6.9176197,4.5144053,4.993133
1500082086789,-6.9271946,4.5335546,4.83994
1500082086805,-6.8793216,4.581427,4.7058964
1500082086821,-6.9463434,4.619725,4.6675982
1500082086837,-7.0133657,4.6005764,4.7441945
1500082086853,-7.0612383,4.7058964,4.8303657
1500082086868,-6.9654927,4.7250457,5.079304
1500082086885,-6.936769,4.811217,5.155901
1500082086900,-6.9271946,4.811217,5.1367517
1500082086916,-6.936769,4.782493,5.0601554
1500082086932,-6.9654927,4.73462,4.9069624
1500082086948,-6.9463434,4.6293,4.7920675
1500082086964,-6.8601727,4.715471,4.849515
1500082086980,-6.821874,4.7537694,4.8207912
1500082086996,-6.8601727,4.6867476,4.926111
1500082087012,-6.9654927,4.7250457,4.8303657
1500082087028,-6.975067,4.715471,4.7537694
1500082087044,-6.898471,4.7250457,4.801642
1500082087060,-6.831449,4.7537694,4.8303657
1500082087076,-6.8410234,4.801642,4.8303657
1500082087092,-6.869747,4.8303657,4.8590894
1500082087108,-6.9176197,4.926111,4.83994
1500082087124,-6.936769,4.926111,4.849515
1500082087140,-6.8888965,4.8782387,4.801642
1500082087156,-6.850598,4.887813,4.782493
1500082087172,-6.8410234,4.8782387,4.763344
1500082087188,-6.9176197,4.8303657,4.6388745
1500082087203,-6.975067,4.8303657,4.6005764
1500082087219,-6.984642,4.7920675,4.5527034
1500082087235,-6.975067,4.8207912,4.543129
1500082087252,-7.003791,4.887813,4.648449
1500082087268,-7.0612383,4.9069624,4.6675982
1500082087284,-7.003791,4.849515,4.6771727
1500082087300,-6.9654927,4.849515,4.6771727
1500082087316,-6.9463434,4.772918,4.6293
1500082087332,-6.975067,4.6771727,4.648449
1500082087348,-7.0325146,4.7058964,4.6388745
1500082087363,-7.003791,4.715471,4.6293
1500082087379,-6.9654927,4.7537694,4.6867476
1500082087395,-6.9559183,4.7537694,4.6867476
1500082087411,-6.9176197,4.696322,4.6293
1500082087428,-6.9654927,4.6388745,4.6005764
1500082087443,-6.9559183,4.6675982,4.6293
1500082087459,-6.936769,4.772918,4.5910015
1500082087475,-6.936769,4.811217,4.5910015
1500082087491,-7.0133657,4.772918,4.5144053
1500082087507,-7.0133657,4.6771727,4.5144053
1500082087523,-6.9942164,4.648449,4.5910015
1500082087539,-6.975067,4.6675982,4.696322
1500082087555,-6.9654927,4.811217,4.8303657
1500082087571,-6.9942164,4.9452605,4.8303657
1500082087587,-6.936769,5.021857,4.83994
1500082087603,-6.9080453,5.002708,4.7058964
1500082087619,-6.9463434,4.916537,4.543129
1500082087635,-6.9942164,4.887813,4.5239797
1500082087651,-6.9942164,4.9452605,4.5718527
1500082087667,-6.936769,5.0505805,4.6388745
1500082087683,-6.9176197,5.194199,4.658024
1500082087699,-6.8793216,5.1271772,4.6005764
1500082087715,-6.9080453,5.06973,4.476107
1500082087731,-6.9654927,5.0122824,4.4090853
1500082087746,-6.9654927,5.002708,4.4856815
1500082087763,-6.936769,5.002708,4.495256
1500082087779,-6.8888965,5.002708,4.6005764
1500082087795,-6.821874,5.06973,4.6867476
1500082087811,-6.831449,5.06973,4.6293
1500082087826,-6.9176197,5.0122824,4.5144053
1500082087842,-6.9559183,4.9739842,4.4473834
1500082087858,-6.9176197,4.9452605,4.4186597
1500082087874,-6.898471,4.96441,4.4186597
1500082087890,-6.9176197,5.0314317,4.504831
1500082087906,-6.9463434,5.108028,4.543129
1500082087922,-6.9559183,5.06973,4.5239797
1500082087938,-6.9271946,5.0314317,4.5144053
1500082087954,-6.898471,5.021857,4.5527034
1500082087970,-6.936769,5.002708,4.5527034
1500082087986,-6.975067,5.002708,4.543129
1500082088002,-6.984642,5.0505805,4.543129
1500082088018,-6.9654927,4.9739842,4.4856815
1500082088034,-6.9654927,4.8782387,4.428234
1500082088050,-6.9942164,4.887813,4.4473834
1500082088066,-6.936769,4.9739842,4.476107
1500082088082,-6.9176197,5.041006,4.5144053
1500082088098,-6.8888965,5.0505805,4.5335546
1500082088114,-6.9176197,4.954835,4.5527034
1500082088130,-6.936769,4.926111,4.5910015
1500082088146,-6.9080453,5.002708,4.6675982
1500082088162,-6.850598,5.0505805,4.6388745
1500082088178,-6.869747,5.002708,4.610151
1500082088194,-6.898471,4.954835,4.6005764
1500082088210,-6.9176197,5.002708,4.581427
1500082088225,-6.9080453,5.041006,4.5910015
1500082088241,-6.8888965,5.0601554,4.5910015
1500082088257,-6.8888965,5.0314317,4.5622783
1500082088273,-6.9559183,4.993133,4.5144053
1500082088289,-6.9654927,4.9835587,4.466532
1500082088305,-6.936769,5.0122824,4.5239797
1500082088321,-6.9080453,5.0601554,4.5144053
1500082088337,-6.9176197,5.002708,4.456958
1500082088353,-6.975067,4.935686,4.4473834
1500082088369,-6.975067,4.935686,4.437809
1500082088385,-6.9271946,5.0122824,4.5144053
1500082088401,-6.8888965,5.0314317,4.581427
1500082088417,-6.8793216,5.002708,4.6005764
1500082088433,-6.9080453,5.021857,4.5622783
1500082088449,-6.9463434,4.993133,4.5239797
1500082088465,-6.8888965,5.0122824,4.5910015
1500082088481,-6.831449,5.0505805,4.5910015
1500082088497,-6.831449,5.108028,4.5527034
1500082088513,-6.8793216,5.108028,4.5335546
1500082088529,-6.869747,5.0505805,4.466532
1500082088545,-6.850598,5.0601554,4.456958
1500082088561,-6.8888965,5.155901,4.466532
1500082088577,-6.869747,5.108028,4.4473834
1500082088593,-6.869747,5.0505805,4.428234
1500082088609,-6.9080453,5.079304,4.4473834
1500082088625,-6.8410234,5.041006,4.4473834
1500082088641,-6.8027253,5.0505805,4.4856815
1500082088657,-6.8601727,5.088879,4.466532
1500082088673,-6.9271946,5.0314317,4.4856815
1500082088689,-6.9463434,5.079304,4.5239797
1500082088705,-6.8793216,5.108028,4.610151
1500082088721,-6.783576,5.1271772,4.648449
1500082088736,-6.8027253,5.1367517,4.73462
1500082088753,-6.8793216,5.079304,4.8303657
1500082088768,-6.898471,5.021857,4.9069624
1500082088784,-6.8888965,4.8973875,4.9069624
1500082088800,-6.850598,4.849515,4.83994
1500082088816,-6.850598,4.83994,4.7441945
1500082088832,-6.8888965,4.772918,4.6675982
1500082088848,-6.8793216,4.8303657,4.6867476
1500082088864,-6.8410234,4.868664,4.7441945
1500082088880,-6.8410234,4.954835,4.763344
1500082088896,-6.831449,4.9835587,4.7537694
1500082088912,-6.8122997,5.0122824,4.73462
1500082088928,-6.821874,5.0314317,4.6867476
1500082088944,-6.850598,5.002708,4.6675982
1500082088960,-6.8601727,5.021857,4.658024
1500082088976,-6.8410234,4.9739842,4.6388745
1500082088992,-6.8601727,4.9069624,4.6388745
1500082089008,-6.9176197,4.887813,4.6293
1500082089024,-6.9080453,4.916537,4.648449
1500082089040,-6.9176197,4.9452605,4.648449
1500082089056,-6.8793216,4.868664,4.6388745
1500082089072,-6.8410234,4.83994,4.619725
1500082089088,-6.898471,4.9069624,4.658024
1500082089104,-6.9080453,4.9452605,4.648449
1500082089120,-6.869747,4.926111,4.6867476
1500082089136,-6.8601727,5.0122824,4.7250457
1500082089152,-6.8410234,5.002708,4.7058964
1500082089168,-6.8601727,4.887813,4.6867476
1500082089184,-6.898471,4.926111,4.6005764
1500082089200,-6.8601727,4.993133,4.696322
1500082089216,-6.783576,5.088879,4.73462
1500082089232,-6.8122997,5.088879,4.7441945
1500082089247,-6.8601727,5.002708,4.6675982
1500082089264,-6.8122997,4.926111,4.648449
1500082089280,-6.821874,4.916537,4.619725
1500082089296,-6.898471,4.916537,4.619725
1500082089311,-6.9080453,4.954835,4.6675982
1500082089327,-6.9080453,5.041006,4.6771727
1500082089343,-6.8793216,4.993133,4.658024
1500082089359,-6.8601727,4.9452605,4.648449
1500082089375,-6.9080453,4.926111,4.6293
1500082089391,-6.898471,4.954835,4.6388745
1500082089407,-6.898471,4.993133,4.619725
1500082089423,-6.8410234,4.916537,4.581427
1500082089439,-6.869747,4.9069624,4.6293
1500082089455,-6.8888965,5.041006,4.6771727
1500082089471,-6.8027253,5.088879,4.658024
1500082089487,-6.8027253,5.079304,4.610151
1500082089503,-6.8888965,5.0505805,4.581427
1500082089519,-6.9559183,4.96441,4.6005764
1500082089535,-6.9176197,4.9739842,4.6388745
1500082089551,-6.831449,4.9452605,4.6293
1500082089567,-6.821874,4.954835,4.581427
1500082089583,-6.8793216,4.9739842,4.543129
1500082089599,-6.9176197,5.0122824,4.5144053
1500082089615,-6.9271946,4.9739842,4.543129
1500082089631,-6.9080453,4.993133,4.6293
1500082089647,-6.869747,4.9739842,4.6675982
1500082089662,-6.8888965,5.021857,4.648449
1500082089678,-6.898471,4.993133,4.5910015
1500082089694,-6.9176197,4.9739842,4.581427
1500082089710,-6.8888965,4.96441,4.581427
1500082089726,-6.898471,4.9835587,4.610151
1500082089743,-6.8793216,4.993133,4.610151
1500082089759,-6.8601727,4.9739842,4.610151
1500082089775,-6.898471,4.9835587,4.610151
1500082089791,-6.9271946,4.993133,4.5910015
1500082089806,-6.898471,5.0314317,4.581427
1500082089822,-6.850598,5.0122824,4.581427
1500082089838,-6.869747,4.993133,4.5718527
1500082089854,-6.898471,4.993133,4.5910015
1500082089870,-6.869747,5.002708,4.610151
1500082089886,-6.869747,5.0314317,4.5718527
1500082089902,-6.8888965,5.0122824,4.5910015
1500082089918,-6.8888965,5.0314317,4.6005764
1500082089934,-6.8888965,5.0314317,4.6005764
1500082089950,-6.869747,4.993133,4.610151
1500082089966,-6.9463434,4.9739842,4.5622783
1500082089982,-6.936769,4.9739842,4.6005764
1500082089998,-6.869747,4.9739842,4.6388745
1500082090014,-6.8793216,5.0122824,4.6293
1500082090030,-6.8888965,5.0122824,4.5910015
1500082090046,-6.8888965,4.9835587,4.5335546
1500082090062,-6.9271946,4.9739842,4.543129
1500082090078,-6.8888965,4.993133,4.5239797
1500082090094,-6.8601727,5.0122824,4.581427
1500082090110,-6.8601727,5.0314317,4.610151
1500082090125,-6.850598,4.9835587,4.610151
1500082090142,-6.9176197,5.0122824,4.581427
1500082090158,-6.9080453,5.021857,4.5910015
1500082090174,-6.8888965,5.0122824,4.6293
1500082090190,-6.8601727,4.954835,4.648449
1500082090206,-6.869747,4.9452605,4.6293
1500082090222,-6.898471,4.9739842,4.6388745
1500082090238,-6.8888965,5.021857,4.6293
1500082090254,-6.850598,5.021857,4.6388745
1500082090270,-6.869747,5.021857,4.6005764
1500082090286,-6.9176197,4.9835587,4.5718527
1500082090301,-6.9463434,4.96441,4.5910015
1500082090317,-6.9176197,5.021857,4.6388745
1500082090333,-6.869747,5.002708,4.6388745
1500082090349,-6.8888965,4.9835587,4.5718527
1500082090365,-6.9463434,4.9069624,4.5335546
1500082090381,-6.9271946,4.9452605,4.5527034
1500082090397,-6.869747,5.002708,4.619725
1500082090413,-6.850598,5.0314317,4.6388745
1500082090429,-6.869747,5.0122824,4.6293
1500082090445,-6.869747,4.993133,4.610151
1500082090461,-6.8601727,4.993133,4.5910015
1500082090477,-6.869747,5.0314317,4.581427
1500082090493,-6.8410234,5.041006,4.6005764
1500082090509,-6.821874,5.06973,4.6005764
1500082090525,-6.8410234,5.0314317,4.5718527
1500082090541,-6.8793216,5.041006,4.543129
1500082090557,-6.9176197,5.002708,4.5622783
1500082090573,-6.898471,5.002708,4.6005764
1500082090589,-6.9176197,5.0122824,4.6005764
1500082090605,-6.9176197,4.993133,4.581427
1500082090621,-6.9080453,4.9739842,4.5622783
1500082090636,-6.869747,4.954835,4.581427
1500082090653,-6.869747,4.993133,4.610151
1500082090669,-6.869747,4.993133,4.5910015
1500082090685,-6.9080453,5.0122824,4.5910015
1500082090701,-6.898471,5.0122824,4.610151
1500082090716,-6.8793216,5.0314317,4.610151
1500082090733,-6.8601727,5.0314317,4.5910015
1500082090749,-6.850598,5.021857,4.6293
