1500132669219,-6.4484663,-3.7484405,5.9218655
1500132669283,-6.0080366,-3.039923,6.9654927
1500132669347,-6.0846334,-3.1165195,6.5729356
1500132669410,-6.1420803,-3.1548176,6.4963393
1500132669475,-6.285699,-3.2505634,6.716554
1500132669538,-6.4005938,-3.231414,6.323997
1500132669601,-6.285699,-3.8633351,6.0750585
1500132669665,-6.438892,-3.8058877,6.0080366
1500132669729,-6.7261286,-4.08355,5.49101
1500132669793,-6.0750585,-3.5952475,6.47719
1500132669856,-6.3144226,-3.3941817,6.4963393
1500132669921,-6.103782,-3.6814184,6.256975
1500132669984,-6.017611,-3.4420545,6.525063
1500132670047,-6.256975,-3.6526947,6.3144226
1500132670111,-6.065484,-3.3941817,6.5825105
1500132670175,-6.0846334,-3.4803526,6.515488
1500132670239,-6.0559096,-3.4133308,6.6016593
1500132670302,-5.9697385,-3.3941817,6.563361
1500132670366,-5.9027166,-3.4420545,6.515488
1500132670430,-6.151655,-3.2792869,7.12826
1500132670493,-6.256975,-3.5952475,6.3814445
1500132670557,-5.7208,-3.0686467,7.664436
1500132670621,-6.8410234,-2.9441774,8.171887
1500132670684,-6.2282515,-5.155901,7.4250717
1500132670748,-6.438892,-1.9771467,7.693159
1500132670812,-6.0080366,-1.3739494,6.2091026
1500132670876,-4.284616,-2.101616,6.6878304
1500132670939,-3.0111992,-1.3356512,7.0995364
1500132671003,-1.2111819,-3.604822,8.459125
1500132671067,-0.99096704,-2.6856642,9.052747
1500132671131,-1.2016073,-1.6324625,9.18679
1500132671195,-1.0484143,-2.2835326,9.761265
1500132671258,-1.5654407,-1.8239537,9.167642
1500132671321,-1.6994845,-1.5750152,7.875076
1500132671385,-1.2111819,-1.3069274,10.431483
1500132671449,-0.6845811,-2.3697038,9.809137
1500132671513,-1.709059,-1.4792696,9.359133
1500132671576,-1.6611862,-1.79523,9.75169
1500132671640,-1.5175679,-2.4175766,8.842107
1500132671704,-2.0537431,-1.4792696,9.110194
1500132671767,-1.7569319,-1.6133134,9.301685
1500132671831,-1.3643749,-2.513322,9.31126
1500132671895,-0.90479594,-1.1537346,9.770839
1500132671959,-0.98139244,-2.5899186,9.043172
1500132672022,-2.1111906,-1.6803354,9.2825365
1500132672086,-2.1303396,-1.9771467,8.9761505
1500132672150,-1.4601204,-1.9675722,9.378282
1500132672213,-1.8048047,-0.8664977,9.3878565
1500132672277,-1.929274,-1.9962958,9.330409
1500132672341,-2.1111906,-2.34098,9.196365
1500132672404,-2.1303396,-2.2835326,8.717637
1500132672469,-2.0250196,-1.6707608,9.052747
1500132672532,-2.2452345,-1.4122477,9.339984
1500132672596,-2.101616,-1.929274,9.148493
1500132672660,-1.862252,-2.2260852,9.129343
1500132672724,-1.8814012,-2.1973617,9.138918
1500132672787,-1.9771467,-2.0728924,9.148493
1500132672851,-2.0250196,-2.0058703,9.100619
1500132672914,-1.9962958,-2.034594,9.129343
1500132672978,-2.0728924,-2.0633178,9.091045
1500132673042,-1.9771467,-2.101616,9.100619
1500132673107,-1.862252,-1.948423,9.20594
1500132673169,-1.8526775,-1.9675722,9.196365
1500132673234,-1.8335283,-2.015445,9.177217
1500132673297,-1.7856555,-2.168638,9.148493
1500132673360,-1.7473572,-2.2260852,9.158067
1500132673424,-1.8239537,-2.2643836,9.119769
1500132673488,-1.6611862,-2.427151,9.0814705
1500132673551,-1.469695,-2.6090677,9.091045
1500132673615,-1.3356512,-2.3697038,9.272962
1500132673679,-1.4601204,-2.5516202,9.100619
1500132673743,-1.5750152,-2.4463003,9.100619
1500132673806,-1.5175679,-2.0824668,9.29211
1500132673870,-1.5750152,-2.2260852,9.177217
1500132673935,-1.6133134,-2.187787,9.196365
1500132673997,-1.5175679,-2.5228968,9.100619
1500132674061,-1.4122477,-2.494173,9.177217
1500132674125,-1.5367169,-2.6952388,9.043172
1500132674189,-1.6037389,-2.6856642,9.043172
1500132674252,-1.5367169,-2.3697038,9.167642
1500132674316,-1.5845897,-2.149489,9.244238
1500132674380,-1.3739494,-2.6186423,9.234664
1500132674444,-1.7186337,-2.0058703,9.301685
1500132674507,-1.5941644,-2.580344,8.985725
1500132674572,-1.3165021,-3.911208,8.698488
1500132674635,-1.79523,-2.9537518,8.9761505
1500132674698,-1.4122477,-2.9250283,8.966576
1500132674762,-1.4122477,-2.8771553,9.158067
1500132674826,-1.5462915,-2.8771553,8.995299
1500132674891,-1.6037389,-2.8580062,8.937852
1500132674953,-1.7186337,-2.8963046,9.043172
1500132675017,-1.6133134,-2.9920502,9.100619
1500132675081,-1.709059,-2.8292825,8.803808
1500132675144,-1.5654407,-3.039923,9.024023
1500132675208,-1.5941644,-2.8292825,9.110194
1500132675272,-1.5271424,-2.819708,9.138918
1500132675335,-1.5462915,-3.078221,8.794233
1500132675399,-1.709059,-2.88673,9.033598
1500132675463,-1.6516117,-2.819708,9.014449
1500132675527,-1.383524,-3.1643922,8.995299
1500132675590,-1.5845897,-3.0877957,8.9761505
1500132675654,-1.4888442,-2.9633265,9.043172
1500132675718,-1.7377827,-2.800559,9.062322
1500132675781,-1.4218222,-3.2218397,8.813383
1500132675845,-1.6899099,-2.7814097,9.062322
1500132675909,-1.383524,-3.193116,9.071896
1500132675972,-1.5750152,-3.3750327,8.497422
1500132676036,-1.7856555,-3.039923,8.889979
1500132676100,-1.7665064,-2.4463003,9.368708
1500132676164,-1.7665064,-2.3888528,9.148493
1500132676227,-1.7569319,-3.2026904,8.784659
1500132676291,-1.8143792,-3.0877957,8.928278
1500132676355,-1.1154363,-3.059072,9.014449
1500132676418,-1.2111819,-2.7622607,9.071896
1500132676482,-1.9196993,-2.9633265,8.957002
1500132676546,-1.622888,-2.9346027,9.033598
1500132676610,-1.4792696,-3.0877957,8.9761505
1500132676673,-1.6516117,-2.6760898,9.138918
1500132676737,-1.9388485,-3.0686467,8.765511
1500132676801,-1.0292653,-2.5037475,9.2825365
1500132676864,-1.7473572,-2.4654493,9.129343
1500132676928,-2.7909844,-2.168638,9.071896
1500132676993,-1.7569319,-3.3367343,8.66019
1500132677056,-2.0537431,-2.321831,8.995299
1500132677119,-2.1111906,-2.4845984,9.158067
1500132677183,-2.149489,-2.408002,9.052747
1500132677247,-2.149489,-2.7431116,8.870831
1500132677312,-2.0824668,-2.4463003,9.043172
1500132677374,-2.1303396,-2.494173,8.995299
1500132677438,-2.0441687,-2.494173,9.043172
1500132677502,-2.0824668,-2.513322,9.014449
1500132677565,-2.0920415,-2.5228968,8.985725
1500132677629,-2.0633178,-2.5037475,9.024023
1500132677693,-2.149489,-2.427151,9.004874
1500132677756,-1.9771467,-2.5516202,9.033598
1500132677821,-2.0441687,-2.475024,9.091045
1500132677884,-2.2643836,-2.3888528,8.985725
1500132677948,-2.1590633,-2.4654493,9.062322
1500132678011,-1.7473572,-3.2888615,8.832532
1500132678075,-1.7665064,-3.1165195,8.832532
1500132678139,-2.034594,-2.4654493,8.918703
1500132678202,-2.015445,-2.800559,8.947427
1500132678266,-2.0250196,-2.3984275,9.100619
1500132678330,-2.0441687,-2.6186423,9.014449
1500132678394,-2.0633178,-2.513322,9.004874
1500132678458,-1.9579976,-2.5516202,9.014449
1500132678521,-1.9196993,-2.4654493,9.091045
1500132678585,-2.1111906,-2.2643836,9.138918
1500132678648,-1.6707608,-2.9154537,8.937852
1500132678712,-1.8814012,-2.8771553,8.909128
1500132678777,-2.1207652,-2.580344,8.966576
1500132678840,-2.034594,-2.580344,8.957002
1500132678903,-1.8048047,-2.7622607,8.995299
1500132678967,-1.8239537,-2.427151,9.129343
1500132679031,-1.9867213,-2.3888528,9.043172
1500132679095,-1.9101248,-2.2452345,9.148493
1500132679158,-1.948423,-1.7186337,9.263388
1500132679222,-1.6611862,-2.5228968,9.062322
1500132679286,-1.5271424,-2.3026817,9.272962
1500132679349,-1.6707608,-2.2069361,9.272962
1500132679413,-1.7569319,-2.714388,9.091045
1500132679477,-1.7377827,-2.9537518,8.985725
1500132679541,-2.168638,-2.9441774,9.062322
1500132679604,-0.54096264,-4.3707867,10.038927
1500132679668,2.8963046,-6.486765,10.651698
1500132679732,-0.6558574,-1.6133134,6.8888965
1500132679795,-4.7537694,1.6803354,3.5378
1500132679859,-10.0868,1.709059,2.254809
1500132679923,-10.689997,-5.0122824,1.5462915
1500132679986,-7.46337,-9.225089,-0.4835153
1500132680050,-5.845269,-7.089962,-6.37187
1500132680114,-4.772918,-8.612317,-8.813383
1500132680179,-4.0644007,-8.506997,-5.222923
1500132680242,-2.714388,-9.636795,-4.198445
1500132680305,-3.3750327,-8.066567,-3.5473747
1500132680369,-3.6814184,-8.6697645,-4.8973875
1500132680433,-2.714388,-7.961247,-3.5282254
1500132680498,-3.346309,-6.783576,-4.581427
1500132680560,-4.5144053,-7.0612383,-5.6250544
1500132680624,-6.4197426,-6.984642,-7.156984
1500132680687,-7.0803876,-6.783576,-6.094208
1500132680751,-5.9218655,-5.2899446,-3.8920588
1500132680815,-6.103782,-5.692076,-3.690993
1500132680878,-6.2952733,-5.002708,-2.015445
1500132680942,-6.7740016,-5.06973,-4.016528
1500132681006,-6.2665496,-6.103782,-4.0069537
1500132681070,-6.170804,-6.0846334,-4.9835587
1500132681133,-6.2378263,-5.8931417,-4.2080193
1500132681197,-6.170804,-6.7931504,-4.993133
1500132681261,-6.113357,-6.132506,-5.309094
1500132681324,-5.979313,-5.759098,-4.5718527
1500132681388,-5.7112255,-6.7740016,-5.261221
1500132681452,-6.333572,-6.333572,-5.1176023
1500132681516,-6.764427,-5.644203,-4.4186597
1500132681579,-6.898471,-5.3186684,-4.389936
1500132681643,-6.9463434,-5.2133484,-4.150572
1500132681707,-7.176133,-4.73462,-3.7867386
1500132681770,-7.195282,-5.17505,-3.7197168
1500132681834,-7.348475,-5.002708,-3.5569491
1500132681898,-7.4250717,-4.9739842,-3.5282254
1500132681962,-7.4729443,-5.021857,-3.3175852
1500132682025,-7.4250717,-5.0314317,-3.4037561
1500132682089,-7.511243,-5.041006,-3.384607
1500132682153,-7.482519,-5.0122824,-3.6526947
1500132682216,-7.434646,-5.347392,-3.604822
1500132682280,-7.310177,-5.38569,-3.5473747
1500132682344,-7.35805,-5.4431376,-3.777164
1500132682408,-7.4154973,-5.2899446,-3.5856729
1500132682471,-7.3771987,-5.1654754,-3.4899273
1500132682535,-7.3771987,-5.538883,-3.4037561
1500132682599,-7.3197513,-5.4431376,-3.2601378
1500132682662,-7.2718787,-5.567607,-3.2601378
1500132682726,-7.2527294,-5.5484576,-3.1643922
1500132682790,-7.2718787,-5.6154795,-3.1165195
1500132682854,-7.3389006,-5.5963306,-3.2409887
1500132682917,-7.3389006,-5.634629,-3.126094
1500132682981,-7.329326,-5.605905,-3.1165195
1500132683045,-7.2910275,-5.672927,-3.231414
1500132683109,-7.2718787,-5.586756,-3.1069448
1500132683172,-7.3197513,-5.5101595,-3.126094
1500132683236,-7.329326,-5.328243,-3.1548176
1500132683301,-7.329326,-5.3569665,-3.193116
1500132683363,-7.1857076,-5.538883,-3.039923
1500132683427,-7.089962,-5.988888,-3.5282254
1500132683491,-7.1091113,-5.797396,-3.5282254
1500132683554,-6.7261286,-6.0750585,-3.6814184
1500132683618,-6.639958,-6.132506,-4.08355
1500132683682,-6.975067,-5.9697385,-3.7867386
1500132683746,-7.051664,-5.8548436,-3.4612036
1500132683809,-7.051664,-5.7016506,-3.499502
1500132683873,-6.9942164,-5.7686725,-3.212265
1500132683937,-7.0708127,-5.7303743,-3.3271596
1500132684001,-7.0325146,-5.845269,-3.3367343
1500132684065,-7.089962,-5.739949,-3.365458
1500132684128,-7.1091113,-5.845269,-3.3558834
1500132684192,-7.137835,-5.7016506,-3.365458
1500132684255,-7.1186857,-5.7303743,-3.3080106
1500132684319,-7.0708127,-5.7208,-3.3175852
1500132684383,-7.0325146,-5.787822,-3.4037561
1500132684446,-7.1091113,-5.7112255,-3.3558834
1500132684510,-7.1857076,-5.634629,-3.4229054
1500132684574,-7.1857076,-5.519734,-3.5282254
1500132684637,-7.1091113,-5.644203,-3.518651
1500132684701,-7.0995364,-5.653778,-3.5090764
1500132684765,-7.042089,-5.6154795,-3.3080106
1500132684829,-7.1091113,-5.586756,-3.5856729
1500132684892,-7.310177,-5.38569,-4.016528
1500132684956,-7.2718787,-5.519734,-4.1122737
1500132685020,-7.156984,-5.3952646,-4.0739756
1500132685084,-6.869747,-5.586756,-4.0069537
1500132685147,-6.764427,-5.452712,-3.8537605
1500132685212,-6.7069798,-5.835695,-4.2175937
1500132685275,-6.4293175,-6.065484,-3.604822
1500132685339,-6.410168,-6.0559096,-4.0739756
1500132685402,-6.6495323,-6.668681,-3.6431203
1500132685466,-6.975067,-5.988888,-3.7388659
1500132685530,-6.831449,-5.8644185,-3.6431203
1500132685594,-6.831449,-6.2091026,-4.456958
1500132685657,-6.869747,-4.619725,-3.499502
1500132685721,-7.2910275,-4.954835,-2.7622607
1500132685784,-7.310177,-6.0367603,-2.7048132
1500132685848,-7.051664,-6.333572,-2.9441774
1500132685912,-6.6016593,-6.7069798,-2.5324712
1500132685976,-6.1899533,-6.975067,-2.4558747
1500132686039,-5.433563,-7.8367777,-2.6186423
1500132686103,-4.993133,-8.152739,-2.4558747
1500132686167,-5.155901,-7.5399666,-3.0686467
1500132686230,-5.2420716,-8.305931,-2.3697038
1500132686294,-5.3186684,-7.8846507,-2.5707695
1500132686358,-4.83994,-7.482519,-2.4367256
1500132686422,-4.7537694,-8.32508,-3.2888615
1500132686485,-4.6867476,-7.616563,-2.733537
1500132686549,-4.7058964,-9.004874,-3.1835413
1500132686613,-4.83994,-8.076141,-2.9346027
1500132686676,-5.0505805,-8.076141,-2.6282167
1500132686740,-5.002708,-8.143164,-2.4654493
1500132686804,-4.887813,-8.191036,-2.1303396
1500132686868,-4.5239797,-8.727212,-1.8814012
1500132686932,-4.1792955,-9.148493,-2.254809
1500132686995,-3.4037561,-8.679339,-0.56011176
1500132687059,-2.513322,-9.569773,-1.709059
1500132687123,-1.4313968,-8.995299,-0.09095833
1500132687186,-2.7239625,-5.941015,1.4888442
1500132687250,-5.5580325,-7.310177,1.948423
1500132687314,-6.821874,-9.560199,-5.108028
1500132687377,-6.0463347,-12.068733,-5.452712
1500132687441,-4.5527034,-9.196365,-2.5324712
1500132687505,-3.8729098,-8.229335,-2.647366
1500132687568,-3.059072,-6.5346375,-2.0058703
1500132687632,-3.384607,-7.664436,-2.5707695
1500132687696,-4.0931244,-9.7899885,-4.6771727
1500132687760,-3.844186,-8.372953,-3.911208
1500132687823,-3.8154624,-8.277207,-3.8729098
1500132687887,-3.9590807,-7.855927,-3.9590807
1500132687952,-4.6293,-7.8367777,-3.7101421
1500132688014,-5.759098,-7.2527294,-3.758015
1500132688078,-7.042089,-6.764427,-3.9782298
1500132688142,-8.018694,-6.2952733,-3.825037
1500132688206,-8.55487,-4.236743,-2.9250283
1500132688269,-8.305931,-4.772918,-4.610151
1500132688333,-7.8846507,-7.137835,-4.342063
1500132688397,-8.34423,-7.0133657,-2.561195
1500132688460,-8.181462,-5.912291,-2.5037475
1500132688524,-7.329326,-6.304848,-1.4313968
1500132688588,-6.1995277,-6.630383,-0.70373017
1500132688652,-4.916537,-6.9463434,-0.61755913
1500132688715,-3.193116,-6.9080453,-0.11968201
1500132688779,-2.2739582,-8.621892,-0.062234644
1500132688843,-2.7048132,-7.8846507,-0.8952214
1500132688906,-2.2165108,-7.875076,0.20585304
1500132688970,-2.427151,-8.861256,0.78032666
1500132689034,-2.475024,-10.82404,-0.5218136
1500132689098,-3.2409887,-10.488931,-0.20585304
1500132689161,-4.389936,-9.301685,-1.7856555
1500132689225,-4.016528,-9.2825365,-0.8952214
1500132689289,-3.4612036,-9.41658,-0.93351966
1500132689352,-3.0494976,-8.870831,-0.8760723
1500132689416,-3.384607,-8.736787,-1.1728836
1500132689480,-3.039923,-9.636795,-1.4984187
1500132689544,-2.8963046,-9.129343,-1.4888442
1500132689607,-2.7718353,-9.569773,-1.709059
1500132689672,-2.800559,-9.215514,-1.9005502
1500132689735,-2.475024,-9.368708,-1.8143792
1500132689799,-2.408002,-9.885734,-2.0250196
1500132689863,-2.2739582,-9.062322,-1.5845897
1500132689926,-2.2165108,-9.5889225,-1.6324625
1500132689990,-2.101616,-9.474028,-1.3930986
1500132690053,-2.1303396,-9.617646,-1.6037389
1500132690117,-2.1111906,-9.426155,-1.5941644
1500132690181,-2.1207652,-9.703817,-1.6037389
1500132690245,-2.1973617,-9.41658,-1.9196993
1500132690309,-2.187787,-9.397431,-1.5558661
1500132690372,-2.254809,-9.512326,-2.0920415
1500132690436,-2.2356598,-9.493176,-1.7856555
1500132690500,-2.3026817,-9.320834,-1.8143792
1500132690563,-2.408002,-9.531475,-1.9196993
1500132690627,-2.3984275,-9.138918,-1.9196993
1500132690691,-2.647366,-9.253813,-1.6707608
1500132690754,-2.5228968,-9.158067,-1.6420372
1500132690818,-2.3984275,-9.445304,-1.5941644
1500132690882,-2.2069361,-9.713391,-1.5462915
1500132690945,-2.360129,-9.454879,-1.6133134
1500132691009,-2.4175766,-9.378282,-1.7856555
1500132691074,-2.3314054,-9.445304,-1.8335283
1500132691137,-2.5994933,-8.966576,-1.4601204
1500132691200,-2.3792782,-9.378282,-1.6037389
1500132691264,-2.2165108,-9.41658,-1.4218222
1500132691328,-2.0728924,-9.617646,-1.383524
1500132691393,-1.9675722,-9.713391,-1.2686293
1500132691455,-1.8526775,-9.703817,-1.1920328
1500132691519,-1.929274,-9.655944,-1.4026731
1500132691583,-1.9962958,-9.608071,-1.2973529
1500132691646,-1.9388485,-9.579348,-1.1250108
1500132691710,-1.9867213,-9.579348,-1.2207564
1500132691775,-2.0920415,-9.41658,-1.1537346
1500132691838,-2.0633178,-9.550624,-1.2782038
1500132691901,-2.0920415,-9.435729,-1.1250108
1500132691965,-1.9867213,-9.742115,-1.2207564
1500132692029,-2.0250196,-9.512326,-1.0484143
1500132692092,-2.0058703,-9.636795,-1.0484143
1500132692156,-2.0920415,-9.502751,-1.2016073
1500132692220,-2.0537431,-9.493176,-1.1920328
1500132692284,-1.9771467,-9.665519,-1.2494801
1500132692347,-1.948423,-9.75169,-1.4026731
1500132692411,-2.0920415,-9.435729,-1.1250108
1500132692475,-2.034594,-9.560199,-1.1154363
1500132692539,-2.0537431,-9.5889225,-1.2016073
1500132692602,-2.1590633,-9.407005,-1.2686293
1500132692666,-2.1207652,-9.531475,-1.4026731
1500132692731,-2.1111906,-9.617646,-1.3548003
1500132692793,-2.0920415,-9.608071,-1.3069274
1500132692857,-2.1207652,-9.483603,-1.0675635
1500132692921,-2.0920415,-9.684668,-1.0675635
1500132692985,-2.0920415,-9.407005,-1.0005416
1500132693048,-2.149489,-9.54105,-1.2973529
1500132693112,-2.1590633,-9.5889225,-1.2303311
1500132693176,-2.1303396,-9.464453,-1.1345854
1500132693239,-2.1590633,-9.464453,-1.0962871
1500132693303,-2.101616,-9.598496,-1.0579889
1500132693367,-2.0920415,-9.598496,-1.0005416
1500132693430,-2.1303396,-9.569773,-1.0484143
1500132693494,-2.1303396,-9.512326,-0.99096704
1500132693558,-2.149489,-9.531475,-1.1154363
1500132693622,-2.1303396,-9.550624,-1.14416
1500132693685,-2.1207652,-9.579348,-1.1728836
1500132693749,-2.1399143,-9.655944,-1.2877784
1500132693813,-2.1973617,-9.339984,-1.0867126
1500132693877,-2.1399143,-9.5219,-1.0196906
1500132693940,-2.1111906,-9.560199,-0.99096704
1500132694004,-2.0633178,-9.598496,-0.93351966
1500132694068,-2.0633178,-9.64637,-1.0292653
1500132694131,-2.0633178,-9.550624,-0.93351966
1500132694196,-2.0633178,-9.5889225,-0.91437054
1500132694259,-2.034594,-9.560199,-0.85692316
1500132694322,-2.0633178,-9.560199,-0.8473486
1500132694386,-2.0250196,-9.598496,-0.8090504
1500132694450,-2.0728924,-9.569773,-0.8473486
1500132694514,-2.015445,-9.598496,-0.8281995
1500132694577,-2.015445,-9.608071,-0.78990126
1500132694641,-1.9867213,-9.64637,-0.8186249
1500132694705,-2.0250196,-9.54105,-0.78032666
1500132694768,-1.9962958,-9.608071,-0.8281995
1500132694833,-2.015445,-9.608071,-0.8186249
1500132694897,-2.0058703,-9.608071,-0.83777404
1500132694961,-1.9771467,-9.713391,-0.92394507
1500132695023,-2.034594,-9.493176,-0.69415563
1500132695087,-2.015445,-9.62722,-0.8473486
1500132695151,-2.0250196,-9.569773,-0.71330476
1500132695214,-2.034594,-9.598496,-0.7420284
1500132695278,-2.0250196,-9.608071,-0.7324539
1500132695342,-2.034594,-9.62722,-0.7324539
1500132695406,-2.0537431,-9.598496,-0.7420284
1500132695469,-2.0633178,-9.579348,-0.7420284
1500132695533,-2.101616,-9.531475,-0.78032666
1500132695597,-2.0920415,-9.569773,-0.8186249
1500132695660,-2.0728924,-9.579348,-0.751603
1500132695724,-2.0633178,-9.64637,-0.78990126
1500132695788,-2.0441687,-9.598496,-0.6750065
1500132695852,-2.0633178,-9.5889225,-0.78990126
1500132695915,-2.0824668,-9.579348,-0.751603
1500132695979,-2.0633178,-9.5889225,-0.78032666
1500132696043,-2.0728924,-9.598496,-0.76117754
1500132696107,-2.0824668,-9.54105,-0.77075213
1500132696170,-2.0920415,-9.569773,-0.7994758
1500132696234,-2.0728924,-9.617646,-0.78032666
1500132696298,-2.0633178,-9.617646,-0.78990126
1500132696361,-2.0920415,-9.579348,-0.7228793
1500132696425,-2.101616,-9.531475,-0.71330476
1500132696489,-2.1399143,-9.569773,-0.85692316
1500132696552,-2.101616,-9.598496,-0.7994758
1500132696616,-2.101616,-9.5889225,-0.71330476
1500132696680,-2.1111906,-9.579348,-0.77075213
1500132696744,-2.101616,-9.5889225,-0.78032666
1500132696807,-2.101616,-9.5889225,-0.76117754
1500132696871,-2.0920415,-9.5889225,-0.7324539
1500132696935,-2.0920415,-9.598496,-0.7420284
1500132696998,-2.1111906,-9.560199,-0.6845811
1500132697062,-2.1111906,-9.569773,-0.7324539
1500132697126,-2.0920415,-9.5889225,-0.7324539
1500132697190,-2.1111906,-9.598496,-0.7324539
1500132697253,-2.101616,-9.5889225,-0.71330476
1500132697317,-2.1111906,-9.560199,-0.70373017
1500132697381,-2.0920415,-9.569773,-0.7324539
1500132697444,-2.0728924,-9.617646,-0.71330476
1500132697508,-2.0728924,-9.608071,-0.70373017
1500132697572,-2.101616,-9.5889225,-0.71330476
1500132697636,-2.0920415,-9.560199,-0.69415563
1500132697699,-2.0824668,-9.617646,-0.71330476
1500132697763,-2.0920415,-9.598496,-0.69415563
1500132697827,-2.0824668,-9.598496,-0.6845811
1500132697890,-2.0920415,-9.579348,-0.6845811
1500132697954,-2.0920415,-9.569773,-0.64628285
1500132698018,-2.0728924,-9.608071,-0.63670826
1500132698082,-2.0728924,-9.598496,-0.64628285
1500132698145,-2.0920415,-9.5889225,-0.6750065
1500132698209,-2.0920415,-9.579348,-0.6750065
1500132698273,-2.0920415,-9.560199,-0.6750065
1500132698336,-2.0633178,-9.608071,-0.6750065
1500132698400,-2.0633178,-9.598496,-0.665432
1500132698464,-2.0824668,-9.608071,-0.7324539
1500132698528,-2.0824668,-9.560199,-0.70373017
1500132698591,-2.0824668,-9.598496,-0.7324539
1500132698655,-2.0824668,-9.617646,-0.7420284
1500132698719,-2.0920415,-9.5889225,-0.7324539
1500132698782,-2.0824668,-9.550624,-0.7228793
1500132698846,-2.0920415,-9.598496,-0.76117754
1500132698911,-2.0920415,-9.569773,-0.76117754
1500132698973,-2.0920415,-9.569773,-0.751603
1500132699037,-2.0920415,-9.560199,-0.7228793
1500132699101,-2.1207652,-9.531475,-0.8281995
1500132699165,-2.0537431,-9.62722,-0.8186249
1500132699229,-1.9962958,-9.62722,-0.76117754
1500132699292,-2.015445,-9.703817,-0.6558574
1500132699356,-2.034594,-9.636795,-0.6558574
1500132699419,-2.1399143,-9.560199,-0.8281995
1500132699483,-2.1590633,-9.5219,-0.83777404
1500132699547,-2.1590633,-9.502751,-0.8281995
1500132699611,-2.1399143,-9.5889225,-0.751603
1500132699674,-2.1399143,-9.560199,-0.71330476
1500132699738,-2.1399143,-9.579348,-0.8090504
1500132699802,-2.1303396,-9.579348,-0.78032666
1500132699866,-2.1590633,-9.569773,-0.83777404
1500132699930,-2.1399143,-9.550624,-0.7994758
1500132699994,-2.149489,-9.569773,-0.78990126
1500132700057,-2.1207652,-9.579348,-0.7994758
1500132700120,-2.1303396,-9.579348,-0.7994758
1500132700184,-2.149489,-9.598496,-0.8186249
1500132700248,-2.1590633,-9.560199,-0.8186249
1500132700312,-2.1782124,-9.512326,-0.78990126
1500132700375,-2.1399143,-9.560199,-0.751603
1500132700439,-2.149489,-9.569773,-0.78032666
1500132700503,-2.1303396,-9.598496,-0.8281995
1500132700566,-2.1590633,-9.569773,-0.8473486
1500132700630,-2.1399143,-9.579348,-0.7994758
1500132700694,-2.1303396,-9.598496,-0.77075213
1500132700757,-2.168638,-9.5219,-0.78032666
1500132700821,-2.1782124,-9.531475,-0.8281995
1500132700885,-2.168638,-9.560199,-0.8186249
1500132700949,-2.1399143,-9.598496,-0.76117754
1500132701012,-2.1399143,-9.569773,-0.76117754
1500132701076,-2.1590633,-9.550624,-0.78990126
1500132701140,-2.1782124,-9.550624,-0.85692316
1500132701203,-2.149489,-9.550624,-0.78990126
1500132701267,-2.1590633,-9.64637,-0.8186249
1500132701331,-2.2643836,-9.675094,-0.7420284
1500132701395,-2.0728924,-9.809137,-0.5888355
1500132701458,-2.034594,-9.876159,-0.50266445
1500132701522,-2.5516202,-9.8953085,-0.71330476
1500132701586,-2.7431116,-9.483603,-1.1058618
1500132701649,-3.059072,-9.761265,-1.7569319
1500132701713,-1.7186337,-9.617646,-2.867581
1500132701777,-1.1345854,-8.143164,-2.6760898
1500132701840,-2.733537,-6.783576,-1.2494801
1500132701904,-3.9207826,-8.248484,-1.79523
1500132701968,-5.7782474,-9.828286,-2.034594
1500132702032,-7.46337,-6.668681,-1.6037389
1500132702095,-8.55487,-4.5144053,3.5760984
1500132702159,-8.143164,-5.586756,5.2516465
1500132702223,-7.3006024,-6.218677,4.83994
1500132702288,-7.482519,-3.518651,5.2516465
1500132702350,-6.3814445,-2.4175766,5.155901
1500132702414,-4.3612123,-3.5473747,6.764427
1500132702478,-4.2654667,-2.3697038,9.349558
1500132702541,-4.4856815,-4.1601467,7.396348
1500132702606,-4.5335546,-3.4803526,7.5303917
1500132702669,-4.2654667,-3.0016246,7.4920936
1500132702733,-4.2271686,-3.0016246,8.076141
1500132702796,-4.543129,-2.0824668,9.31126
1500132702860,-4.2941904,-3.2601378,7.6069884
1500132702925,-4.169721,-3.0303483,8.095291
1500132702987,-3.2888615,-4.1409974,8.152739
1500132703051,-4.275041,-5.366541,8.21976
1500132703115,-7.46337,-1.3548003,5.806971
1500132703179,-6.6208086,-1.3643749,4.121848
1500132703242,-4.6771727,-1.14416,5.998462
1500132703306,-3.4133308,-2.0537431,6.4963393
1500132703370,-2.3122563,-0.69415563,10.565528
1500132703433,-2.6569405,-0.751603,11.551707
1500132703497,-0.99096704,-3.2792869,12.470865
1500132703561,-2.972901,-2.5994933,6.8410234
1500132703626,-3.4037561,-1.383524,8.727212
1500132703688,-3.8346114,-1.2016073,9.014449
1500132703752,-4.83994,-1.8431029,8.296356
1500132703816,-4.935686,-2.2260852,7.741032
1500132703879,-4.5622783,-1.6611862,8.411251
1500132703943,-4.658024,-2.1590633,7.7506065
1500132704007,-4.5718527,-1.6420372,8.066567
1500132704071,-5.2899446,-1.3930986,8.516571
1500132704134,-5.2037735,-2.1303396,7.9803963
1500132704198,-4.715471,-2.3026817,7.769756
1500132704262,-3.4899273,-1.4026731,8.880404
1500132704325,-5.4048395,-3.3367343,6.7069798
1500132704389,-5.261221,-2.647366,8.047418
1500132704453,-4.3995104,-2.8101335,7.8272033
1500132704516,-4.6388745,-2.5420458,8.047418
1500132704580,-4.6867476,-2.8388572,7.894225
1500132704644,-4.4186597,-2.819708,7.855927
1500132704708,-4.5622783,-2.88673,7.8272033
1500132704771,-4.696322,-2.7718353,7.9708214
1500132704835,-4.3995104,-2.9154537,7.8176284
1500132704899,-4.466532,-2.7718353,8.085716
1500132704962,-4.772918,-2.714388,8.133589
1500132705026,-4.2271686,-2.8771553,8.420826
1500132705090,-5.2707953,-2.2356598,11.15915
1500132705154,-6.2282515,-3.7005677,9.091045
1500132705217,-5.998462,-0.27287498,6.2665496
1500132705281,-4.045252,0.4164934,5.4431376
1500132705345,-0.19627848,-2.1111906,6.256975
1500132705409,2.3984275,-3.758015,9.024023
1500132705472,0.2441513,-2.3984275,10.900637
1500132705536,-1.2590547,-1.0579889,10.967659
1500132705600,-1.3548003,-0.2154276,9.244238
1500132705663,-0.751603,-0.77075213,9.493176
1500132705727,-0.91437054,-0.85692316,9.655944
1500132705791,-1.7856555,-1.7569319,8.813383
1500132705855,-0.9622433,-0.77075213,9.742115
1500132705918,-0.91437054,-0.2441513,9.75169
1500132705982,-0.70373017,-1.0388398,9.608071
1500132706046,-1.2877784,-1.6611862,8.947427
1500132706110,-0.76117754,-2.2356598,9.024023
1500132706173,-0.45479164,-1.3356512,10.058076
1500132706237,-0.92394507,-2.0728924,9.091045
1500132706301,-1.0484143,-1.3452257,9.464453
1500132706364,-1.6611862,-1.2877784,9.359133
1500132706428,-1.9101248,-0.50266445,9.225089
1500132706492,0.5505372,-3.4324799,9.272962
1500132706555,-1.14416,-0.8186249,9.397431
1500132706619,-0.2920241,-1.469695,9.713391
1500132706683,-0.54096264,-2.1590633,8.889979
1500132706747,-1.5654407,-0.9718179,9.531475
1500132706810,-1.6037389,-0.12925656,9.809137
1500132706875,-1.9101248,-0.85692316,8.870831
1500132706938,-0.93351966,-1.8909757,9.330409
1500132707001,-1.862252,0.40691882,9.799562
1500132707065,-2.972901,0.13883112,8.7750845
1500132707129,-1.8048047,-0.90479594,9.301685
1500132707193,-2.3697038,-0.34947145,9.18679
1500132707257,-2.5420458,-0.062234644,9.244238
1500132707321,-2.3122563,-0.32074776,9.196365
1500132707384,-2.3888528,-0.12925656,9.148493
1500132707447,-2.015445,-0.5888355,9.29211
1500132707511,-2.666515,-0.062234644,9.0814705
1500132707575,-2.360129,0.081383765,9.41658
1500132707639,-2.3026817,-0.46436617,9.0814705
1500132707702,-2.494173,-0.062234644,9.29211
1500132707766,-2.2835326,-1.1154363,8.985725
1500132707830,-1.7186337,-1.776081,9.110194
1500132707893,-1.5462915,-1.9388485,9.0814705
1500132707957,-1.2016073,-0.7228793,9.943181
1500132708021,-1.1345854,-1.7186337,9.177217
1500132708085,-1.0771381,-1.4888442,9.579348
1500132708148,-1.9196993,-1.8431029,8.909128
1500132708212,-1.0388398,-1.2111819,9.7899885
1500132708276,-1.0867126,-2.1303396,8.9761505
1500132708340,-1.6516117,-0.59841,9.742115
1500132708403,-2.149489,-0.8760723,9.225089
1500132708467,-1.6611862,-1.6994845,9.158067
1500132708530,-2.187787,-0.59841,9.20594
1500132708594,-1.776081,-0.99096704,9.368708
1500132708658,-1.8335283,-1.0771381,9.378282
1500132708722,-1.8143792,-1.1824582,9.29211
1500132708785,-1.0962871,-1.9771467,9.339984
1500132708849,-1.14416,-1.5654407,9.5219
1500132708913,0.7420284,-2.8292825,9.770839
1500132708976,-0.3398969,-3.1452432,8.286782
1500132709040,-0.39734426,-2.2739582,9.320834
1500132709104,-1.3548003,-2.5228968,8.842107
1500132709168,-1.79523,-1.4505459,9.722966
1500132709231,-1.8048047,-2.8292825,8.947427
1500132709295,-1.7665064,-2.0537431,9.2825365
1500132709359,-1.862252,-1.6324625,9.20594
1500132709422,-1.862252,-2.149489,8.832532
1500132709486,-1.8143792,-0.9430942,9.742115
1500132709550,-0.9526688,-2.5420458,9.062322
1500132709614,-1.8048047,-1.6707608,9.608071
1500132709677,-1.6037389,-2.905879,8.641041
1500132709741,-2.5994933,-0.85692316,9.445304
1500132709805,-1.2016073,-2.101616,8.966576
1500132709868,0.2920241,-1.4122477,9.809137
1500132709932,-0.93351966,-1.6707608,9.435729
1500132709996,-0.78032666,-1.6994845,9.29211
1500132710060,-0.2154276,-2.034594,9.31126
1500132710124,-0.8760723,-1.7473572,9.2825365
1500132710187,-0.63670826,-2.0537431,9.3878565
1500132710252,-0.14840569,-2.34098,9.761265
1500132710315,0.512239,-3.8633351,9.177217
1500132710378,-0.25372586,-1.1920328,9.64637
1500132710442,-1.79523,-0.2920241,8.459125
1500132710506,-2.88673,-2.561195,8.526146
1500132710569,-2.6377914,-1.5558661,11.044255
1500132710633,-2.0633178,-1.0388398,9.0814705
1500132710697,-2.0728924,-0.63670826,8.401677
1500132710760,-0.44521707,-2.2356598,10.287866
1500132710824,1.1154363,-7.348475,8.631466
1500132710888,-0.062234644,-4.5622783,8.679339
1500132710951,0.37819514,-1.8143792,8.296356
1500132711015,-1.6420372,-0.69415563,8.1623125
1500132711079,-3.0016246,-0.2920241,6.975067
1500132711143,-5.7686725,-1.0675635,4.772918
1500132711206,-7.3867736,-3.0686467,3.2792869
1500132711270,-7.5782647,-7.042089,3.6622694
1500132711334,-7.5303917,-10.699572,1.2782038
1500132711397,-6.639958,-9.004874,-1.5558661
1500132711461,-5.7495236,-7.7793303,-4.1601467
1500132711525,-5.605905,-8.124015,-6.8027253
1500132711588,-4.9739842,-8.056993,-4.782493
1500132711652,-4.198445,-7.2335806,-2.2739582
1500132711716,-3.9878044,-7.635712,-3.9878044
1500132711781,-3.231414,-8.047418,-4.121848
1500132711843,-3.0973704,-8.430401,-4.0356774
1500132711907,-2.3505547,-8.755936,-3.7101421
1500132711971,-2.647366,-8.861256,-4.2175937
1500132712034,-2.6377914,-9.29211,-4.476107
1500132712099,-2.7431116,-8.679339,-4.303765
1500132712162,-3.518651,-8.191036,-5.1271772
1500132712226,-5.2707953,-7.348475,-4.9739842
1500132712289,-6.544212,-6.438892,-4.763344
1500132712353,-7.693159,-6.47719,-5.5963306
1500132712418,-7.6835847,-5.519734,-3.8633351
1500132712480,-7.4059224,-5.1846247,-3.1452432
1500132712544,-7.02294,-6.2378263,-3.6239712
1500132712608,-7.195282,-6.3527207,-1.6516117
1500132712672,-7.2910275,-5.5580325,-2.7909844
1500132712736,-6.094208,-6.3527207,-1.5654407
1500132712799,-5.079304,-8.171887,-1.8335283
1500132712863,-4.0356774,-8.363379,-1.3069274
1500132712926,-3.2792869,-8.258059,-2.101616
1500132712990,-1.6420372,-8.23891,-1.1154363
1500132713054,-0.9718179,-8.545295,-1.862252
1500132713118,-0.71330476,-8.535721,-2.3122563
1500132713181,-0.98139244,-11.7336235,-3.6239712
1500132713246,-2.34098,-8.957002,-2.0058703
1500132713309,-3.9878044,-10.460207,-3.0494976
1500132713373,-3.4229054,-9.885734,-1.5654407
1500132713437,-1.862252,-8.947427,-2.5037475
1500132713500,-2.561195,-9.100619,-2.2835326
1500132713563,-3.020774,-8.621892,-2.6090677
1500132713627,-2.8771553,-9.148493,-2.9154537
1500132713691,-2.6952388,-8.995299,-3.231414
1500132713756,-2.7718353,-8.621892,-3.1356685
1500132713818,-2.666515,-9.158067,-2.972901
1500132713882,-2.5420458,-9.158067,-2.905879
1500132713946,-2.5037475,-9.349558,-2.9154537
1500132714009,-2.561195,-9.138918,-2.867581
1500132714074,-2.666515,-9.18679,-2.867581
1500132714137,-2.819708,-8.755936,-2.8388572
1500132714200,-2.8580062,-8.947427,-2.800559
1500132714264,-2.9824755,-8.851681,-2.972901
1500132714328,-3.1452432,-8.516571,-2.9537518
1500132714393,-2.7431116,-9.100619,-3.1452432
1500132714455,-2.6090677,-9.20594,-2.7239625
1500132714519,-2.5516202,-9.64637,-2.7718353
1500132714583,-2.800559,-8.631466,-2.9346027
1500132714646,-2.580344,-8.928278,-2.4845984
1500132714712,-2.6952388,-9.043172,-2.6569405
1500132714774,-2.5994933,-9.071896,-2.6952388
1500132714838,-2.475024,-8.966576,-2.8580062
1500132714901,-2.4367256,-9.407005,-2.6377914
1500132714965,-2.3505547,-9.119769,-2.9824755
1500132715029,-2.3888528,-9.100619,-3.078221
1500132715092,-2.3984275,-9.091045,-2.9824755
1500132715157,-2.3984275,-8.957002,-2.9441774
1500132715221,-2.3984275,-9.177217,-3.0111992
1500132715284,-2.4175766,-8.928278,-3.1452432
1500132715348,-2.4175766,-9.033598,-3.2984362
1500132715411,-2.3792782,-8.851681,-3.1356685
1500132715475,-2.2739582,-9.148493,-3.059072
1500132715538,-2.1303396,-9.2825365,-3.0016246
1500132715602,-2.1111906,-9.272962,-2.7048132
1500132715666,-2.149489,-9.244238,-2.7718353
1500132715729,-2.2356598,-9.177217,-2.867581
1500132715793,-2.2835326,-9.110194,-2.752686
1500132715857,-2.2452345,-9.196365,-2.6282167
1500132715921,-2.1590633,-9.330409,-2.513322
1500132715984,-2.2356598,-9.272962,-2.6090677
1500132716048,-2.2452345,-9.244238,-2.475024
1500132716112,-2.2356598,-9.301685,-2.34098
1500132716175,-2.2452345,-9.29211,-2.2739582
1500132716239,-2.149489,-9.29211,-2.187787
1500132716304,-2.2069361,-9.368708,-2.3505547
1500132716367,-2.2356598,-9.301685,-2.2835326
1500132716430,-2.1973617,-9.330409,-2.2643836
1500132716494,-2.2165108,-9.339984,-2.2069361
1500132716558,-2.187787,-9.368708,-2.168638
1500132716621,-2.1973617,-9.359133,-2.168638
1500132716685,-2.2356598,-9.2825365,-2.187787
1500132716750,-2.2165108,-9.29211,-2.2452345
1500132716813,-2.1303396,-9.359133,-2.2739582
1500132716876,-2.1399143,-9.407005,-2.2165108
1500132716940,-2.1590633,-9.368708,-2.2835326
1500132717004,-2.1782124,-9.29211,-2.3122563
1500132717068,-2.2165108,-9.31126,-2.2356598
1500132717131,-2.149489,-9.3878565,-2.254809
1500132717195,-2.1973617,-9.359133,-2.3026817
1500132717259,-2.2165108,-9.31126,-2.3026817
1500132717322,-2.2260852,-9.29211,-2.254809
1500132717386,-2.2452345,-9.29211,-2.2356598
1500132717450,-2.2069361,-9.330409,-2.254809
1500132717514,-2.1973617,-9.339984,-2.2739582
1500132717577,-2.2356598,-9.349558,-2.3122563
1500132717641,-2.2069361,-9.31126,-2.321831
1500132717705,-2.2165108,-9.31126,-2.3026817
1500132717768,-2.2165108,-9.301685,-2.2931073
1500132717832,-2.2069361,-9.320834,-2.2931073
1500132717896,-2.1973617,-9.378282,-2.2643836
1500132717960,-2.1782124,-9.359133,-2.2260852
1500132718023,-2.187787,-9.339984,-2.1973617
1500132718088,-2.2165108,-9.349558,-2.2069361
1500132718151,-2.2069361,-9.349558,-2.1782124
1500132718214,-2.2356598,-9.320834,-2.1782124
1500132718279,-2.2356598,-9.349558,-2.1973617
1500132718343,-2.2069361,-9.378282,-2.2069361
1500132718407,-2.2835326,-9.2825365,-2.187787
1500132718469,-2.3026817,-9.263388,-2.2260852
1500132718533,-2.2356598,-9.339984,-2.168638
1500132718597,-2.1973617,-9.41658,-2.168638
1500132718661,-2.1973617,-9.368708,-2.1111906
1500132718724,-2.2260852,-9.3878565,-2.1782124
1500132718788,-2.2739582,-9.301685,-2.149489
1500132718852,-2.2835326,-9.320834,-2.187787
1500132718915,-2.2835326,-9.349558,-2.1590633
1500132718979,-2.2835326,-9.349558,-2.149489
1500132719043,-2.321831,-9.320834,-2.1303396
1500132719107,-2.3314054,-9.29211,-2.1399143
1500132719170,-2.3026817,-9.359133,-2.1590633
1500132719234,-2.321831,-9.349558,-2.101616
1500132719298,-2.34098,-9.31126,-2.1207652
1500132719362,-2.3697038,-9.272962,-2.1111906
1500132719425,-2.3792782,-9.31126,-2.1303396
1500132719489,-2.3505547,-9.31126,-2.168638
1500132719552,-2.3505547,-9.330409,-2.101616
1500132719616,-2.3314054,-9.330409,-2.1303396
1500132719680,-2.34098,-9.330409,-2.101616
1500132719744,-2.3505547,-9.320834,-2.1399143
1500132719807,-2.34098,-9.330409,-2.1399143
1500132719871,-2.34098,-9.330409,-2.101616
1500132719935,-2.3122563,-9.349558,-2.1303396
1500132719999,-2.3314054,-9.359133,-2.0824668
1500132720062,-2.360129,-9.339984,-2.0824668
1500132720126,-2.3888528,-9.29211,-2.101616
1500132720190,-2.3026817,-9.349558,-2.1303396
1500132720253,-2.408002,-9.359133,-2.168638
1500132720317,-2.4175766,-9.320834,-2.0058703
1500132720381,-2.3888528,-9.320834,-1.862252
1500132720445,-2.4654493,-9.339984,-1.9005502
1500132720508,-2.4845984,-9.263388,-2.034594
1500132720572,-2.4654493,-9.330409,-2.0824668
1500132720636,-2.475024,-9.29211,-2.0441687
1500132720699,-2.4463003,-9.339984,-1.9388485
1500132720763,-2.3984275,-9.359133,-1.9005502
1500132720827,-2.427151,-9.359133,-1.9101248
1500132720891,-2.4463003,-9.330409,-1.9771467
1500132720954,-2.475024,-9.29211,-1.929274
1500132721018,-2.4558747,-9.330409,-1.9196993
1500132721082,-2.4367256,-9.3878565,-1.948423
1500132721147,-2.4654493,-9.339984,-1.9101248
1500132721209,-2.513322,-9.320834,-1.9005502
1500132721273,-2.4463003,-9.301685,-1.776081
1500132721337,-2.4367256,-9.349558,-1.7473572
1500132721400,-2.4558747,-9.368708,-1.7569319
1500132721464,-2.427151,-9.407005,-1.7569319
1500132721528,-2.4463003,-9.320834,-1.7377827
1500132721591,-2.4463003,-9.339984,-1.7856555
1500132721655,-2.427151,-9.378282,-1.8335283
1500132721719,-2.3792782,-9.454879,-1.8526775
1500132721783,-2.3984275,-9.3878565,-1.8431029
1500132721846,-2.4367256,-9.349558,-1.79523
1500132721910,-2.4558747,-9.349558,-1.776081
1500132721974,-2.475024,-9.330409,-1.8239537
1500132722039,-2.4845984,-9.339984,-1.776081
1500132722101,-2.494173,-9.339984,-1.776081
1500132722165,-2.513322,-9.330409,-1.776081
1500132722229,-2.5037475,-9.320834,-1.776081
1500132722292,-2.5037475,-9.320834,-1.8048047
1500132722356,-2.4845984,-9.330409,-1.8335283
1500132722420,-2.5037475,-9.368708,-1.8239537
1500132722483,-2.475024,-9.339984,-1.7856555
1500132722547,-2.475024,-9.368708,-1.7856555
1500132722611,-2.427151,-9.3878565,-1.7856555
1500132722675,-2.4367256,-9.378282,-1.7856555
1500132722738,-2.4463003,-9.349558,-1.7856555
1500132722802,-2.475024,-9.349558,-1.776081
1500132722866,-2.4558747,-9.339984,-1.7856555
1500132722929,-2.4463003,-9.3878565,-1.8143792
1500132722993,-2.4367256,-9.3878565,-1.79523
1500132723057,-2.475024,-9.368708,-1.776081
1500132723121,-2.494173,-9.320834,-1.776081
1500132723184,-2.4845984,-9.330409,-1.776081
1500132723248,-2.4845984,-9.349558,-1.8048047
1500132723312,-2.4654493,-9.368708,-1.79523
1500132723377,-2.475024,-9.368708,-1.7665064
1500132723439,-2.4845984,-9.330409,-1.776081
1500132723503,-2.475024,-9.349558,-1.79523
1500132723567,-2.4654493,-9.378282,-1.79523
1500132723630,-2.4654493,-9.330409,-1.776081
1500132723694,-2.4845984,-9.368708,-1.79523
1500132723758,-2.4654493,-9.359133,-1.79523
1500132723821,-2.4654493,-9.359133,-1.8048047
1500132723885,-2.4654493,-9.359133,-1.79523
1500132723949,-2.4558747,-9.359133,-1.79523
1500132724013,-2.4845984,-9.349558,-1.79523
1500132724076,-2.475024,-9.349558,-1.79523
1500132724141,-2.494173,-9.339984,-1.8048047
1500132724204,-2.475024,-9.330409,-1.7856555
1500132724267,-2.475024,-9.368708,-1.776081
1500132724331,-2.4654493,-9.368708,-1.7665064
1500132724395,-2.475024,-9.339984,-1.8048047
1500132724459,-2.4845984,-9.359133,-1.79523
1500132724522,-2.475024,-9.359133,-1.7665064
1500132724586,-2.4558747,-9.339984,-1.7665064
1500132724650,-2.4654493,-9.359133,-1.7856555
1500132724713,-2.4654493,-9.368708,-1.8048047
1500132724777,-2.4845984,-9.339984,-1.776081
1500132724841,-2.4654493,-9.349558,-1.7665064
1500132724905,-2.475024,-9.349558,-1.776081
1500132724968,-2.4845984,-9.349558,-1.8048047
1500132725032,-2.4654493,-9.3878565,-1.79523
1500132725096,-2.4558747,-9.301685,-1.79523
1500132725160,-2.494173,-9.359133,-1.7569319
1500132725224,-2.4463003,-9.368708,-1.7665064
1500132725287,-2.427151,-9.368708,-1.7665064
1500132725351,-2.475024,-9.368708,-1.8048047
1500132725414,-2.4367256,-9.359133,-1.8143792
1500132725478,-2.4558747,-9.359133,-1.7856555
1500132725542,-2.4367256,-9.368708,-1.7665064
1500132725605,-2.4367256,-9.378282,-1.776081
1500132725669,-2.4463003,-9.368708,-1.79523
1500132725733,-2.4463003,-9.349558,-1.7665064
1500132725797,-2.4367256,-9.368708,-1.776081
1500132725860,-2.4367256,-9.368708,-1.7665064
1500132725924,-2.4463003,-9.349558,-1.7856555
1500132725988,-2.4463003,-9.368708,-1.7856555
1500132726051,-2.4463003,-9.359133,-1.8048047
1500132726115,-2.4463003,-9.359133,-1.776081
1500132726180,-2.4463003,-9.359133,-1.776081
1500132726242,-2.4367256,-9.378282,-1.7856555
1500132726307,-2.4367256,-9.378282,-1.79523
1500132726371,-2.4367256,-9.3878565,-1.8143792
1500132726434,-2.4654493,-9.339984,-1.7856555
1500132726497,-2.4654493,-9.339984,-1.776081
1500132726561,-2.4558747,-9.349558,-1.79523
1500132726625,-2.4367256,-9.359133,-1.7665064
1500132726689,-2.4463003,-9.3878565,-1.79523
1500132726752,-2.427151,-9.435729,-1.8143792
1500132726816,-2.6569405,-9.349558,-1.8048047
1500132726880,-2.4845984,-9.368708,-1.6516117
1500132726943,-2.5228968,-9.330409,-1.3548003
1500132727007,-2.5899186,-9.301685,-1.3356512
1500132727071,-2.5324712,-9.41658,-1.383524
1500132727135,-2.5516202,-9.3878565,-1.5462915
1500132727198,-2.580344,-9.426155,-1.6707608
1500132727262,-2.561195,-9.330409,-1.5462915
1500132727326,-2.5516202,-9.359133,-1.4984187
1500132727389,-2.5228968,-9.378282,-1.383524
1500132727454,-2.494173,-9.41658,-1.4601204
1500132727517,-2.5037475,-9.445304,-1.5271424
1500132727581,-2.5324712,-9.3878565,-1.5271424
1500132727644,-2.5324712,-9.3878565,-1.5175679
1500132727708,-2.5324712,-9.41658,-1.5079932
1500132727772,-2.5324712,-9.368708,-1.469695
1500132727835,-2.5516202,-9.3878565,-1.4505459
1500132727899,-2.5994933,-9.31126,-1.4792696
1500132727963,-2.5899186,-9.349558,-1.4984187
1500132728027,-2.5707695,-9.397431,-1.5271424
1500132728090,-2.5228968,-9.407005,-1.4792696
1500132728154,-2.5707695,-9.3878565,-1.4792696
1500132728218,-2.5994933,-9.349558,-1.5079932
1500132728281,-2.5994933,-9.339984,-1.5079932
1500132728345,-2.5707695,-9.3878565,-1.469695
1500132728409,-2.561195,-9.378282,-1.469695
1500132728473,-2.561195,-9.397431,-1.5175679
1500132728536,-2.5707695,-9.378282,-1.4888442
1500132728600,-2.5707695,-9.368708,-1.4888442
1500132728664,-2.5707695,-9.368708,-1.4888442
1500132728727,-2.580344,-9.368708,-1.4888442
1500132728792,-2.5707695,-9.3878565,-1.4984187
1500132728855,-2.5707695,-9.3878565,-1.4792696
1500132728919,-2.580344,-9.368708,-1.469695
1500132728982,-2.5994933,-9.368708,-1.5175679
1500132729046,-2.5994933,-9.368708,-1.4984187
1500132729111,-2.5899186,-9.359133,-1.4792696
1500132729173,-2.5899186,-9.359133,-1.5079932
1500132729237,-2.580344,-9.3878565,-1.5079932
1500132729301,-2.580344,-9.368708,-1.5175679
1500132729365,-2.5899186,-9.378282,-1.5271424
1500132729429,-2.580344,-9.397431,-1.5558661
1500132729492,-2.5707695,-9.29211,-1.5175679
1500132729556,-2.513322,-9.454879,-1.4313968
1500132729619,-2.5516202,-9.3878565,-1.6133134
1500132729683,-2.580344,-9.320834,-1.5079932
1500132729747,-2.5516202,-9.368708,-1.5750152
1500132729811,-2.5420458,-9.3878565,-1.5558661
1500132729874,-2.561195,-9.339984,-1.5941644
1500132729938,-2.580344,-9.349558,-1.622888
1500132730002,-2.580344,-9.349558,-1.6516117
1500132730065,-2.580344,-9.330409,-1.6420372
1500132730129,-2.5516202,-9.426155,-1.7473572
1500132730193,-2.6377914,-9.196365,-1.5750152
1500132730257,-2.5994933,-9.407005,-1.6899099
1500132730320,-2.6090677,-9.359133,-1.7569319
