1500077696626,0.78032666,-9.761265,-1.4218222
1500077696689,0.91437054,-9.014449,1.4122477
1500077696754,1.7377827,-9.464453,4.543129
1500077696818,2.513322,-7.721883,3.758015
1500077696881,1.776081,-7.616563,4.619725
1500077696944,1.2973529,-8.909128,5.079304
1500077697008,0.20585304,-7.1186857,6.0846334
1500077697072,1.2686293,-7.281453,6.285699
1500077697135,2.2643836,-8.794233,6.3622956
1500077697199,1.2973529,-9.608071,5.567607
1500077697264,1.4218222,-7.56869,5.586756
1500077697327,1.6324625,-7.846352,5.222923
1500077697391,1.6133134,-6.4293175,6.9559183
1500077697454,1.8239537,-5.4431376,7.999545
1500077697518,1.8431029,-5.787822,8.392102
1500077697581,1.0484143,-6.1229315,8.181462
1500077697645,0.6845811,-4.954835,9.0814705
1500077697709,1.776081,-4.610151,8.143164
1500077697773,2.2643836,-2.2356598,6.783576
1500077697836,2.1303396,-1.3260766,4.456958
1500077697900,2.6952388,-4.2941904,10.670848
1500077697964,0.61755913,-5.0314317,11.187874
1500077698027,1.3930986,-3.2792869,7.999545
1500077698091,2.0058703,-4.1122737,8.248484
1500077698155,2.3888528,-3.3080106,9.64637
1500077698219,1.3930986,-4.5622783,8.985725
1500077698282,1.5367169,-4.016528,8.296356
1500077698346,1.9579976,-3.9399316,8.688913
1500077698410,2.427151,-3.9495063,7.693159
1500077698473,1.8718265,-4.83994,8.372953
1500077698537,1.6133134,-5.17505,8.095291
1500077698601,1.7665064,-5.1271772,8.430401
1500077698665,1.5462915,-5.3569665,8.085716
1500077698728,1.862252,-5.4048395,8.133589
1500077698792,2.0824668,-5.155901,8.420826
1500077698856,1.9962958,-5.079304,7.5399666
1500077698919,2.6186423,-4.4090853,7.7123084
1500077698984,2.7622607,-4.322914,7.1091113
1500077699047,2.0250196,-3.8154624,7.2144313
1500077699111,0.93351966,-9.397431,6.256975
1500077699176,-0.26330042,-10.010203,7.1186857
1500077699238,1.5845897,-6.1612296,7.4154973
1500077699302,3.1356685,-4.4186597,8.9761505
1500077699365,2.867581,-4.849515,7.0133657
1500077699429,2.1111906,-4.715471,7.5591154
1500077699493,1.948423,-3.4612036,8.736787
1500077699557,1.8431029,-4.456958,7.310177
1500077699620,2.647366,-3.9782298,7.8367777
1500077699684,2.101616,-4.954835,8.985725
1500077699748,2.360129,-5.5963306,9.167642
1500077699812,1.7377827,-4.7250457,7.587839
1500077699875,1.8431029,-4.5239797,8.095291
1500077699939,1.8048047,-4.5622783,8.803808
1500077700003,1.9388485,-4.581427,7.999545
1500077700066,2.3697038,-4.2271686,8.506997
1500077700130,2.0728924,-4.811217,8.32508
1500077700195,1.8048047,-4.9835587,7.999545
1500077700258,1.8909757,-4.4186597,8.928278
1500077700330,2.360129,-3.671844,8.593168
1500077700385,2.4845984,-4.121848,8.143164
1500077700449,2.5707695,-3.5665238,7.7123084
1500077700512,2.5324712,-5.5101595,8.755936
1500077700576,1.469695,-5.328243,8.401677
1500077700640,1.8814012,-3.0111992,8.736787
1500077700704,2.9441774,-3.758015,8.34423
1500077700767,2.9250283,-4.7441945,7.0803876
1500077700831,3.777164,-4.9069624,9.18679
1500077700895,1.4313968,-5.041006,8.621892
1500077700958,2.0728924,-5.5580325,6.9559183
1500077701022,2.2356598,-5.8165455,7.1857076
1500077701086,2.7431116,-4.581427,7.137835
1500077701150,2.6377914,-5.979313,7.7793303
1500077701213,1.8431029,-5.6154795,7.9133744
1500077701277,2.3122563,-5.38569,8.037844
1500077701341,2.3888528,-4.916537,7.6069884
1500077701405,2.015445,-5.797396,7.721883
1500077701468,2.5037475,-4.5144053,8.076141
1500077701532,2.34098,-5.28037,7.846352
1500077701596,1.929274,-5.692076,8.200611
1500077701659,2.6569405,-4.782493,8.21976
1500077701723,2.561195,-5.1846247,7.243155
1500077701787,1.862252,-5.529309,7.7793303
1500077701851,2.168638,-5.1367517,8.124015
1500077701915,2.2739582,-5.155901,8.00912
1500077701978,2.0824668,-4.73462,8.4686985
1500077702042,2.1782124,-3.4612036,9.158067
1500077702105,2.101616,-3.212265,7.7793303
1500077702169,3.3941817,-2.8101335,8.708063
1500077702233,2.7239625,-3.078221,7.664436
1500077702296,3.1452432,-3.451629,8.439975
1500077702361,3.020774,-4.1601467,9.359133
1500077702433,2.2069361,-4.016528,8.698488
1500077702488,2.34098,-2.9920502,8.593168
1500077702551,2.6760898,-3.518651,8.564445
1500077702615,2.6856642,-3.5760984,8.526146
1500077702679,2.8580062,-2.5037475,8.698488
1500077702743,3.126094,-3.5378,8.851681
1500077702806,3.1069448,-4.284616,9.85701
1500077702870,2.1111906,-2.5228968,7.4920936
1500077702934,3.6431203,-2.733537,8.066567
1500077702997,1.9388485,-4.5239797,8.535721
1500077703061,1.7473572,-3.758015,8.947427
1500077703125,3.2888615,-3.9016335,7.6835847
1500077703189,3.6814184,-3.671844,8.803808
1500077703252,2.8963046,-4.466532,7.7601814
1500077703316,2.3888528,-5.759098,7.7123084
1500077703380,2.2260852,-4.73462,7.7123084
1500077703443,2.4654493,-5.17505,7.243155
1500077703507,3.078221,-4.7250457,7.922949
1500077703571,3.3367343,-5.634629,7.654861
1500077703635,3.7867386,-5.692076,7.855927
1500077703698,3.7675896,-6.2952733,5.605905
1500077703762,2.6282167,-8.947427,4.2463174
1500077703826,0.7324539,-7.003791,9.2825365
1500077703889,-0.5888355,-5.586756,8.765511
1500077703953,0.44521707,-5.8644185,7.5399666
1500077704017,2.4175766,-4.581427,8.191036
1500077704081,2.427151,-6.678256,5.06973
1500077704144,2.8101335,-7.846352,4.696322
1500077704208,3.7292912,-9.138918,6.486765
1500077704272,3.9878044,-9.742115,5.634629
1500077704336,3.7197168,-1.1345854,6.017611
1500077704399,3.7292912,0.5792609,9.004874
1500077704463,3.173967,-1.7186337,7.051664
1500077704527,6.639958,0.8473486,8.822957
1500077704590,6.113357,-2.3792782,9.991054
1500077704654,4.3707867,-2.101616,7.204857
1500077704718,5.1367517,-3.7005677,6.0846334
1500077704781,6.2474008,-1.0962871,8.5740185
1500077704845,4.9069624,-1.7282082,8.880404
1500077704909,5.232497,-2.3888528,7.5399666
1500077704973,5.079304,-1.9867213,8.842107
1500077705036,4.868664,-1.6803354,8.076141
1500077705100,4.3995104,-2.8580062,7.003791
1500077705165,4.8590894,-2.4558747,9.119769
1500077705227,3.5665238,-1.7377827,7.664436
1500077705291,2.4558747,-1.1633091,6.8410234
1500077705355,3.3175852,-1.8718265,8.832532
1500077705419,5.835695,-2.360129,10.852764
1500077705482,4.2271686,-3.0877957,7.587839
1500077705546,4.1888704,-3.3367343,7.042089
1500077705610,4.2175937,-3.2601378,8.133589
1500077705673,4.5622783,-3.4324799,8.363379
1500077705737,4.150572,-2.3122563,7.875076
1500077705801,4.5144053,-2.3697038,8.765511
1500077705865,4.5910015,-2.3505547,8.23891
1500077705928,4.476107,-1.7856555,8.430401
1500077705992,4.3133397,-3.078221,8.1623125
1500077706056,3.9878044,-3.1835413,7.9325233
1500077706119,4.3133397,-2.5899186,8.382527
1500077706183,4.198445,-2.4845984,8.506997
1500077706247,4.2080193,-3.346309,8.353804
1500077706311,3.9495063,-3.7005677,8.66019
1500077706374,3.604822,-3.3750327,8.717637
1500077706438,3.690993,-1.0388398,9.655944
1500077706502,3.5090764,-2.2165108,9.426155
1500077706566,2.9920502,-3.0877957,8.430401
1500077706629,3.3367343,-3.0973704,6.850598
1500077706693,3.1835413,-2.7048132,7.35805
1500077706757,3.9782298,-1.9771467,6.103782
1500077706820,4.1792955,-4.4186597,8.2676325
1500077706885,2.6377914,-4.045252,9.75169
1500077706949,2.5228968,-6.103782,7.616563
1500077707013,1.9962958,-5.8165455,8.727212
1500077707075,1.2973529,-4.6867476,8.564445
1500077707139,1.6611862,-5.1367517,8.918703
1500077707203,1.4601204,-5.7208,8.133589
1500077707266,1.8143792,-5.519734,7.654861
1500077707330,1.6133134,-5.462287,7.4059224
1500077707394,2.101616,-4.763344,8.191036
1500077707458,2.5994933,-4.83994,8.382527
1500077707521,2.427151,-4.1601467,8.679339
1500077707585,2.2260852,-4.2654667,8.076141
1500077707649,2.0728924,-4.4856815,7.9516726
1500077707712,2.4845984,-4.2558923,9.167642
1500077707776,2.3505547,-4.763344,8.44955
1500077707840,3.1835413,-3.5856729,9.148493
1500077707903,1.2207564,-6.525063,7.3867736
1500077707967,-1.2207564,-6.850598,9.483603
1500077708031,-1.2590547,-6.017611,7.2240057
1500077708095,0.5313881,-10.077225,5.538883
1500077708158,1.1728836,-7.855927,9.004874
1500077708222,0.3398969,-6.821874,6.0559096
1500077708286,-0.11968201,-5.9697385,5.634629
1500077708350,-1.1154363,-6.5729356,0.99096704
1500077708413,-0.9622433,-10.105948,-6.0750585
1500077708477,-0.8760723,-11.312344,-6.256975
1500077708541,0.8760723,-3.4707782,9.129343
1500077708604,-3.231414,-9.493176,4.696322
1500077708668,-7.961247,-1.7282082,4.4186597
1500077708732,-6.6591067,-7.434646,-3.604822
1500077708796,-4.1888704,-13.983645,-5.06973
1500077708859,-2.1207652,-10.316589,0.78032666
1500077708923,-0.4835153,-5.1367517,-0.85692316
1500077708987,-1.8718265,-11.9346895,-6.0846334
1500077709050,-3.365458,-12.0400095,-7.1474094
1500077709114,-2.666515,-7.329326,1.5271424
1500077709178,-3.212265,-7.9325233,1.6324625
1500077709242,-2.8101335,-8.171887,-1.9388485
1500077709305,-1.9962958,-6.304848,-2.2931073
1500077709369,-0.28244954,-9.158067,-5.873993
1500077709433,-1.4792696,-8.5740185,-7.4920936
1500077709496,-1.6611862,-7.051664,-6.697405
1500077709560,-1.5558661,-7.3771987,-7.8655014
1500077709624,-1.948423,-6.8027253,-7.7123084
1500077709688,-2.8101335,-7.7793303,-7.051664
1500077709751,-2.9154537,-4.581427,-6.132506
1500077709815,-2.321831,-5.194199,-8.133589
1500077709879,-1.7186337,-6.2282515,-8.056993
1500077709942,-2.1303396,-6.7069798,-7.769756
1500077710006,-1.3643749,-10.603826,-5.912291
1500077710070,0.03351096,-7.875076,-1.0005416
1500077710134,-1.1824582,-10.163396,-3.0973704
1500077710197,0.6271337,-9.359133,-2.8580062
1500077710261,0.42606795,-8.794233,-3.0877957
1500077710325,0.26330042,-7.8176284,-6.0559096
1500077710389,0.45479164,-3.518651,-5.0122824
1500077710452,0.00478728,-3.7675896,-7.1091113
1500077710516,-2.3888528,-6.0750585,-10.795317
1500077710580,-2.2260852,-7.855927,-12.90172
1500077710643,-2.101616,-8.315506,-10.374036
1500077710707,-2.8388572,-5.567607,-8.698488
1500077710771,-0.4835153,-6.4293175,-5.3378177
1500077710835,1.14416,-5.088879,-3.5665238
1500077710898,2.8580062,-9.272962,-8.765511
1500077710962,1.7569319,-10.06765,-9.158067
1500077711026,1.929274,-10.29744,-4.456958
1500077711089,1.8048047,-9.474028,-3.1356685
1500077711153,1.9388485,-10.728295,-1.2303311
1500077711217,1.0388398,-9.75169,-0.023936402
1500077711280,-2.015445,-7.0612383,-0.09095833
1500077711344,-4.868664,-4.275041,-0.25372586
1500077711408,-7.042089,-2.9824755,-0.28244954
1500077711472,-8.056993,-2.7814097,-0.77075213
1500077711535,-4.198445,-4.4473834,0.665432
1500077711599,0.512239,-15.802812,-5.0122824
1500077711663,-0.36862057,-11.9346895,-6.611234
1500077711726,-2.5420458,-10.172971,-7.329326
1500077711790,-4.2175937,-8.5740185,-11.063405
1500077711854,-4.5144053,-8.420826,-8.918703
1500077711918,-2.5324712,-9.177217,-2.5516202
1500077711981,-0.8090504,-8.478273,0.25372586
1500077712045,-2.4845984,-6.438892,-0.16755481
1500077712109,-5.8165455,-6.7357035,-2.752686
1500077712172,-5.500585,-7.9899707,-3.059072
1500077712236,-3.8824842,-6.9271946,-0.63670826
1500077712301,-3.4899273,-4.4090853,0.8856468
1500077712364,-5.481436,1.0962871,-4.5718527
1500077712427,-4.351638,-1.6611862,-8.765511
1500077712491,-4.284616,-3.1069448,-17.210272
1500077712555,-4.5144053,-4.131423,-11.408089
1500077712618,-3.2888615,-3.4899273,-8.095291
1500077712682,-1.6037389,-2.9346027,-10.82404
1500077712746,-0.59841,-1.1537346,-12.116607
1500077712810,-0.8281995,-2.8388572,-8.880404
1500077712873,-2.9633265,-3.126094,-9.349558
1500077712937,-1.3069274,-5.6633525,-10.19212
1500077713001,-2.1207652,-3.451629,-9.512326
1500077713065,-1.3930986,-3.3558834,-7.7506065
1500077713128,0.5888355,-10.077225,-9.043172
1500077713192,2.1111906,-9.100619,-3.9782298
1500077713256,2.3792782,-5.672927,2.561195
1500077713319,2.9346027,-10.804892,1.5175679
1500077713383,3.8058877,-11.15915,-1.2399056
1500077713447,3.2601378,-9.636795,0.3111732
1500077713510,4.275041,-10.40276,0.8664977
1500077713574,1.948423,-7.9899707,2.6760898
1500077713638,2.0824668,-8.66019,4.3324885
1500077713702,3.2218397,-10.843189,4.0069537
1500077713765,2.494173,-7.9899707,5.605905
1500077713829,1.3356512,-5.567607,4.7920675
1500077713893,1.6899099,-5.079304,5.998462
1500077713956,2.7909844,-0.014361841,10.412334
1500077714020,4.150572,0.37819514,8.085716
1500077714084,6.5346375,-0.00478728,5.9027166
1500077714147,9.732541,-4.4186597,-3.3941817
1500077714179,11.140001,-17.459211,-12.624058
1500077714195,12.997466,-13.13151,-6.0463347
1500077714211,8.909128,-12.193203,-5.1176023
1500077714227,2.2643836,-10.239992,-4.121848
1500077714243,3.5952475,-7.788905,-4.6388745
1500077714259,4.4473834,-8.870831,-7.875076
1500077714275,4.3707867,-11.025106,-10.307014
1500077714291,3.6431203,-9.608071,-11.092129
1500077714307,2.8963046,-7.7314577,-9.5219
1500077714323,2.0441687,-7.02294,-8.9761505
1500077714339,1.9101248,-6.0367603,-7.7506065
1500077714354,2.475024,-5.787822,-5.7686725
1500077714370,2.9250283,-5.634629,-4.0931244
1500077714386,3.5090764,-5.8931417,-3.4803526
1500077714402,3.7484405,-6.6016593,-4.437809
1500077714418,3.8729098,-7.089962,-5.376116
1500077714434,4.2941904,-7.329326,-5.0984535
1500077714450,4.696322,-7.5399666,-3.930357
1500077714466,4.3324885,-7.7984796,-2.9154537
1500077714482,3.5282254,-8.459125,-2.4463003
1500077714498,3.7484405,-7.654861,-1.5079932
1500077714514,4.811217,-6.132506,-0.47394073
1500077714530,6.0080366,-6.850598,-1.3930986
1500077714546,6.132506,-7.846352,-3.1452432
1500077714561,5.1654754,-8.334655,-4.5144053
1500077714577,4.6293,-7.769756,-5.8165455
1500077714593,4.5622783,-7.1665583,-7.1665583
1500077714609,4.275041,-8.861256,-7.6261373
1500077714625,3.1165195,-10.096374,-7.6069884
1500077714641,2.7622607,-9.809137,-7.9133744
1500077714657,4.3324885,-9.579348,-7.9037995
1500077714673,4.9452605,-9.033598,-6.8793216
1500077714689,4.476107,-8.411251,-5.960164
1500077714705,4.8782387,-7.9516726,-6.6016593
1500077714721,5.041006,-8.32508,-7.7123084
1500077714737,4.3995104,-8.909128,-8.229335
1500077714753,4.887813,-9.3878565,-8.152739
1500077714769,5.567607,-9.31126,-6.410168
1500077714784,5.988888,-8.152739,-4.6675982
1500077714800,7.1186857,-7.176133,-4.6005764
1500077714816,7.5591154,-7.1186857,-5.0122824
1500077714832,7.195282,-7.549541,-6.333572
1500077714848,6.3144226,-8.947427,-8.286782
1500077714864,5.5963306,-11.360216,-9.119769
1500077714880,5.433563,-12.3463955,-9.445304
1500077714896,5.9027166,-10.603826,-9.64637
1500077714912,6.716554,-9.397431,-8.621892
1500077714928,7.35805,-9.837861,-6.869747
1500077714944,7.1186857,-9.780414,-5.979313
1500077714960,6.438892,-9.5889225,-6.0559096
1500077714976,5.692076,-9.732541,-7.02294
1500077714992,5.299519,-10.40276,-7.156984
1500077715007,5.1176023,-10.661273,-6.975067
1500077715023,4.543129,-10.82404,-6.7548523
1500077715039,3.5856729,-10.728295,-6.6878304
1500077715055,2.6856642,-10.833615,-7.2910275
1500077715071,1.5750152,-10.517654,-8.439975
1500077715087,0.19627848,-9.129343,-8.392102
1500077715103,-0.93351966,-7.702734,-7.741032
1500077715119,-1.5367169,-7.7506065,-7.6740103
1500077715135,-2.360129,-7.6835847,-7.4250717
1500077715151,-3.4133308,-6.3144226,-6.6495323
1500077715167,-4.016528,-3.2984362,-6.304848
1500077715183,-3.1548176,-3.1643922,-4.935686
1500077715199,-2.475024,-3.5378,-3.0111992
1500077715215,-3.604822,-0.8664977,-3.9495063
1500077715231,-2.6856642,2.254809,-3.671844
1500077715246,0.78032666,2.6760898,-1.2399056
1500077715263,2.580344,0.93351966,-0.11968201
1500077715279,5.28037,-1.929274,1.383524
1500077715294,8.679339,-1.2303311,4.08355
1500077715310,10.029352,2.6282167,8.928278
1500077715326,8.593168,7.9803963,12.365545
1500077715342,6.6591067,12.997466,13.734707
1500077715358,5.519734,16.080475,15.534724
1500077715374,4.543129,16.099623,14.960251
1500077715390,1.862252,11.360216,12.001712
1500077715406,1.4026731,4.016528,8.018694
1500077715422,1.8909757,-1.0579889,6.256975
1500077715438,1.9196993,0.2154276,6.898471
1500077715454,1.776081,7.4250717,9.368708
1500077715470,0.2920241,13.4666195,11.216598
1500077715486,-0.8664977,13.562365,12.231501
1500077715502,-0.11968201,10.077225,12.56661
1500077715517,-0.63670826,5.8835673,10.517654
1500077715533,-0.751603,3.6335456,7.9420977
1500077715549,-0.78990126,2.819708,5.041006
1500077715565,-1.4026731,3.5665238,5.5484576
1500077715581,-2.5899186,5.347392,8.995299
1500077715597,-2.8580062,5.376116,10.852764
1500077715613,-3.2601378,5.8165455,9.263388
1500077715629,-4.428234,6.544212,8.305931
1500077715645,-4.6005764,5.194199,8.602742
1500077715661,-2.752686,3.1548176,7.0995364
1500077715677,-4.0548263,2.3792782,8.7750845
1500077715693,-7.6452866,1.709059,6.8888965
1500077715709,-8.822957,0.7228793,5.3378177
1500077715725,-7.9708214,1.2399056,6.5537868
1500077715740,-6.639958,-1.1633091,5.021857
1500077715756,-6.285699,-10.058076,1.2590547
1500077715772,-5.912291,-9.579348,7.02294
1500077715788,-7.1474094,0.14840569,11.752773
1500077715804,-6.630383,0.18670394,12.499589
1500077715820,-4.6675982,-6.3144226,11.005958
1500077715836,-1.8718265,-12.25065,13.983645
1500077715852,2.8101335,-11.293194,18.206026
1500077715868,9.866585,-12.815549,18.043259
1500077715884,-0.4835153,-1.9867213,13.638962
1500077715900,-5.2420716,1.3356512,12.164479
1500077715916,0.2154276,-0.3111732,15.477277
1500077715931,-3.2888615,0.27287498,9.636795
1500077715948,-2.5420458,-2.6569405,3.8346114
1500077715963,-2.0824668,0.05266008,4.1601467
1500077715979,-1.5654407,3.5473747,4.6388745
1500077715995,0.062234644,4.5718527,8.44955
1500077716011,-0.20585304,7.961247,5.500585
1500077716027,1.0196906,6.4293175,7.9708214
1500077716043,3.2601378,4.3707867,16.032602
1500077716059,2.905879,1.2973529,15.620895
1500077716075,0.8281995,-1.6324625,12.968742
1500077716091,-1.4888442,-1.0196906,10.134672
1500077716106,-2.8771553,0.4164934,8.679339
1500077716122,-4.0261025,1.469695,7.2910275
1500077716138,-4.772918,1.4984187,5.950589
1500077716154,-4.5239797,0.26330042,7.089962
1500077716170,-3.844186,0.61755913,7.511243
1500077716186,-3.7197168,1.4505459,7.243155
1500077716202,-3.451629,1.5271424,7.6261373
1500077716218,-2.6569405,1.3452257,8.258059
1500077716234,-2.408002,1.2686293,8.583593
1500077716250,-2.905879,1.1345854,8.23891
1500077716266,-3.4803526,0.6271337,7.7793303
1500077716282,-3.7197168,-0.11968201,7.3006024
1500077716298,-3.7675896,-0.8473486,6.8601727
1500077716314,-4.016528,-1.0196906,6.065484
1500077716330,-4.2463174,-1.2973529,5.2037735
1500077716346,-4.2558923,-2.1399143,4.5527034
1500077716361,-3.997379,-3.451629,4.322914
1500077716378,-3.5378,-4.581427,4.3324885
1500077716394,-3.0973704,-5.021857,4.619725
1500077716409,-2.4558747,-4.935686,4.9452605
1500077716425,-1.6803354,-5.0314317,5.1367517
1500077716441,-0.8856468,-5.4048395,5.309094
1500077716457,-0.49308985,-5.787822,5.49101
1500077716473,-0.63670826,-5.5771813,5.979313
1500077716489,-0.7228793,-4.3803616,6.7069798
1500077716505,-0.40691882,-3.1643922,7.2910275
1500077716521,0.20585304,-2.6569405,7.587839
1500077716537,0.63670826,-2.6760898,7.9420977
1500077716553,0.751603,-2.714388,8.420826
1500077716569,0.5218136,-2.1207652,8.842107
1500077716585,0.014361841,-1.2686293,9.349558
1500077716645,0.6558574,-1.3356512,10.833615
1500077716664,5.8644185,-4.9835587,10.670848
1500077716680,6.592085,-5.4048395,10.546378
1500077716696,6.5346375,-5.1367517,10.737869
1500077716712,6.0080366,-4.322914,11.044255
1500077716728,5.2420716,-4.2941904,10.536804
1500077716744,4.2463174,-5.17505,9.608071
1500077716760,3.5473747,-7.4729443,8.028269
1500077716776,3.0016246,-8.9761505,7.501668
1500077716792,2.4463003,-7.635712,9.54105
1500077716807,2.7048132,-5.8165455,12.595334
1500077716823,3.346309,-5.4431376,13.8879
1500077716839,2.2835326,-5.2133484,13.840027
1500077716855,0.78032666,-5.6633525,12.087883
1500077716871,0.05266008,-7.2623043,9.531475
1500077716887,-1.4409714,-7.3006024,8.210186
1500077716951,-2.513322,-7.4154973,8.889979
1500077716967,-4.6675982,-9.464453,8.23891
1500077716983,-5.2420716,-6.898471,5.376116
1500077717014,-5.309094,-5.2037735,4.5622783
1500077717078,-4.916537,4.456958,4.4186597
1500077717142,-5.8644185,-4.887813,6.8027253
1500077717206,-8.286782,-0.5218136,4.7920675
1500077717269,-9.54105,-2.1590633,4.1601467
1500077717334,-9.3878565,-2.0824668,3.8537605
1500077717397,-9.301685,0.5218136,2.6952388
1500077717461,-9.215514,2.8963046,4.7058964
1500077717524,-9.770839,-1.2973529,1.9196993
1500077717589,-10.642124,-0.34947145,2.9920502
1500077717652,-9.100619,1.0771381,1.8909757
1500077717716,-10.364462,0.56011176,1.6899099
1500077717779,-11.26447,-1.4218222,4.9069624
1500077717843,-10.594251,1.929274,4.926111
1500077717907,-9.29211,-1.4601204,4.198445
1500077717970,-8.277207,0.9526688,3.518651
1500077718034,-7.3389006,2.580344,3.1165195
1500077718098,-7.4154973,4.5622783,1.3356512
1500077718162,-8.5740185,6.4005938,-0.3111732
1500077718225,-7.5208173,3.6143966,-0.54096264
1500077718289,-6.256975,4.7058964,-1.14416
1500077718353,-6.132506,7.1474094,-1.2111819
1500077718416,-5.4048395,4.619725,-0.110107444
1500077718480,-5.079304,7.46337,-1.2399056
1500077718544,-4.9835587,8.047418,-1.79523
1500077718608,-4.9739842,7.5974135,-1.5558661
1500077718671,-5.3186684,7.6740103,-1.1824582
1500077718735,-5.538883,8.018694,-0.6079846
1500077718799,-5.261221,8.34423,-0.78990126
1500077718862,-4.6675982,7.8655014,-0.9526688
1500077718926,-4.4473834,8.11444,-1.3165021
1500077718990,-4.7058964,7.9803963,-0.83777404
1500077719006,-4.0548263,5.538883,-0.5888355
1500077719021,-3.7005677,5.1846247,-0.69415563
1500077719037,-3.7388659,7.3867736,-0.99096704
1500077719053,-3.844186,9.052747,-1.1537346
1500077719069,-3.4037561,6.9654927,-0.8473486
1500077719085,-2.867581,4.715471,-1.383524
1500077719101,-2.6186423,5.0601554,-2.34098
1500077719117,-2.427151,8.516571,-2.7909844
1500077719133,-2.149489,11.216598,-3.1835413
1500077719149,-1.5079932,9.426155,-2.2931073
1500077719165,-0.61755913,6.285699,-1.7665064
1500077719181,0.0718092,4.1026993,-1.6899099
1500077719197,0.46436617,4.6771727,-2.1111906
1500077719213,0.77075213,8.641041,-2.6282167
1500077719229,1.9962958,10.259142,-1.5654407
1500077719245,2.2260852,9.158067,-0.61755913
1500077719260,2.3984275,8.631466,-0.61755913
1500077719276,2.6760898,9.64637,-1.5175679
1500077719292,3.7388659,11.436812,-1.9771467
1500077719308,4.0644007,12.394268,-1.0292653
1500077719324,3.8346114,12.815549,-1.0579889
1500077719340,3.6431203,11.972988,-0.3111732
1500077719356,2.9441774,11.896391,-1.0005416
1500077719372,2.6760898,11.446387,-2.0728924
1500077719388,2.034594,11.944264,-2.408002
1500077719404,1.4888442,12.35597,-0.6079846
1500077719420,1.6899099,11.915541,1.8431029
1500077719436,1.9388485,12.336822,3.0016246
1500077719452,2.5228968,12.011286,2.1399143
1500077719468,2.9633265,9.904882,0.2154276
1500077719483,2.561195,7.348475,-3.7197168
1500077719499,2.101616,5.452712,-5.7782474
1500077719515,1.7856555,7.9708214,-4.3707867
1500077719531,2.3984275,12.767676,-2.8388572
1500077719547,3.4707782,14.883655,-0.44521707
1500077719563,4.198445,15.850685,-0.0718092
1500077719579,5.021857,15.180466,-0.8856468
1500077719595,5.1654754,12.470865,-1.0292653
1500077719611,4.7441945,10.278291,-0.5505372
1500077719627,4.351638,10.29744,0.7420284
1500077719643,4.4090853,10.326163,1.3260766
1500077719659,4.121848,8.909128,1.1728836
1500077719675,3.193116,8.947427,1.0292653
1500077719691,2.8292825,9.138918,-0.00478728
1500077719707,2.7048132,8.248484,-0.9718179
1500077719722,2.1973617,7.855927,-2.5228968
1500077719738,2.1207652,8.028269,-2.9154537
1500077719755,2.1399143,9.3878565,-0.76117754
1500077719770,0.8760723,9.866585,1.0196906
1500077719786,-0.8952214,8.2676325,-0.4164934
1500077719802,-2.2452345,5.9027166,-1.3643749
1500077719818,-4.016528,3.8633351,-0.7420284
1500077719834,-6.563361,2.733537,0.39734426
1500077719850,-9.320834,2.4463003,1.8048047
1500077719866,-11.331492,2.9250283,3.6143966
1500077719882,-10.977234,3.930357,4.3995104
1500077719898,-9.924032,5.9697385,3.6239712
1500077719914,-8.784659,8.564445,1.4505459
1500077719929,-7.8846507,10.661273,0.8473486
1500077719946,-6.975067,13.13151,0.9526688
1500077719961,-5.3569665,14.088965,1.0388398
1500077719977,-3.9590807,13.648536,0.93351966
1500077719993,-3.0686467,12.46129,0.17712937
1500077720009,-2.2739582,10.82404,-0.25372586
1500077720025,-1.5750152,9.368708,-0.5313881
1500077720041,-0.9430942,8.00912,-0.665432
1500077720057,-0.062234644,7.3867736,-0.78990126
1500077720073,0.9622433,7.664436,-0.665432
1500077720089,1.79523,7.7506065,-0.49308985
1500077720105,2.3505547,7.042089,-0.8664977
1500077720121,2.408002,6.563361,-1.79523
1500077720137,2.2356598,7.176133,-2.88673
1500077720153,2.2452345,8.00912,-2.427151
1500077720169,2.187787,9.024023,-2.0441687
1500077720185,2.2643836,9.20594,-3.4612036
1500077720201,2.6186423,9.378282,-4.4090853
1500077720217,2.4367256,10.565528,-3.5473747
1500077720232,2.0250196,11.312344,-2.321831
1500077720248,1.9675722,11.513409,-2.7622607
1500077720264,2.1973617,10.326163,-4.275041
1500077720280,2.3122563,8.401677,-5.0314317
1500077720296,1.9101248,7.329326,-5.0122824
1500077720312,1.2111819,7.894225,-4.0261025
1500077720328,1.6803354,8.870831,-2.9633265
1500077720344,2.4463003,8.928278,-2.494173
1500077720360,2.800559,9.138918,-2.88673
1500077720376,2.3505547,9.426155,-3.0303483
1500077720391,2.2739582,9.493176,-2.5994933
1500077720407,2.9346027,9.598496,-2.1399143
1500077720423,3.0877957,10.316589,-2.5707695
1500077720439,2.6760898,10.450633,-3.3175852
1500077720455,2.168638,9.301685,-5.17505
1500077720471,2.5420458,7.9708214,-6.2665496
1500077720487,3.020774,7.7314577,-5.49101
1500077720503,2.6090677,9.100619,-3.8729098
1500077720519,2.4463003,9.818711,-3.0111992
1500077720535,2.9346027,9.167642,-2.6760898
1500077720551,3.2505634,8.44955,-2.5994933
1500077720567,2.7431116,8.181462,-2.6760898
1500077720582,2.3026817,8.353804,-2.5420458
1500077720598,1.4409714,8.526146,-3.4899273
1500077720614,0.63670826,9.761265,-3.9590807
1500077720631,0.8664977,10.891063,-3.6143966
1500077720646,1.4026731,11.312344,-2.7718353
1500077720662,1.4505459,11.341067,-2.4845984
1500077720678,0.90479594,10.661273,-2.5228968
1500077720694,0.512239,10.134672,-3.0111992
1500077720710,0.50266445,8.9761505,-3.4037561
1500077720726,0.83777404,9.684668,-3.0016246
1500077720742,0.78032666,11.676176,-1.6420372
1500077720758,0.69415563,12.087883,-0.8856468
1500077720774,0.6558574,11.522984,-1.2303311
1500077720790,0.28244954,11.063405,-2.7909844
1500077720806,0.13883112,11.254896,-3.1643922
1500077720822,0.22500217,11.72405,-3.1548176
1500077720837,0.59841,11.49426,-2.867581
1500077720854,1.0962871,10.766593,-2.4845984
1500077720869,1.7856555,10.134672,-1.5654407
1500077720885,2.3888528,8.966576,-1.5079932
1500077720901,3.212265,7.46337,-1.383524
1500077720917,3.758015,6.3527207,-0.93351966
1500077720933,3.8729098,5.739949,-0.8186249
1500077720949,3.9016335,5.17505,-0.93351966
1500077720965,3.9016335,5.8165455,-0.9718179
1500077720981,4.342063,6.37187,-0.32074776
1500077720997,4.5335546,7.3771987,0.44521707
1500077721013,4.0069537,8.047418,0.78032666
1500077721029,2.8963046,8.717637,0.54096264
1500077721045,2.2069361,9.177217,0.4356425
1500077721060,1.9962958,9.483603,0.3398969
1500077721076,1.8048047,9.847435,0.16755481
1500077721092,1.6994845,10.393186,-0.16755481
1500077721108,1.4313968,10.757019,-0.512239
1500077721124,1.1250108,10.938935,-0.8473486
1500077721140,1.3356512,10.785743,-0.9718179
1500077721156,1.3739494,10.431483,-1.2016073
1500077721172,0.8760723,10.383611,-2.0920415
1500077721188,1.5367169,9.828286,-1.2399056
1500077721204,1.7282082,9.359133,-0.5218136
1500077721220,1.8143792,9.272962,-0.11968201
1500077721236,2.1782124,9.244238,-0.110107444
1500077721252,2.513322,9.071896,-0.33032233
1500077721268,2.2931073,9.837861,-1.0962871
1500077721284,2.168638,10.757019,-0.7420284
1500077721299,2.2739582,12.154904,0.15798025
1500077721315,2.9154537,13.217681,0.9430942
1500077721331,3.6526947,12.90172,1.2303311
1500077721347,3.6335456,12.154904,0.44521707
1500077721363,2.905879,12.068733,0.36862057
1500077721379,2.5037475,12.221927,1.0867126
1500077721395,3.1835413,13.112361,2.1782124
1500077721411,4.3995104,13.332576,3.1835413
1500077721427,4.772918,12.174053,3.078221
1500077721443,5.328243,10.900637,2.8771553
1500077721459,5.4431376,10.287866,2.88673
1500077721475,4.8782387,9.904882,3.0973704
1500077721491,5.06973,10.153821,2.819708
1500077721506,6.132506,10.2016945,3.5090764
1500077721522,6.1612296,9.5219,3.126094
1500077721538,5.366541,8.21976,1.2877784
1500077721554,4.5910015,8.439975,0.6271337
1500077721570,3.8920588,9.608071,-1.9771467
1500077721586,2.2739582,10.077225,-3.997379
1500077721602,1.9101248,12.078308,-4.0644007
1500077721618,2.1782124,11.858093,-3.518651
1500077721634,1.5175679,8.143164,-3.9878044
1500077721650,0.7324539,4.5335546,-3.930357
1500077721666,-1.0484143,2.1111906,-4.1122737
1500077721681,-3.518651,2.9346027,-4.7058964
1500077721697,-5.672927,4.5335546,-5.759098
1500077721713,-6.438892,3.6431203,-7.8272033
1500077721729,-7.56869,2.1111906,-8.00912
1500077721745,-9.167642,0.7420284,-7.7984796
1500077721761,-9.847435,-2.1207652,-7.922949
1500077721777,-10.096374,-5.5101595,-8.985725
1500077721793,-11.628304,-6.984642,-9.339984
1500077721809,-11.810221,-7.176133,-8.803808
1500077721825,-9.809137,-7.5399666,-8.420826
1500077721841,-7.12826,-10.105948,-8.487848
1500077721857,-4.1026993,-15.73579,-7.003791
1500077721872,-1.8143792,-17.382614,-5.4239883
1500077721888,0.16755481,-15.103869,-4.7920675
1500077721904,3.4803526,-15.496426,-2.5707695
1500077721920,6.0367603,-16.291115,2.015445
1500077721936,6.9463434,-14.605992,2.7239625
1500077721952,7.549541,-14.069817,3.3367343
1500077721968,7.0612383,-13.188957,4.0261025
1500077721984,6.7357035,-11.475111,5.079304
1500077722000,7.0803876,-9.483603,6.745278
1500077722048,7.434646,-8.334655,6.5346375
1500077722064,6.4005938,-9.3878565,4.4473834
1500077722111,5.739949,-8.899554,4.2175937
1500077722175,4.1122737,-6.333572,1.5750152
1500077722240,2.8580062,-8.11444,0.014361841
1500077722303,3.3271596,-8.822957,-0.3398969
1500077722366,2.9250283,-9.866585,0.3111732
1500077722430,3.7867386,-10.536804,-0.90479594
1500077722494,1.9196993,-12.059159,-5.4431376
1500077722558,2.3026817,-7.894225,-4.1409974
1500077722622,0.8760723,-9.41658,-6.2665496
1500077722686,1.5462915,-8.056993,-6.2474008
1500077722757,0.54096264,-5.079304,-7.434646
1500077722812,-0.70373017,-5.38569,-9.196365
1500077722876,-0.9526688,-4.2175937,-8.880404
1500077722940,-1.9196993,-2.580344,-8.813383
1500077723004,0.014361841,-5.232497,-10.029352
1500077723067,0.83777404,-3.346309,-9.7899885
1500077723131,1.709059,-0.16755481,-8.152739
1500077723195,3.9207826,-0.00478728,-9.75169
1500077723258,-1.1250108,-1.0579889,-18.46454
1500077723322,1.1154363,-2.714388,-12.135756
1500077723386,6.0367603,2.867581,-6.151655
1500077723450,2.0824668,-0.47394073,-12.5474615
1500077723513,4.5527034,-1.2111819,-7.3771987
1500077723577,5.5963306,-0.93351966,-6.3814445
1500077723641,4.476107,0.062234644,-8.229335
1500077723704,3.2697124,-1.3930986,-5.6633525
1500077723768,2.1303396,-8.305931,-7.2527294
1500077723832,1.9196993,-11.312344,-12.882571
1500077723895,5.586756,-8.353804,-11.379365
1500077723959,4.8207912,-6.9080453,-7.616563
1500077724023,1.2111819,-5.7782474,-3.7963133
1500077724087,-0.92394507,-5.692076,-4.619725
1500077724150,1.8814012,-3.8154624,-4.9835587
1500077724215,4.495256,-7.051664,-7.434646
1500077724278,3.9016335,-5.8835673,-9.579348
1500077724342,3.825037,-4.1122737,-6.5729356
1500077724405,2.7909844,-5.653778,-8.746361
1500077724469,2.5420458,-7.999545,-10.661273
1500077724533,2.494173,-6.678256,-9.024023
1500077724596,2.6090677,-6.3814445,-6.6208086
1500077724660,1.1920328,-5.452712,-7.846352
1500077724724,0.6750065,-7.999545,-5.653778
1500077724787,-0.49308985,-6.831449,-5.1367517
1500077724851,-0.023936402,-8.037844,-4.8207912
1500077724915,0.46436617,-8.171887,-4.5144053
1500077724979,1.0292653,-7.894225,-4.2463174
1500077725043,1.4505459,-6.3431463,-5.3569665
1500077725106,3.193116,-10.986808,-6.4197426
1500077725171,0.92394507,-7.501668,-7.46337
1500077725233,1.0388398,-8.487848,-4.1888704
1500077725297,0.359046,-8.5740185,-5.1271772
1500077725362,1.0484143,-8.947427,-4.772918
1500077725425,1.6133134,-9.512326,-5.347392
1500077725489,1.5079932,-8.478273,-4.389936
1500077725552,1.6037389,-8.2676325,-3.231414
1500077725616,1.709059,-8.248484,-2.9537518
1500077725679,1.14416,-9.378282,-2.9441774
1500077725743,0.512239,-9.110194,-2.6952388
1500077725807,0.30159867,-9.397431,-3.3080106
1500077725870,0.59841,-9.301685,-3.231414
1500077725934,1.0867126,-9.18679,-3.451629
1500077725998,1.0675635,-9.100619,-2.9920502
1500077726062,0.46436617,-8.286782,-2.5324712
1500077726125,-0.2920241,-6.8601727,-2.475024
1500077726189,0.45479164,-8.889979,-2.0250196
1500077726253,0.83777404,-8.842107,-4.456958
1500077726317,1.469695,-9.531475,-6.3431463
1500077726380,3.5760984,-7.042089,-5.366541
1500077726444,0.78990126,-9.129343,-11.417664
1500077726508,1.5941644,-7.0995364,-8.621892
1500077726571,0.10053288,-6.47719,-9.85701
1500077726635,0.90479594,-7.846352,-7.0612383
1500077726699,4.9452605,-6.1420803,-2.8963046
1500077726762,-0.27287498,-5.38569,-12.183628
1500077726826,2.8484318,-4.2175937,-4.5622783
1500077726890,2.2835326,-5.912291,-10.278291
1500077726954,1.2590547,-5.835695,-8.401677
1500077727017,3.777164,-6.103782,-7.329326
1500077727081,5.1176023,-6.017611,-6.7931504
1500077727145,3.9399316,-5.7208,-7.4059224
1500077727209,4.5910015,-2.5228968,-6.4963393
1500077727272,5.232497,-2.7909844,-8.095291
1500077727336,4.935686,-3.3750327,-8.459125
1500077727399,4.926111,-4.2463174,-8.621892
1500077727463,4.763344,-5.5101595,-8.286782
1500077727527,4.6867476,-5.347392,-10.029352
1500077727591,3.173967,-10.172971,-12.576185
1500077727654,3.2601378,-8.650616,-8.794233
1500077727718,1.2399056,-1.3930986,-1.0005416
1500077727782,-0.25372586,-5.5771813,-3.9016335
1500077727845,2.2165108,-6.668681,-8.755936
1500077727909,3.690993,-1.5845897,-6.391019
1500077727973,4.4090853,-1.5558661,-6.256975
1500077728037,4.08355,-2.187787,-9.110194
1500077728100,4.4090853,-4.476107,-10.278291
1500077728165,5.9314404,-6.0463347,-11.771922
1500077728228,6.0846334,-3.1643922,-10.460207
1500077728291,5.49101,-3.825037,-6.544212
1500077728355,4.045252,-1.6803354,-8.420826
1500077728419,1.1920328,-3.8537605,-12.25065
1500077728483,2.7622607,-5.653778,-8.928278
1500077728546,3.7292912,-3.7675896,-8.55487
1500077728610,3.7963133,-3.346309,-8.171887
1500077728674,4.2558923,-4.6388745,-8.037844
1500077728737,4.5718527,-7.2240057,-12.288948
1500077728801,4.96441,-4.0644007,-5.2420716
1500077728865,2.3888528,-2.6569405,-3.6622694
1500077728929,1.2494801,-6.5059137,-9.31126
1500077728992,3.2218397,-5.38569,-6.7548523
1500077729056,3.7867386,-4.73462,-8.602742
1500077729120,3.2505634,-4.3612123,-9.732541
1500077729184,3.9878044,-3.9495063,-6.2952733
1500077729247,3.2218397,-3.173967,-7.434646
1500077729311,4.0548263,-4.284616,-7.2240057
1500077729375,3.6335456,-4.648449,-10.728295
1500077729438,4.3707867,-4.6867476,-8.937852
1500077729502,4.275041,-3.4133308,-10.747444
1500077729566,4.868664,-4.428234,-7.999545
1500077729629,4.2175937,-2.6856642,-8.4686985
1500077729693,4.6388745,-3.2218397,-6.7069798
1500077729757,5.2516465,-2.6377914,-6.869747
1500077729821,5.787822,-2.149489,-7.6835847
1500077729884,6.2282515,-3.5282254,-9.454879
1500077729948,6.0463347,-4.2175937,-8.593168
1500077730012,4.9739842,-2.475024,-7.9325233
1500077730075,4.801642,-1.5845897,-8.765511
1500077730139,4.476107,-2.5516202,-9.196365
1500077730203,4.2558923,-2.6186423,-8.794233
1500077730267,4.3995104,-1.3548003,-6.668681
1500077730330,4.389936,-1.929274,-8.535721
1500077730394,4.8590894,-1.8909757,-10.536804
1500077730459,5.912291,-1.4218222,-9.85701
1500077730522,6.8601727,-2.0537431,-6.9271946
1500077730586,5.912291,2.2260852,-3.7484405
1500077730657,3.758015,-1.3069274,-11.503835
1500077730712,6.285699,-3.8058877,-8.889979
1500077730776,8.21976,-3.5952475,-4.926111
1500077730840,8.411251,-1.3356512,-2.9441774
1500077730904,7.310177,-3.930357,-8.937852
1500077730967,5.414414,-3.193116,-13.476193
1500077731031,7.3867736,-7.3389006,-10.172971
1500077731095,6.8601727,-4.96441,-6.3814445
1500077731158,4.1026993,-4.619725,-6.2665496
1500077731222,2.2356598,-4.2463174,-8.1623125
1500077731287,3.0973704,-4.715471,-4.7058964
1500077731350,2.7718353,-5.0984535,-4.504831
1500077731413,2.5707695,-5.845269,-8.305931
1500077731477,4.3612123,-8.258059,-7.693159
1500077731541,3.777164,-6.8410234,-8.535721
1500077731604,4.0739756,-4.495256,-8.229335
1500077731668,3.844186,-3.2697124,-7.1474094
1500077731732,2.4558747,-2.5228968,-8.315506
1500077731796,1.4601204,-3.690993,-8.382527
1500077731859,2.5707695,-2.3888528,-9.62722
1500077731923,3.7484405,-1.4601204,-11.130426
1500077731987,4.8590894,-4.3324885,-9.761265
1500077732050,3.2984362,-7.5591154,-12.049584
1500077732114,2.2260852,-9.435729,-13.629387
1500077732178,1.9196993,-2.5228968,-10.230418
1500077732241,3.2026904,-1.8814012,-6.2091026
1500077732305,4.6675982,-5.845269,-4.2941904
1500077732369,3.1356685,-2.475024,-7.7793303
1500077732433,2.4558747,-2.752686,-7.243155
1500077732496,1.0962871,-3.3558834,-6.7357035
1500077732560,4.045252,-6.6016593,-6.9176197
1500077732624,2.7718353,-8.851681,-12.202777
1500077732688,3.365458,-9.138918,-5.912291
1500077732751,3.212265,-7.3771987,-0.98139244
1500077732815,1.7377827,-6.6878304,0.665432
1500077732879,3.1643922,-11.896391,-3.3367343
1500077732942,4.303765,-8.755936,-1.0101161
1500077733006,5.4718614,-7.501668,0.23457673
1500077733070,5.644203,-4.5622783,5.433563
1500077733133,5.146326,-2.4845984,8.363379
1500077733197,6.936769,-3.4707782,7.549541
1500077733261,8.133589,-3.078221,7.7601814
1500077733325,8.286782,-4.3133397,8.401677
1500077733388,3.9878044,-3.9399316,6.678256
1500077733452,7.6069884,-3.1069448,5.653778
1500077733516,7.6261373,-1.8335283,6.9176197
1500077733579,5.988888,-4.3707867,6.9080453
1500077733643,5.9697385,-5.0122824,7.9803963
1500077733707,9.828286,-4.8973875,9.904882
1500077733771,10.977234,-6.611234,9.062322
1500077733834,7.8846507,-5.8835673,6.8793216
1500077733898,1.1537346,-7.4154973,-1.2590547
1500077733962,-5.941015,-9.033598,-6.783576
1500077734025,-6.180379,-7.9420977,-6.065484
1500077734089,-3.6814184,-3.4707782,3.212265
1500077734153,-0.6079846,-6.8027253,4.83994
1500077734217,-1.9867213,-10.958084,3.2026904
1500077734280,-0.91437054,-10.632549,1.4601204
1500077734344,0.081383765,-2.9633265,8.066567
1500077734408,-1.9579976,-7.922949,7.721883
1500077734471,-0.359046,-5.299519,8.535721
1500077734535,-0.5792609,-6.256975,7.5303917
1500077734599,0.6271337,-5.998462,6.697405
1500077734663,0.92394507,-12.365545,0.6271337
1500077734726,1.0484143,-8.411251,6.132506
1500077734791,1.0101161,-9.732541,5.835695
1500077734855,0.5218136,-8.880404,3.3558834
1500077734919,-0.09095833,-7.549541,4.1026993
1500077734981,0.062234644,-7.0708127,3.930357
1500077735045,0.8760723,-10.5080805,1.1537346
1500077735109,1.2590547,-10.211268,0.78032666
1500077735172,1.1633091,-10.06765,-0.0718092
1500077735236,0.44521707,-10.354887,-0.63670826
1500077735300,0.6271337,-8.765511,0.12925656
1500077735364,1.0675635,-8.736787,-1.6803354
1500077735427,1.79523,-11.398514,-1.8239537
1500077735491,1.948423,-9.5889225,-0.36862057
1500077735555,1.7665064,-9.770839,-2.9250283
1500077735618,1.6994845,-9.62722,-2.9824755
1500077735682,1.709059,-9.043172,-2.5516202
1500077735746,1.5750152,-9.464453,-2.0824668
1500077735810,2.101616,-9.301685,-1.5750152
1500077735873,2.666515,-10.259142,-2.2643836
1500077735937,1.3548003,-10.632549,-3.0686467
1500077736001,1.3165021,-9.339984,-0.3111732
1500077736064,0.9526688,-8.66019,-0.44521707
1500077736128,1.3069274,-9.033598,-0.6558574
1500077736193,1.9388485,-9.885734,-1.1345854
1500077736256,1.709059,-10.316589,-2.4175766
1500077736319,1.8335283,-9.531475,-1.1154363
1500077736383,1.2973529,-10.670848,-1.8048047
1500077736447,1.2399056,-9.435729,-0.081383765
1500077736510,0.8281995,-8.947427,2.2165108
1500077736574,1.0867126,-10.029352,1.3739494
1500077736638,1.5271424,-9.091045,3.9878044
1500077736701,1.5271424,-8.497422,4.2558923
1500077736765,1.14416,-9.617646,-0.5313881
1500077736829,1.1920328,-10.029352,-0.8281995
1500077736893,0.9622433,-10.115523,-1.4122477
1500077736956,0.665432,-9.397431,-1.6133134
1500077737020,1.1633091,-10.757019,-0.05266008
1500077737084,1.2111819,-9.18679,-0.110107444
1500077737147,1.0579889,-10.0868,0.5888355
1500077737211,0.8090504,-9.818711,3.078221
1500077737275,1.0484143,-9.359133,3.212265
1500077737339,0.36862057,-6.7357035,6.5537868
1500077737402,0.03351096,-8.124015,6.113357
1500077737466,0.11968201,-8.171887,4.1601467
1500077737530,0.8473486,-9.598496,1.5367169
1500077737593,1.1920328,-8.478273,4.2463174
1500077737657,0.39734426,-10.852764,2.1303396
1500077737721,-0.2920241,-8.7750845,3.0303483
1500077737785,-0.05266008,-7.8846507,3.518651
1500077737848,0.062234644,-10.5080805,1.862252
1500077737912,0.0718092,-9.617646,2.6952388
1500077737976,0.27287498,-9.378282,2.9633265
1500077738039,0.16755481,-10.632549,-0.32074776
1500077738103,1.2111819,-9.435729,2.3505547
1500077738167,0.99096704,-9.952756,0.5218136
1500077738230,1.4409714,-8.947427,2.3314054
1500077738294,1.0292653,-11.350641,0.83777404
1500077738358,1.3643749,-10.163396,2.800559
1500077738422,0.64628285,-7.808054,3.3367343
1500077738485,1.4122477,-9.847435,1.5845897
1500077738549,0.92394507,-9.091045,-0.47394073
1500077738613,1.5750152,-9.110194,1.5079932
1500077738676,1.6420372,-9.54105,-0.56011176
1500077738740,1.8239537,-9.62722,-2.4558747
1500077738804,2.1973617,-9.435729,-3.930357
1500077738868,2.6569405,-9.550624,-2.1111906
1500077738931,2.4845984,-10.010203,-2.1399143
1500077738995,2.2739582,-9.158067,-3.384607
1500077739059,3.2409887,-10.747444,-4.2175937
1500077739122,3.059072,-10.555953,-0.34947145
1500077739186,0.70373017,-6.697405,0.062234644
1500077739250,1.2590547,-9.5889225,-2.2452345
1500077739313,2.2356598,-10.967659,-1.0292653
1500077739378,3.1452432,-7.3389006,2.0824668
1500077739442,2.561195,-9.799562,0.56968635
1500077739506,1.5271424,-9.933606,-0.3398969
1500077739569,2.5516202,-8.124015,1.7186337
1500077739632,3.346309,-9.904882,-3.9590807
1500077739696,1.6707608,-9.2825365,-5.0984535
1500077739760,2.9537518,-9.215514,-5.309094
1500077739823,3.0111992,-9.129343,-4.389936
1500077739887,3.0303483,-9.167642,-2.321831
1500077739951,2.2452345,-10.479357,-1.8814012
1500077740014,1.622888,-7.3197513,-1.1728836
1500077740078,2.3505547,-9.244238,0.54096264
1500077740142,1.862252,-10.374036,-0.63670826
1500077740206,1.862252,-9.091045,0.34947145
1500077740269,2.34098,-10.163396,-0.023936402
1500077740333,2.7622607,-10.278291,0.27287498
1500077740397,2.4558747,-9.435729,0.16755481
1500077740460,2.3026817,-7.1474094,-0.751603
1500077740524,2.5324712,-10.383611,-0.5218136
1500077740588,2.6090677,-9.253813,-1.469695
1500077740652,2.8963046,-9.454879,-0.8664977
1500077740715,3.1165195,-9.971905,-3.2888615
1500077740780,2.800559,-8.937852,-2.7814097
1500077740844,2.5420458,-11.781497,-2.4558747
1500077740906,2.1399143,-7.7506065,-1.1345854
1500077740971,2.2931073,-8.037844,-0.71330476
1500077741034,2.7048132,-10.642124,-1.1633091
1500077741098,2.9250283,-9.043172,-0.043085523
1500077741161,3.0877957,-10.278291,0.0718092
1500077741225,2.6377914,-8.612317,-2.2260852
1500077741289,2.3314054,-9.608071,-3.777164
1500077741352,3.078221,-9.397431,-2.3888528
1500077741416,3.5473747,-9.20594,-2.7048132
1500077741480,3.2505634,-10.460207,-3.7197168
1500077741543,3.1835413,-8.32508,1.14416
1500077741607,3.5090764,-9.914457,3.5665238
1500077741671,2.6856642,-7.6261373,5.17505
1500077741735,2.2643836,-6.850598,6.410168
1500077741798,2.0441687,-8.822957,6.592085
1500077741862,1.0675635,-7.5974135,4.476107
1500077741926,0.98139244,-7.9037995,5.950589
1500077741989,-0.63670826,-4.887813,7.0995364
1500077742053,-0.2920241,-7.5591154,4.5239797
1500077742117,-0.043085523,-7.875076,6.1612296
1500077742181,-0.6079846,-6.7931504,6.9942164
1500077742244,-0.13883112,-2.7239625,7.1186857
1500077742308,0.54096264,-8.028269,5.452712
1500077742372,0.5218136,-5.28037,7.2144313
1500077742435,-0.50266445,-7.348475,6.678256
1500077742499,0.3877697,-9.598496,7.12826
1500077742563,0.751603,-8.5740185,4.6771727
1500077742627,-0.7420284,-9.31126,2.168638
1500077742690,-2.4367256,-9.64637,1.6324625
1500077742754,-1.8143792,-10.134672,-0.081383765
1500077742818,1.1920328,-10.278291,4.322914
1500077742881,1.4026731,-12.336822,6.5825105
1500077742945,-0.7324539,-11.149575,6.285699
1500077743009,-3.6239712,-7.6069884,3.365458
1500077743072,-3.1548176,-2.666515,4.5239797
1500077743136,-4.08355,-4.8590894,5.5580325
1500077743200,-3.0877957,-3.1356685,8.363379
1500077743264,-3.4037561,-3.3367343,7.2623043
1500077743327,-4.1026993,-3.2026904,4.428234
1500077743391,-2.494173,-8.382527,5.82612
1500077743455,-2.6377914,-8.688913,6.2665496
1500077743518,-1.1250108,-6.544212,8.047418
1500077743582,0.0718092,-6.7357035,10.737869
1500077743646,-0.26330042,-5.7208,9.5889225
1500077743710,-0.85692316,-7.35805,6.5537868
1500077743774,-0.56011176,-8.612317,6.6208086
1500077743838,-0.7228793,-7.4059224,7.1665583
1500077743902,-2.6282167,-3.6431203,4.476107
1500077743964,-0.8760723,2.3505547,10.517654
1500077744028,-1.7282082,-2.5516202,4.7250457
1500077744092,-5.2899446,-7.396348,-0.20585304
1500077744156,-5.653778,-6.1899533,1.0005416
1500077744219,-5.5101595,-7.4537954,1.5654407
1500077744283,-5.9314404,-10.92936,2.0633178
1500077744348,-5.328243,-10.40276,3.3080106
1500077744411,-3.997379,-10.833615,-0.12925656
1500077744475,-2.34098,-11.197449,-5.462287
1500077744547,2.015445,-9.991054,-0.64628285
1500077744602,2.0250196,-14.031518,1.9675722
1500077744665,1.3930986,-10.862339,-1.0292653
1500077744729,-1.8239537,-10.259142,-1.2207564
1500077744793,-4.466532,-6.8793216,0.110107444
1500077744856,-4.6293,-8.9761505,2.88673
1500077744920,-3.1356685,-9.033598,3.777164
1500077744984,1.5845897,-10.689997,4.9452605
1500077745048,5.2037735,-1.79523,7.6740103
1500077745111,6.4197426,0.99096704,9.512326
1500077745175,8.641041,-0.7324539,11.944264
1500077745239,8.583593,-1.6899099,9.7899885
1500077745302,8.909128,-5.8165455,9.129343
1500077745366,2.9920502,-11.05383,3.8346114
1500077745430,-1.8048047,-8.612317,4.4186597
1500077745494,-4.811217,-6.2761245,2.3505547
1500077745557,-6.304848,-4.6293,1.2877784
1500077745621,-6.697405,-4.5239797,0.54096264
1500077745685,-7.0708127,-2.733537,0.32074776
1500077745748,-8.258059,-2.3984275,-0.014361841
1500077745812,-7.808054,-3.1452432,1.7473572
1500077745876,-7.8655014,-5.146326,1.9388485
1500077745940,-7.7601814,-7.2335806,0.19627848
1500077746003,-7.5782647,-7.8367777,0.4835153
1500077746067,-6.975067,-7.482519,2.0728924
1500077746131,-7.042089,-7.2144313,0.92394507
1500077746194,-6.678256,-5.806971,0.78990126
1500077746258,-5.529309,-9.349558,-4.2271686
1500077746322,-3.212265,-5.998462,0.54096264
1500077746386,-2.8388572,-5.0601554,2.5707695
1500077746450,-3.7484405,-7.9037995,1.1154363
1500077746513,-3.9495063,-11.025106,1.4122477
1500077746577,-2.494173,-12.2410755,-2.9633265
1500077746640,0.63670826,-12.604909,0.5888355
1500077746704,-1.6899099,-9.31126,0.8186249
1500077746768,-2.0441687,-9.732541,-0.91437054
1500077746831,-1.0196906,-10.096374,-1.4984187
1500077746895,0.26330042,-9.435729,-1.622888
1500077746959,0.34947145,-9.177217,-0.751603
1500077747023,0.47394073,-13.715558,-5.529309
1500077747086,0.13883112,-13.591088,-0.19627848
1500077747150,-3.3941817,-11.274045,0.023936402
1500077747214,-2.752686,-8.037844,1.929274
1500077747278,-0.3398969,-8.305931,2.34098
1500077747341,2.3026817,-10.163396,1.6516117
1500077747405,-0.8281995,-9.531475,1.2207564
1500077747469,-5.0122824,-7.961247,-1.948423
1500077747532,-5.3186684,-8.028269,-0.20585304
1500077747596,-4.782493,-9.971905,-2.5516202
1500077747660,-4.8207912,-8.497422,-3.2984362
1500077747724,-5.232497,-6.4963393,-2.4175766
1500077747787,-5.3569665,-6.5059137,-3.5473747
1500077747851,-5.979313,-5.567607,-3.231414
1500077747915,-5.979313,-7.0995364,-2.7239625
1500077747978,-5.261221,-7.654861,-1.0196906
1500077748042,-5.672927,-6.017611,-0.0718092
1500077748106,-4.6293,-8.55487,-1.9388485
1500077748170,-4.0261025,-8.985725,-0.59841
1500077748233,-6.1995277,-7.741032,-2.8292825
1500077748297,-7.042089,-7.6069884,-4.7058964
1500077748361,-6.2378263,-8.937852,-2.3697038
1500077748424,-5.0984535,-9.301685,-0.4835153
1500077748488,-3.997379,-7.137835,-0.14840569
1500077748552,-2.5994933,-7.7314577,-1.8143792
1500077748615,-2.3026817,-9.071896,-2.7814097
1500077748679,-1.948423,-13.983645,-2.9441774
1500077748743,-11.072979,-9.818711,-1.5750152
1500077748807,-19.354975,-3.9878044,-0.8186249
1500077748870,-10.326163,5.500585,5.5963306
1500077748934,12.336822,11.819795,2.3505547
1500077748998,19.594337,4.5335546,-16.86559
1500077749061,11.7336235,-4.6005764,-19.603912
1500077749125,5.2133484,-17.353891,-17.880491
1500077749189,2.7718353,-19.594337,-13.016615
1500077749253,5.17505,-10.680422,-2.714388
1500077749316,2.3314054,-5.2516465,-6.592085
1500077749389,2.5420458,-3.9495063,-8.459125
1500077749444,2.1399143,-1.0962871,-7.089962
1500077749507,0.6750065,-4.610151,-7.501668
1500077749571,-1.0867126,-6.8888965,-9.75169
1500077749635,-1.3452257,-5.261221,-8.037844
1500077749698,-1.1537346,-5.4718614,-7.9708214
1500077749762,-0.33032233,-4.6388745,-6.8888965
1500077749826,-0.30159867,-6.333572,-6.975067
1500077749890,-0.90479594,-6.4676156,-8.1623125
1500077749953,-1.0771381,-6.2474008,-7.5303917
1500077750017,-0.45479164,-5.912291,-7.1091113
1500077750081,-0.014361841,-7.0803876,-7.788905
1500077750145,0.081383765,-7.6740103,-7.0612383
1500077750208,-0.16755481,-8.372953,-6.5537868
1500077750272,-0.17712937,-8.210186,-4.696322
1500077750336,-0.5505372,-9.004874,-4.437809
1500077750400,-0.56968635,-8.34423,-3.9207826
1500077750463,-0.22500217,-8.889979,-4.121848
1500077750527,0.081383765,-8.516571,-3.844186
1500077750590,-0.081383765,-7.482519,-4.322914
1500077750654,-0.40691882,-7.137835,-7.702734
1500077750719,-0.7324539,-7.02294,-12.020861
1500077750781,-0.2920241,-6.9942164,-9.024023
1500077750846,-2.7622607,-9.033598,-0.2920241
1500077750910,-6.9559183,-7.5591154,-1.0196906
1500077750974,-2.4654493,-4.916537,2.4654493
1500077751036,-1.9579976,-7.2718787,-5.17505
1500077751100,-1.8718265,-8.612317,-8.909128
1500077751164,-0.59841,-7.4059224,-3.3367343
1500077751228,4.811217,-5.538883,2.1303396
1500077751291,13.208106,-7.6069884,8.641041
1500077751355,11.321918,1.3356512,9.407005
1500077751419,10.287866,-7.721883,2.015445
1500077751482,6.678256,-7.5782647,6.0846334
1500077751546,4.5622783,-5.739949,7.961247
1500077751610,5.4431376,-4.466532,9.234664
1500077751673,5.1271772,-0.56011176,9.100619
1500077751737,4.954835,-0.20585304,8.727212
1500077751801,3.4420545,3.6526947,6.9271946
1500077751865,2.3122563,2.3792782,7.8367777
1500077751928,2.1111906,1.8431029,7.137835
1500077751992,-0.11968201,1.14416,5.941015
1500077752056,-2.0250196,0.09095833,3.451629
1500077752120,-1.4792696,-5.3378177,3.6526947
1500077752183,0.081383765,-11.216598,2.4175766
1500077752247,-3.346309,-14.452799,-3.126094
1500077752311,-3.8920588,-10.977234,-7.6452866
1500077752374,-1.2016073,-7.922949,-3.6814184
1500077752438,-1.1920328,-9.244238,-0.9430942
1500077752502,-0.83777404,-10.163396,-9.129343
1500077752566,-0.54096264,-8.918703,-15.036847
1500077752629,0.4356425,-7.741032,-12.174053
1500077752693,-0.27287498,-7.1857076,-8.851681
1500077752757,-0.081383765,-8.478273,-1.3452257
1500077752820,-1.14416,-10.134672,1.79523
1500077752884,-3.0494976,-10.335738,1.5941644
1500077752948,-3.8633351,-6.764427,1.9867213
1500077753012,-4.4186597,-4.7537694,-3.844186
1500077753075,-5.28037,-5.806971,-8.392102
1500077753139,-8.641041,1.1824582,-5.06973
1500077753203,-7.4059224,0.062234644,-4.83994
1500077753267,-7.3389006,-0.98139244,-6.8601727
1500077753330,-7.1474094,-2.7814097,-7.348475
1500077753394,-2.7814097,-6.821874,-4.1792955
1500077753458,1.7473572,-9.799562,-6.103782
1500077753521,4.696322,-10.5080805,-9.062322
1500077753585,7.4059224,-12.67193,-2.6952388
1500077753649,4.198445,-7.8367777,8.909128
1500077753713,3.4803526,-7.511243,12.327247
1500077753776,11.15915,-5.835695,2.7431116
1500077753840,4.96441,-8.55487,-5.4048395
1500077753904,7.2240057,-8.985725,-7.855927
1500077753967,8.698488,-6.438892,-12.9591675
1500077754031,11.254896,-6.2378263,-7.6835847
1500077754095,9.742115,-11.15915,-4.619725
1500077754158,-2.1399143,-12.107032,-3.671844
1500077754223,-4.2558923,-9.129343,-1.9101248
1500077754286,-5.6633525,-2.254809,-3.5473747
1500077754351,0.27287498,4.08355,4.8782387
1500077754413,0.56011176,4.4186597,12.183628
1500077754477,-0.8952214,-10.938935,10.460207
1500077754541,-4.6771727,-13.437896,-3.3750327
1500077754604,3.384607,-6.8601727,8.018694
1500077754668,4.3707867,-7.7123084,8.430401
1500077754732,1.8526775,-3.2505634,12.825124
1500077754795,-1.622888,-1.6994845,8.985725
1500077754859,-6.285699,-1.1250108,2.752686
1500077754923,-1.4505459,-3.9016335,1.2207564
1500077754987,3.9686553,-18.42624,0.71330476
1500077755050,3.020774,-14.127264,10.776168
1500077755114,-1.8718265,-8.937852,16.97091
1500077755178,-7.003791,0.78032666,17.420912
1500077755242,-8.55487,2.6952388,9.024023
1500077755305,-9.024023,3.3941817,0.22500217
1500077755369,-4.504831,-2.647366,3.3941817
1500077755433,-3.193116,-3.777164,4.801642
1500077755496,-5.06973,-0.15798025,8.736787
1500077755560,-5.682502,-0.98139244,4.1409974
1500077755624,-4.8782387,2.2452345,4.8207912
1500077755688,-3.6239712,4.2941904,5.6250544
1500077755751,-2.1207652,0.78032666,4.696322
1500077755815,-1.5750152,5.3378177,7.5399666
1500077755878,-0.6079846,3.4133308,8.382527
1500077755942,-5.041006,-12.260224,18.952843
1500077756006,-7.6452866,-4.782493,19.019865
1500077756071,-8.258059,8.784659,11.503835
1500077756133,-9.943181,-0.34947145,-0.34947145
1500077756197,-6.323997,-6.3431463,1.6611862
1500077756261,-5.873993,-4.1888704,5.873993
1500077756325,-6.47719,-0.69415563,10.938935
1500077756388,-5.682502,-1.5175679,6.391019
1500077756452,-3.0494976,-0.8473486,5.567607
1500077756516,-0.4164934,-1.1058618,1.6420372
1500077756579,2.3792782,0.3111732,-2.2356598
1500077756643,5.1654754,7.7601814,-2.9154537
1500077756707,4.7250457,15.036847,-5.3952646
1500077756771,1.4505459,19.374123,-3.5760984
1500077756834,-0.49308985,12.25065,-0.99096704
1500077756898,-10.642124,-2.2931073,0.40691882
1500077756962,-13.954922,4.9069624,3.5378
1500077757025,-8.334655,13.552791,-0.36862057
1500077757089,-4.96441,9.043172,-1.622888
1500077757153,-1.6611862,5.538883,-2.9920502
1500077757217,-0.03351096,8.34423,-2.9441774
1500077757280,-0.8856468,10.40276,-4.1792955
1500077757344,-1.4505459,9.684668,-3.911208
1500077757408,-0.7324539,8.420826,-4.5527034
1500077757472,0.13883112,10.287866,-3.1356685
1500077757535,0.023936402,10.000628,-3.8920588
1500077757599,-0.59841,11.072979,-2.1590633
1500077757663,-1.4601204,11.38894,-0.50266445
1500077757726,-0.5888355,7.9420977,-2.6377914
1500077757790,1.6324625,8.124015,-1.6037389
1500077757854,2.015445,10.316589,-0.3111732
1500077757917,0.70373017,10.105948,-2.149489
1500077757981,2.9346027,9.359133,0.7994758
1500077758045,4.1888704,9.809137,3.7101421
1500077758109,5.6633525,10.910212,-0.5218136
1500077758172,4.8207912,9.004874,-5.4718614
1500077758236,1.4026731,1.6707608,-9.301685
1500077758300,-5.586756,-2.3792782,-4.772918
1500077758363,-7.6452866,-10.153821,-7.482519
1500077758427,-17.784746,-14.87408,-9.703817
1500077758491,-11.838944,-13.23683,-6.8027253
1500077758555,-4.456958,-7.9516726,-8.688913
1500077758618,-0.10053288,-8.191036,-4.0356774
1500077758682,-0.5313881,-12.049584,-0.42606795
1500077758746,-1.4313968,-9.866585,-0.20585304
1500077758809,-0.7228793,-9.407005,1.4792696
1500077758873,-1.9771467,-7.846352,-0.22500217
1500077758937,-2.5037475,-8.842107,-0.8760723
1500077759001,-2.408002,-7.9803963,-3.0111992
1500077759064,-1.0962871,-9.004874,-5.500585
1500077759128,-0.09095833,-9.474028,-5.088879
1500077759192,-0.13883112,-6.936769,-2.8484318
1500077759256,-1.862252,-6.2091026,-5.2133484
1500077759319,-2.0728924,-5.2133484,-6.180379
1500077759383,2.0058703,-7.1665583,-4.8303657
1500077759447,4.2271686,-9.550624,-11.379365
1500077759510,0.46436617,-6.764427,-11.005958
1500077759574,3.671844,-7.3867736,-3.7005677
1500077759638,6.4676156,-4.581427,-7.4442205
1500077759702,4.619725,-5.328243,-12.978316
1500077759765,2.819708,-4.9452605,-9.98148
1500077759829,1.9867213,-3.3175852,-9.636795
1500077759893,-0.4164934,-5.797396,-6.2474008
1500077759957,-3.2505634,-4.5335546,-1.7473572
1500077760020,0.11968201,-2.9920502,-0.8856468
1500077760084,8.832532,-4.935686,-9.569773
1500077760147,15.094295,-5.0505805,-7.4442205
1500077760211,14.021944,0.03351096,-12.221927
1500077760275,7.894225,-3.0494976,-14.519821
1500077760339,7.2144313,-6.5346375,-1.0292653
1500077760403,4.428234,-3.5856729,1.0484143
1500077760467,3.059072,-3.7005677,-3.193116
1500077760530,4.08355,-10.996383,-12.279374
1500077760594,8.832532,-10.747444,-17.229422
1500077760657,15.764514,-8.21976,-14.117689
1500077760721,17.315592,-0.359046,-4.2558923
1500077760785,11.417664,-3.8824842,-2.6090677
1500077760849,6.3431463,-0.34947145,-1.9196993
1500077760912,4.0356774,-1.383524,1.2590547
