1500079285095,9.98148,0.5505372,2.7239625
1500079285159,9.809137,0.359046,2.6952388
1500079285223,9.713391,0.34947145,2.8484318
1500079285286,9.502751,0.3111732,2.7048132
1500079285359,9.368708,0.59841,2.6952388
1500079285414,9.464453,0.6079846,2.6282167
1500079285477,9.493176,0.5218136,2.733537
1500079285541,9.3878565,0.42606795,2.6377914
1500079285605,9.493176,0.3111732,2.6282167
1500079285668,9.608071,0.2154276,2.5420458
1500079285732,9.6942425,0.17712937,2.4654493
1500079285796,9.407005,0.23457673,2.3888528
1500079285860,9.31126,0.25372586,2.5899186
1500079285923,9.531475,0.26330042,2.4558747
1500079285987,9.464453,0.512239,2.3888528
1500079286051,9.655944,0.46436617,2.427151
1500079286115,9.75169,0.28244954,2.7814097
1500079286178,10.354887,0.3111732,2.7622607
1500079286242,10.661273,0.71330476,2.666515
1500079286306,10.163396,0.30159867,2.1973617
1500079286369,8.765511,0.36862057,1.8526775
1500079286433,7.922949,0.3398969,1.4984187
1500079286497,7.8846507,0.2441513,1.7186337
1500079286560,8.535721,0.15798025,1.8909757
1500079286624,8.736787,-0.05266008,1.6516117
1500079286688,9.196365,0.13883112,1.7856555
1500079286752,10.843189,0.56968635,1.9675722
1500079286815,11.28362,1.0292653,2.2165108
1500079286879,10.287866,0.76117754,2.168638
1500079286943,9.483603,0.359046,1.9101248
1500079287006,9.18679,0.3111732,1.9579976
1500079287070,9.339984,0.49308985,1.9388485
1500079287134,9.761265,0.69415563,1.9962958
1500079287198,9.7899885,0.6079846,1.9962958
1500079287261,9.579348,0.49308985,2.0441687
1500079287325,9.493176,0.3877697,1.9101248
1500079287389,9.62722,0.4835153,1.9675722
1500079287452,9.54105,0.4835153,1.929274
1500079287516,9.339984,0.45479164,2.0728924
1500079287580,9.54105,0.46436617,2.2069361
1500079287644,9.703817,0.37819514,2.149489
1500079287707,9.550624,0.30159867,2.0441687
1500079287771,9.675094,0.19627848,2.0633178
1500079287835,9.742115,0.13883112,2.1590633
1500079287899,9.608071,0.09095833,2.168638
1500079287962,10.211268,0.26330042,2.2931073
1500079288026,10.728295,0.28244954,2.475024
1500079288090,9.933606,0.32074776,2.321831
1500079288153,8.688913,0.4356425,1.9867213
1500079288217,7.654861,0.110107444,1.7856555
1500079288281,8.11444,0.3877697,1.8048047
1500079288344,9.225089,0.69415563,2.0058703
1500079288409,10.163396,0.8856468,2.4463003
1500079288472,10.594251,0.8090504,2.6282167
1500079288536,10.038927,0.7324539,2.7718353
1500079288600,9.809137,0.45479164,2.733537
1500079288663,10.71872,0.4164934,2.7431116
1500079288727,10.814466,0.36862057,2.7814097
1500079288792,10.144247,0.56011176,2.5994933
1500079288855,9.158067,0.59841,2.2260852
1500079288919,8.315506,0.56011176,1.862252
1500079288983,6.9080453,-0.043085523,1.6803354
1500079289045,6.611234,0.16755481,1.7665064
1500079289109,8.650616,1.0962871,2.4463003
1500079289173,9.8953085,1.0101161,2.360129
1500079289237,10.747444,1.4409714,2.7431116
1500079289300,10.642124,0.78990126,2.800559
1500079289364,10.06765,0.50266445,2.4845984
1500079289428,9.818711,0.512239,2.360129
1500079289491,9.253813,0.42606795,2.6090677
1500079289555,9.675094,0.5218136,2.6569405
1500079289619,10.287866,0.25372586,2.5324712
1500079289683,10.680422,0.062234644,2.9824755
1500079289746,10.651698,0.32074776,3.0973704
1500079289810,9.799562,1.3548003,2.5899186
1500079289874,8.593168,2.187787,2.2835326
1500079289937,6.678256,-0.56011176,2.0824668
1500079290001,5.7016506,-3.777164,1.7186337
1500079290065,9.713391,-0.512239,2.3888528
1500079290129,10.421909,1.0196906,2.6186423
1500079290192,10.278291,1.3165021,2.7909844
1500079290256,10.29744,1.2686293,2.752686
1500079290321,10.000628,1.4792696,2.5994933
1500079290384,9.359133,1.4505459,2.666515
1500079290456,8.909128,1.1154363,2.475024
1500079290511,9.100619,1.1058618,2.408002
1500079290575,9.608071,1.1920328,2.34098
1500079290638,9.636795,0.8090504,2.513322
1500079290702,10.163396,0.6271337,3.0016246
1500079290766,11.187874,1.4122477,3.1643922
1500079290829,10.06765,1.6899099,2.9250283
1500079290893,5.950589,-0.76117754,2.1111906
1500079290957,5.06973,-3.1643922,2.0537431
1500079291020,9.378282,-0.6750065,2.494173
1500079291084,10.938935,0.70373017,3.1356685
1500079291148,11.130426,1.4792696,3.4420545
1500079291212,10.19212,0.77075213,3.2218397
1500079291275,9.5219,0.27287498,2.647366
1500079291339,9.119769,-0.16755481,2.3697038
1500079291403,9.158067,0.023936402,2.5899186
1500079291466,9.598496,0.512239,2.8292825
1500079291530,10.096374,0.5505372,2.580344
1500079291594,9.722966,0.081383765,2.6186423
1500079291658,10.172971,0.22500217,2.8101335
1500079291721,10.450633,0.751603,2.6760898
1500079291785,10.498506,1.6899099,2.7239625
1500079291849,8.995299,1.4218222,2.168638
1500079291912,6.821874,-0.062234644,1.9101248
1500079291976,6.285699,-1.3739494,1.6324625
1500079292040,9.234664,-0.25372586,1.5175679
1500079292103,10.316589,0.90479594,2.1207652
1500079292167,10.096374,0.76117754,2.3697038
1500079292231,10.172971,0.76117754,2.2069361
1500079292295,10.077225,0.93351966,2.0441687
1500079292359,9.991054,0.71330476,2.0633178
1500079292422,9.6942425,0.92394507,2.3026817
1500079292486,9.512326,1.0867126,2.3314054
1500079292550,10.144247,1.2782038,2.3026817
1500079292613,9.7899885,0.9622433,2.475024
1500079292677,9.675094,0.6845811,2.4463003
1500079292741,10.153821,1.0579889,2.5899186
1500079292804,10.527229,1.5175679,2.8484318
1500079292868,9.675094,1.5654407,2.5228968
1500079292932,7.4154973,0.8186249,1.9675722
1500079292996,6.256975,-0.751603,1.2111819
1500079293059,7.788905,-0.6750065,1.6994845
1500079293123,10.441058,0.50266445,2.1973617
1500079293187,11.025106,0.8186249,2.7431116
1500079293251,10.527229,0.7228793,2.475024
1500079293314,9.96233,0.8281995,2.149489
1500079293378,9.502751,1.14416,2.254809
1500079293443,9.253813,1.0005416,2.360129
1500079293507,9.713391,1.1058618,2.2931073
1500079293569,10.06765,1.0579889,2.3026817
1500079293633,10.249567,1.0292653,2.561195
1500079293697,10.488931,1.3452257,2.8101335
1500079293760,9.617646,0.8664977,2.427151
1500079293824,7.482519,0.12925656,1.5079932
1500079293888,6.630383,-0.14840569,1.4409714
1500079293951,8.076141,0.47394073,2.2835326
1500079294015,9.550624,0.6845811,2.7048132
1500079294079,10.728295,0.91437054,1.862252
1500079294142,11.092129,0.665432,2.0920415
1500079294207,10.584677,0.5792609,1.6899099
1500079294270,10.010203,0.5218136,1.6420372
1500079294334,9.54105,0.85692316,1.6707608
1500079294397,9.474028,0.8952214,1.8335283
1500079294461,9.828286,1.0005416,1.7186337
1500079294525,10.0868,0.751603,1.6420372
1500079294588,10.048501,0.5218136,1.8814012
1500079294652,10.469782,1.1154363,2.149489
1500079294716,10.536804,2.4558747,2.0920415
1500079294779,8.430401,1.7856555,1.9005502
1500079294843,5.7782474,-2.494173,1.1824582
1500079294907,7.9708214,-1.9675722,1.383524
1500079294971,10.096374,0.5218136,1.948423
1500079295035,10.536804,1.0867126,2.0441687
1500079295098,10.441058,1.2399056,1.9867213
1500079295162,10.2016945,1.1345854,2.0537431
1500079295226,9.971905,1.0579889,1.6037389
1500079295289,9.703817,1.0484143,1.7186337
1500079295354,9.512326,0.7994758,2.1782124
1500079295416,9.75169,0.9718179,2.0824668
1500079295480,10.249567,0.99096704,2.168638
1500079295544,10.594251,1.1345854,2.4845984
1500079295608,10.766593,2.149489,2.733537
1500079295671,9.368708,1.79523,2.2260852
1500079295735,6.486765,0.33032233,2.0920415
1500079295799,7.042089,-1.9771467,1.9675722
1500079295862,8.7750845,-0.359046,2.321831
1500079295926,10.632549,0.45479164,2.9346027
1500079295990,10.038927,0.10053288,2.972901
1500079296054,9.531475,0.32074776,2.867581
1500079296117,9.5219,0.3398969,2.6856642
1500079296181,9.272962,0.4835153,2.6377914
1500079296245,9.138918,0.4835153,2.34098
1500079296308,9.148493,0.44521707,2.3888528
1500079296372,9.225089,0.110107444,2.580344
1500079296436,9.18679,-0.22500217,2.905879
1500079296500,9.100619,-0.44521707,3.020774
1500079296563,9.100619,-0.59841,3.173967
1500079296627,8.583593,-0.3111732,3.7101421
1500079296691,8.200611,-0.11968201,4.045252
1500079296754,7.5303917,0.00478728,4.96441
1500079296818,6.8793216,0.44521707,5.960164
1500079296882,5.7016506,0.3877697,7.46337
1500079296946,4.83994,-0.26330042,8.34423
1500079297009,3.6814184,-0.54096264,8.985725
1500079297073,2.8963046,0.00478728,9.761265
1500079297137,2.1782124,0.50266445,9.98148
1500079297200,1.2207564,0.5313881,9.952756
1500079297264,0.25372586,-0.26330042,9.924032
1500079297329,-0.5218136,-0.61755913,9.904882
1500079297392,-0.50266445,-1.469695,9.244238
1500079297456,-0.26330042,-2.3314054,9.177217
1500079297519,0.023936402,-2.88673,9.20594
1500079297583,0.18670394,-3.9399316,8.124015
1500079297646,0.45479164,-5.2133484,7.846352
1500079297710,-0.64628285,-6.5537868,7.5303917
1500079297774,-1.0962871,-8.439975,6.639958
1500079297837,-1.5941644,-8.258059,6.0367603
1500079297901,-2.101616,-8.018694,5.414414
1500079297965,-1.8143792,-8.056993,5.041006
1500079298029,-2.0728924,-8.535721,4.7058964
1500079298092,-2.513322,-7.8272033,5.0984535
1500079298156,-2.6856642,-8.152739,5.4239883
1500079298220,-2.360129,-8.037844,5.519734
1500079298284,-1.9675722,-7.5303917,5.1176023
1500079298348,-1.7282082,-7.56869,4.619725
1500079298411,-1.7856555,-7.2910275,4.456958
1500079298475,-2.0250196,-7.089962,4.772918
1500079298538,-2.6569405,-7.702734,5.0984535
1500079298602,-3.059072,-8.143164,5.462287
1500079298666,-3.2697124,-8.047418,5.519734
1500079298729,-3.346309,-7.4920936,5.0122824
1500079298793,-3.346309,-6.9559183,5.2037735
1500079298857,-3.5282254,-7.204857,5.0601554
1500079298921,-3.5952475,-7.2144313,4.811217
1500079298984,-3.930357,-7.501668,4.5335546
1500079299049,-4.1026993,-7.7123084,4.428234
1500079299113,-4.3324885,-7.501668,4.1792955
1500079299176,-4.6771727,-7.4537954,4.236743
1500079299239,-5.088879,-8.028269,4.3612123
1500079299303,-5.1846247,-8.34423,4.6293
1500079299366,-5.222923,-8.870831,5.309094
1500079299430,-5.376116,-9.177217,5.38569
1500079299494,-5.347392,-8.880404,5.06973
1500079299558,-4.868664,-8.583593,5.1176023
1500079299621,-4.3803616,-8.171887,4.868664
1500079299685,-4.1026993,-7.176133,4.811217
1500079299749,-3.4324799,-6.3144226,5.079304
1500079299812,-3.2026904,-6.2761245,5.5963306
1500079299876,-2.972901,-6.218677,5.500585
1500079299940,-2.5707695,-5.941015,5.8165455
1500079300003,-2.321831,-5.538883,5.8644185
1500079300067,-2.101616,-5.347392,5.634629
1500079300131,-1.8814012,-5.787822,5.7208
1500079300196,-2.0537431,-6.094208,5.4048395
1500079300258,-1.9867213,-6.2378263,5.6154795
1500079300322,-2.1207652,-6.7740016,5.3378177
1500079300386,-2.2452345,-7.4729443,5.529309
1500079300450,-2.4367256,-8.258059,5.653778
1500079300514,-3.1452432,-8.506997,5.845269
1500079300577,-3.671844,-8.248484,6.2474008
1500079300641,-3.6814184,-8.200611,6.0080366
1500079300704,-3.911208,-8.171887,5.4431376
1500079300768,-4.0739756,-7.7314577,5.586756
1500079300832,-3.758015,-7.02294,5.0601554
1500079300895,-3.4324799,-6.850598,4.6675982
1500079300959,-3.1069448,-7.195282,4.466532
1500079301023,-3.0494976,-8.210186,4.045252
1500079301087,-3.0686467,-8.32508,4.016528
1500079301150,-3.3175852,-8.200611,4.2175937
1500079301214,-3.5282254,-7.8176284,4.2463174
1500079301278,-3.4612036,-8.152739,4.150572
1500079301341,-3.5090764,-8.430401,3.9782298
1500079301405,-3.6335456,-8.018694,3.9399316
1500079301469,-3.8537605,-8.248484,3.9782298
1500079301532,-3.9207826,-8.21976,3.8537605
1500079301596,-3.911208,-8.191036,3.9590807
1500079301660,-3.9590807,-8.353804,3.4803526
1500079301724,-3.1356685,-8.353804,3.2792869
1500079301787,-2.7239625,-8.066567,3.911208
1500079301851,-3.671844,-8.124015,4.1122737
1500079301915,-4.3612123,-7.8176284,4.476107
1500079301978,-4.1026993,-8.028269,4.437809
1500079302042,-4.4090853,-7.741032,4.275041
1500079302106,-4.543129,-7.329326,4.5527034
1500079302170,-4.303765,-7.4059224,4.6293
1500079302233,-4.0739756,-7.8655014,4.3803616
1500079302297,-4.3324885,-7.4442205,4.763344
1500079302362,-4.476107,-6.5346375,4.868664
1500079302425,-4.2175937,-6.8601727,4.9069624
1500079302489,-4.495256,-7.089962,5.2133484
1500079302552,-4.495256,-6.630383,5.3569665
1500079302616,-4.428234,-6.639958,5.232497
1500079302679,-4.4186597,-6.9271946,5.1654754
1500079302743,-4.428234,-6.7931504,4.9835587
1500079302807,-4.2271686,-7.0995364,4.954835
1500079302870,-4.3612123,-7.1474094,5.06973
1500079302934,-4.476107,-7.0133657,4.954835
1500079302998,-4.619725,-7.1665583,4.73462
1500079303061,-4.495256,-7.2718787,4.6867476
1500079303125,-4.456958,-7.0803876,4.5718527
1500079303189,-4.466532,-7.0325146,4.428234
1500079303253,-4.658024,-7.2144313,4.3612123
1500079303316,-4.772918,-7.434646,4.3133397
1500079303380,-4.7250457,-7.156984,4.2175937
1500079303444,-4.428234,-7.434646,4.0069537
1500079303508,-4.5718527,-7.501668,4.0261025
1500079303571,-4.811217,-7.46337,3.9207826
1500079303635,-4.801642,-7.4059224,3.9399316
1500079303699,-4.715471,-7.635712,3.8346114
1500079303762,-4.83994,-7.788905,3.6622694
1500079303826,-4.849515,-7.8655014,3.6239712
1500079303890,-4.782493,-8.152739,3.4420545
1500079303953,-4.6675982,-8.2676325,3.4229054
1500079304017,-4.772918,-7.7984796,3.365458
1500079304081,-5.002708,-7.5399666,3.3367343
1500079304145,-4.9835587,-7.6261373,3.2409887
1500079304208,-4.935686,-7.6835847,3.1452432
1500079304272,-5.1367517,-7.5399666,3.3750327
1500079304336,-4.9739842,-7.6261373,3.671844
1500079304399,-4.4856815,-7.693159,3.9207826
1500079304463,-4.5335546,-7.1474094,4.2941904
1500079304527,-4.2080193,-7.6069884,4.619725
1500079304590,-4.581427,-7.846352,4.4473834
1500079304654,-5.0984535,-7.616563,4.3995104
1500079304718,-5.155901,-7.176133,4.150572
1500079304782,-4.993133,-6.5059137,3.7388659
1500079304845,-5.0601554,-6.9654927,3.6335456
1500079304909,-5.347392,-7.0995364,3.604822
1500079304973,-5.3952646,-7.0325146,3.6814184
1500079305036,-5.376116,-7.2144313,3.777164
1500079305100,-5.519734,-6.9654927,3.7867386
1500079305164,-5.605905,-7.0133657,3.844186
1500079305228,-5.8548436,-6.984642,3.7005677
1500079305291,-5.9027166,-6.7069798,3.6239712
1500079305355,-6.017611,-6.764427,3.6335456
1500079305419,-6.0559096,-6.869747,3.6431203
1500079305482,-5.7208,-7.3771987,3.9590807
1500079305546,-5.9697385,-7.176133,3.690993
1500079305611,-5.9314404,-6.3431463,4.016528
1500079305674,-5.586756,-7.2623043,4.121848
1500079305737,-5.347392,-7.3676243,4.016528
1500079305801,-5.1176023,-6.8888965,4.0261025
1500079305865,-4.610151,-6.9176197,4.2941904
1500079305928,-4.3324885,-7.3389006,4.3995104
1500079305992,-4.7441945,-7.2335806,4.342063
1500079306056,-3.9686553,-7.8846507,4.7441945
1500079306120,-3.7388659,-7.9037995,4.169721
1500079306183,-3.5760984,-7.243155,4.2080193
1500079306247,-4.3612123,-7.2910275,3.9782298
1500079306311,-4.8782387,-7.2144313,4.0644007
1500079306374,-4.696322,-7.5303917,4.2558923
1500079306438,-4.437809,-7.5974135,4.1122737
1500079306502,-4.121848,-7.846352,3.7867386
1500079306566,-3.8537605,-7.7984796,3.8633351
1500079306629,-3.5665238,-7.9133744,3.844186
1500079306693,-3.5090764,-8.1623125,3.5760984
1500079306757,-3.758015,-8.191036,3.7005677
1500079306820,-3.8920588,-8.497422,3.5282254
1500079306884,-3.9878044,-8.411251,3.5378
1500079306948,-4.045252,-8.506997,3.5378
1500079307011,-4.198445,-8.44955,3.5282254
1500079307075,-4.610151,-8.55487,3.4803526
1500079307139,-4.3324885,-9.196365,2.8388572
1500079307203,-3.1835413,-8.353804,3.346309
1500079307267,-3.126094,-7.635712,3.6814184
1500079307330,-3.4037561,-7.6835847,3.844186
1500079307395,-3.126094,-7.5303917,3.8920588
1500079307458,-3.1643922,-7.8176284,3.7101421
1500079307521,-3.7675896,-8.018694,3.7867386
1500079307585,-3.8824842,-8.047418,3.7005677
1500079307649,-3.9207826,-7.999545,3.671844
1500079307712,-4.045252,-8.32508,3.6814184
1500079307776,-3.9878044,-8.411251,3.6431203
1500079307840,-4.0261025,-8.353804,3.6526947
1500079307903,-4.2271686,-8.44955,3.8824842
1500079307967,-4.0069537,-8.00912,4.0261025
1500079308031,-3.9686553,-7.7984796,4.1026993
1500079308095,-4.3133397,-7.501668,4.303765
1500079308158,-4.351638,-7.089962,4.696322
1500079308222,-4.303765,-7.2623043,4.7537694
1500079308286,-4.4473834,-6.8601727,4.926111
1500079308350,-4.437809,-7.1091113,4.9069624
1500079308413,-4.3612123,-7.2718787,4.7537694
1500079308477,-4.5144053,-7.4059224,4.7537694
1500079308541,-4.428234,-7.4059224,4.6388745
1500079308605,-4.2080193,-7.5303917,4.658024
1500079308669,-4.303765,-7.3676243,5.088879
1500079308732,-4.3612123,-7.501668,4.4186597
1500079308795,-4.351638,-7.9420977,4.351638
1500079308859,-4.0548263,-8.076141,4.0356774
1500079308923,-4.2175937,-7.7984796,3.9590807
1500079308987,-4.1409974,-7.9325233,4.016528
1500079309051,-3.844186,-7.7601814,3.930357
1500079309114,-4.045252,-7.7123084,3.9016335
1500079309178,-4.1601467,-7.769756,3.8154624
1500079309241,-4.0069537,-7.721883,3.8824842
1500079309305,-3.930357,-7.788905,3.8537605
1500079309369,-3.7484405,-7.808054,3.7867386
1500079309432,-3.5665238,-8.085716,3.6526947
1500079309496,-3.604822,-8.497422,3.5569491
1500079309560,-3.4707782,-8.526146,3.6431203
1500079309624,-3.2218397,-8.382527,3.5952475
1500079309687,-2.819708,-8.621892,3.4420545
1500079309751,-3.0973704,-8.909128,3.3750327
1500079309815,-3.346309,-8.612317,3.777164
1500079309878,-2.9633265,-8.717637,3.5473747
1500079309942,-2.733537,-8.305931,3.6431203
1500079310006,-3.231414,-8.506997,3.9016335
1500079310070,-3.7197168,-7.9420977,4.3133397
1500079310133,-3.7101421,-7.4154973,4.6293
1500079310197,-3.5569491,-7.741032,4.7920675
1500079310261,-3.5090764,-7.4442205,5.041006
1500079310325,-3.6143966,-7.5974135,5.021857
1500079310388,-3.5760984,-7.9037995,4.763344
1500079310452,-3.4133308,-7.8367777,4.6293
1500079310516,-3.6143966,-7.7984796,4.6388745
1500079310579,-3.346309,-8.104865,4.476107
1500079310643,-3.126094,-8.076141,4.4090853
1500079310707,-3.365458,-7.7123084,4.2941904
1500079310771,-3.5665238,-7.846352,4.6293
1500079310835,-3.6431203,-8.095291,4.3133397
1500079310899,-3.5952475,-8.296356,4.3133397
1500079310962,-3.0016246,-7.855927,4.0644007
1500079311025,-2.321831,-7.894225,3.4612036
1500079311089,-2.9346027,-8.382527,4.016528
1500079311153,-3.3367343,-8.621892,4.0548263
1500079311216,-3.5952475,-8.181462,4.1122737
1500079311280,-3.5090764,-8.104865,4.2654667
1500079311344,-3.365458,-8.124015,4.1601467
1500079311408,-3.2601378,-7.8846507,4.0069537
1500079311471,-3.384607,-8.056993,4.08355
1500079311535,-3.3080106,-8.11444,4.0931244
1500079311599,-3.2601378,-8.258059,4.0548263
1500079311662,-3.3750327,-8.200611,3.9016335
1500079311726,-3.844186,-7.9420977,3.997379
1500079311790,-3.5282254,-8.286782,3.9207826
1500079311854,-3.365458,-8.2676325,3.997379
1500079311917,-3.825037,-7.7793303,4.4856815
1500079311981,-3.7963133,-8.056993,4.504831
1500079312045,-3.6526947,-8.315506,4.3803616
1500079312108,-3.5569491,-7.9516726,4.4186597
1500079312172,-3.604822,-7.922949,4.284616
1500079312236,-3.6431203,-7.8846507,4.2271686
1500079312300,-3.604822,-7.999545,4.08355
1500079312363,-3.5473747,-7.922949,3.997379
1500079312427,-3.5952475,-8.11444,4.0548263
1500079312491,-3.7484405,-8.143164,4.1026993
1500079312556,-4.0069537,-8.286782,4.284616
1500079312618,-3.9016335,-8.392102,4.2558923
1500079312682,-4.0739756,-8.124015,4.284616
1500079312746,-4.0739756,-7.808054,4.131423
1500079312809,-3.5760984,-7.5303917,4.2654667
1500079312873,-3.4229054,-7.396348,4.236743
1500079312937,-3.7867386,-7.1091113,4.322914
1500079313000,-4.0069537,-7.3006024,4.351638
1500079313064,-4.2463174,-7.9708214,4.198445
1500079313128,-4.284616,-7.8176284,4.0356774
1500079313192,-4.3803616,-7.741032,4.150572
1500079313255,-4.169721,-7.741032,4.1601467
1500079313319,-4.1601467,-7.4154973,4.131423
1500079313383,-3.7197168,-7.8272033,4.198445
1500079313447,-3.671844,-7.635712,3.8154624
1500079313510,-3.758015,-8.124015,4.1601467
1500079313574,-3.4612036,-8.746361,4.016528
1500079313638,-3.4803526,-7.9325233,3.9016335
1500079313701,-3.671844,-7.875076,4.169721
1500079313765,-3.6814184,-8.076141,4.1601467
1500079313829,-3.8058877,-7.788905,4.131423
1500079313892,-3.8729098,-8.076141,4.543129
1500079313956,-3.7388659,-8.44955,4.1888704
1500079314020,-3.5952475,-8.028269,4.131423
1500079314083,-3.690993,-7.894225,4.1026993
1500079314147,-3.6622694,-8.095291,4.1122737
1500079314211,-3.6239712,-8.133589,4.150572
1500079314275,-3.6431203,-7.961247,4.0548263
1500079314338,-3.8633351,-7.961247,4.1409974
1500079314402,-4.0931244,-8.277207,4.437809
1500079314466,-3.8537605,-8.372953,4.2558923
1500079314529,-3.777164,-8.11444,4.476107
1500079314593,-4.0069537,-7.3867736,4.3612123
1500079314657,-4.1026993,-7.2910275,4.5910015
1500079314721,-3.930357,-7.587839,4.389936
1500079314784,-4.0644007,-7.46337,4.0931244
1500079314848,-4.2941904,-6.821874,4.2558923
1500079314912,-3.9399316,-7.243155,4.428234
1500079314975,-4.1026993,-7.3006024,4.5144053
1500079315039,-4.696322,-7.243155,4.6293
1500079315103,-4.7920675,-7.4729443,4.6005764
1500079315167,-4.476107,-7.434646,4.3803616
1500079315230,-4.198445,-7.0995364,4.198445
1500079315294,-4.169721,-7.1665583,4.016528
1500079315358,-4.0931244,-7.396348,4.0356774
1500079315421,-3.7388659,-8.066567,3.7388659
1500079315485,-3.4229054,-8.258059,3.4229054
1500079315549,-3.7005677,-8.315506,3.3750327
1500079315613,-4.0739756,-8.44955,3.5378
1500079315676,-4.08355,-8.612317,3.5282254
1500079315740,-4.045252,-8.621892,3.7388659
1500079315804,-4.5335546,-8.755936,3.8633351
1500079315867,-4.198445,-8.286782,3.6143966
1500079315931,-4.2271686,-8.028269,3.6814184
1500079315995,-4.0356774,-7.9708214,3.5282254
1500079316059,-3.9782298,-7.8176284,3.6526947
1500079316122,-3.8346114,-7.9803963,3.5856729
1500079316186,-3.9207826,-8.037844,3.6143966
1500079316251,-4.1888704,-8.076141,3.6335456
1500079316314,-4.4186597,-8.334655,3.825037
1500079316378,-4.6675982,-8.6697645,3.9399316
1500079316441,-3.9399316,-8.334655,3.5665238
1500079316505,-3.911208,-7.894225,3.8824842
1500079316568,-4.1409974,-7.46337,3.9399316
1500079316632,-4.2271686,-7.8272033,4.0069537
1500079316696,-4.016528,-7.922949,4.016528
1500079316759,-3.8346114,-7.6835847,3.8824842
1500079316823,-3.825037,-7.635712,3.7197168
1500079316887,-3.9782298,-7.348475,3.8537605
1500079316951,-4.1888704,-7.3389006,3.8729098
1500079317014,-4.4473834,-7.702734,4.1888704
1500079317078,-4.4090853,-7.4920936,4.1409974
1500079317142,-4.466532,-7.5591154,4.1601467
1500079317206,-4.2558923,-7.3676243,4.2175937
1500079317269,-3.8537605,-7.310177,3.9016335
1500079317333,-3.5378,-7.894225,3.6239712
1500079317397,-3.499502,-7.9803963,3.5760984
1500079317460,-4.2654667,-8.497422,3.8537605
1500079317524,-4.322914,-8.55487,3.4803526
1500079317588,-4.2654667,-8.248484,3.825037
1500079317651,-4.0356774,-8.124015,3.7388659
1500079317715,-4.121848,-7.9803963,4.1122737
1500079317779,-4.2080193,-8.353804,3.8729098
1500079317843,-4.4186597,-8.21976,4.1122737
1500079317906,-4.2175937,-8.028269,4.1409974
1500079317970,-4.275041,-7.501668,4.169721
1500079318034,-4.303765,-7.2623043,4.275041
1500079318098,-4.198445,-7.5208173,4.3324885
1500079318161,-4.0261025,-7.693159,4.2271686
1500079318225,-4.389936,-7.769756,4.2271686
1500079318289,-4.342063,-8.353804,4.3324885
1500079318353,-4.1026993,-8.535721,4.0548263
1500079318416,-4.0931244,-8.047418,4.7920675
1500079318481,-4.0739756,-7.855927,3.758015
1500079318544,-4.0548263,-7.56869,4.2654667
1500079318608,-4.0069537,-7.329326,3.8154624
1500079318671,-3.365458,-8.143164,3.5665238
1500079318735,-3.1069448,-7.769756,3.7101421
1500079318798,-3.518651,-7.511243,4.131423
1500079318862,-3.7005677,-7.7601814,4.3324885
1500079318926,-3.5952475,-7.894225,4.2654667
1500079318990,-3.8729098,-8.104865,4.2080193
1500079319054,-4.0261025,-7.9325233,4.169721
1500079319118,-3.7292912,-7.7314577,4.0931244
1500079319181,-3.1356685,-7.855927,3.9782298
1500079319245,-2.9441774,-7.9708214,3.7197168
1500079319308,-3.3080106,-8.056993,3.930357
1500079319372,-3.8537605,-7.961247,4.2463174
1500079319436,-4.0548263,-8.21976,4.8973875
1500079319499,-4.0739756,-8.124015,4.504831
1500079319563,-4.016528,-7.9420977,4.275041
1500079319627,-4.5144053,-7.922949,4.5239797
1500079319691,-4.1409974,-7.2335806,4.466532
1500079319754,-4.198445,-7.2910275,4.342063
1500079319818,-4.198445,-7.02294,4.5718527
1500079319882,-4.2080193,-7.089962,4.868664
1500079319945,-4.5622783,-7.2623043,4.9835587
1500079320009,-4.935686,-7.281453,5.041006
1500079320073,-5.0505805,-7.9325233,4.7920675
1500079320136,-4.428234,-7.999545,4.2175937
1500079320201,-2.4558747,-7.5208173,4.2941904
1500079320265,-0.3398969,-8.11444,3.9399316
1500079320336,-1.9962958,-8.296356,3.604822
1500079320391,-4.121848,-8.056993,4.4186597
1500079320455,-3.758015,-8.506997,4.456958
1500079320519,-3.911208,-7.5591154,4.543129
1500079320582,-4.5144053,-7.2718787,4.772918
1500079320646,-4.3612123,-7.1186857,4.73462
1500079320710,-4.1601467,-7.2527294,4.9452605
1500079320774,-4.5527034,-6.9271946,5.1367517
1500079320837,-4.6771727,-6.515488,5.3952646
1500079320901,-4.7250457,-6.5825105,5.5484576
1500079320965,-5.2420716,-7.2718787,5.538883
1500079321028,-5.2037735,-6.9271946,5.146326
1500079321092,-3.9399316,-7.6740103,4.236743
1500079321156,-2.0633178,-9.004874,3.2601378
1500079321220,-0.6845811,-8.813383,3.2888615
1500079321283,-1.469695,-8.631466,3.4707782
1500079321347,-2.6760898,-8.870831,3.7963133
1500079321411,-3.7197168,-7.894225,4.4473834
1500079321475,-3.9207826,-8.171887,4.610151
1500079321538,-3.7197168,-7.3771987,4.6388745
1500079321602,-3.4420545,-7.4250717,5.1271772
1500079321666,-3.844186,-7.1186857,4.8207912
1500079321729,-4.772918,-6.1229315,5.653778
1500079321793,-4.2463174,-6.745278,5.481436
1500079321857,-4.236743,-6.984642,5.682502
1500079321920,-4.6771727,-6.716554,5.529309
1500079321984,-4.811217,-7.3006024,4.83994
1500079322048,-4.016528,-8.076141,4.351638
1500079322112,-3.0016246,-8.11444,4.351638
1500079322175,-1.0579889,-8.11444,4.4856815
1500079322239,-0.8952214,-8.478273,4.284616
1500079322303,-2.733537,-7.855927,3.8920588
1500079322366,-3.6622694,-8.44955,4.1409974
1500079322431,-3.8537605,-8.746361,4.275041
1500079322494,-3.4803526,-8.171887,4.0931244
1500079322559,-3.9878044,-7.808054,4.3324885
1500079322621,-4.0069537,-6.9271946,5.0505805
1500079322685,-4.131423,-7.310177,5.38569
1500079322749,-4.1888704,-6.4963393,5.452712
1500079322812,-4.198445,-6.898471,5.567607
1500079322876,-3.997379,-7.501668,5.4431376
1500079322940,-4.351638,-7.2240057,4.849515
1500079323004,-4.1026993,-8.00912,4.7250457
1500079323067,-3.3558834,-8.171887,3.8346114
1500079323131,-3.1643922,-8.143164,4.1792955
1500079323196,-2.1207652,-8.717637,3.5378
1500079323259,-1.3643749,-8.822957,3.5665238
1500079323322,-1.5175679,-8.822957,3.3750327
1500079323386,-2.7239625,-8.822957,3.384607
1500079323450,-3.7101421,-8.803808,3.3558834
1500079323514,-3.8537605,-9.004874,3.758015
1500079323577,-3.7675896,-8.258059,3.9495063
1500079323641,-3.7005677,-7.3006024,4.504831
1500079323705,-3.5282254,-7.501668,4.322914
1500079323768,-3.6239712,-7.5399666,4.389936
1500079323832,-3.8824842,-7.3389006,4.648449
1500079323896,-3.9495063,-7.894225,4.236743
1500079323959,-4.0261025,-8.583593,4.0069537
1500079324023,-3.2697124,-8.832532,3.6526947
1500079324087,-2.5994933,-8.506997,4.0261025
1500079324150,-2.101616,-8.842107,3.8824842
1500079324214,-1.79523,-8.315506,3.825037
1500079324278,-1.8239537,-8.526146,3.6239712
1500079324342,-2.6090677,-8.755936,3.604822
1500079324405,-3.5090764,-8.210186,3.6335456
1500079324469,-3.930357,-7.7793303,3.8920588
1500079324533,-3.5665238,-8.44955,3.7101421
1500079324597,-3.9399316,-7.741032,4.428234
1500079324660,-3.8920588,-7.4537954,4.610151
1500079324724,-3.6143966,-8.037844,4.428234
1500079324788,-3.7101421,-7.693159,4.801642
1500079324851,-3.8154624,-7.5974135,4.916537
1500079324915,-3.9782298,-7.6069884,4.887813
1500079324979,-4.1601467,-8.028269,4.5239797
1500079325043,-3.911208,-8.593168,3.6622694
1500079325107,-3.1548176,-8.382527,3.4707782
1500079325170,-2.8101335,-7.7601814,3.6814184
1500079325235,-1.9196993,-8.2676325,3.911208
1500079325298,-2.2931073,-8.497422,3.9686553
1500079325362,-3.0494976,-8.401677,3.825037
1500079325425,-2.905879,-8.918703,3.384607
1500079325489,-4.016528,-8.717637,3.6526947
1500079325552,-4.3324885,-7.999545,4.08355
1500079325616,-4.2271686,-7.501668,4.437809
1500079325680,-4.0548263,-7.4920936,4.5527034
1500079325743,-3.8346114,-7.635712,4.543129
1500079325807,-3.8537605,-7.4059224,4.6771727
1500079325871,-4.198445,-7.999545,4.3995104
1500079325936,-4.342063,-8.143164,4.456958
1500079325999,-4.284616,-7.8272033,4.08355
1500079326071,-3.7197168,-7.5591154,4.3803616
1500079326126,-3.5282254,-7.396348,4.5718527
1500079326190,-4.0644007,-6.716554,4.811217
1500079326253,-4.1409974,-6.7740016,4.7058964
1500079326317,-4.131423,-6.8888965,4.73462
1500079326381,-4.150572,-7.434646,5.021857
1500079326444,-4.6293,-7.35805,4.96441
1500079326508,-4.8207912,-7.1186857,4.887813
1500079326572,-4.801642,-7.329326,4.887813
1500079326635,-5.2037735,-6.6878304,5.079304
1500079326699,-4.658024,-6.6878304,5.1176023
1500079326763,-4.4090853,-7.549541,4.916537
1500079326827,-4.610151,-7.0325146,5.041006
1500079326890,-4.1888704,-7.5208173,4.6388745
1500079326954,-4.2941904,-7.8655014,4.0931244
1500079327018,-4.6005764,-7.808054,4.1122737
1500079327081,-3.5760984,-7.56869,3.7197168
1500079327145,-2.0824668,-7.7601814,4.08355
1500079327209,-2.7909844,-7.9803963,4.351638
1500079327273,-3.9016335,-7.9803963,4.3803616
1500079327336,-4.2271686,-8.018694,4.437809
1500079327400,-4.993133,-7.310177,4.543129
1500079327464,-4.8303657,-6.611234,4.801642
1500079327527,-4.6388745,-7.1091113,4.935686
1500079327591,-4.6293,-7.3006024,5.0984535
1500079327655,-4.581427,-7.0325146,5.146326
1500079327719,-4.5239797,-6.936769,5.002708
1500079327782,-4.7441945,-6.975067,4.73462
1500079327846,-5.079304,-7.0995364,4.619725
1500079327910,-4.351638,-7.549541,3.9878044
1500079327973,-3.5569491,-7.999545,4.016528
1500079328037,-2.494173,-8.076141,4.121848
1500079328101,-2.494173,-7.8846507,4.5622783
1500079328166,-3.5282254,-7.721883,4.73462
1500079328228,-4.389936,-7.999545,4.849515
1500079328292,-4.121848,-7.310177,4.696322
1500079328356,-4.1122737,-6.8410234,4.7441945
1500079328419,-5.0314317,-6.2474008,5.529309
1500079328483,-5.222923,-5.7782474,6.0367603
1500079328547,-4.887813,-6.333572,5.988888
1500079328611,-4.696322,-5.9314404,6.0080366
1500079328674,-4.7058964,-5.979313,6.0463347
1500079328738,-4.96441,-6.4005938,5.5771813
1500079328802,-5.1654754,-6.6208086,5.17505
1500079328865,-4.2558923,-7.310177,4.543129
1500079328929,-3.9016335,-7.4250717,4.466532
1500079328993,-3.4324799,-6.9559183,4.96441
1500079329057,-3.212265,-7.3006024,5.06973
1500079329120,-3.930357,-7.8272033,5.079304
1500079329184,-4.3324885,-7.3389006,4.9835587
1500079329248,-4.83994,-6.9942164,4.6388745
1500079329311,-5.0314317,-6.984642,5.1654754
1500079329375,-5.155901,-6.525063,5.529309
1500079329439,-4.916537,-6.0750585,5.376116
1500079329502,-4.7058964,-5.8835673,5.452712
1500079329566,-4.476107,-6.4197426,5.4431376
1500079329630,-4.6675982,-6.869747,5.4239883
1500079329694,-4.926111,-6.7931504,5.3952646
1500079329757,-4.849515,-7.089962,4.926111
1500079329821,-4.3324885,-7.6261373,4.476107
1500079329885,-4.169721,-7.721883,4.2080193
1500079329948,-3.5952475,-7.654861,4.2558923
1500079330012,-2.8963046,-7.2527294,4.696322
1500079330076,-3.3558834,-7.6069884,4.6675982
1500079330140,-4.648449,-7.4442205,4.811217
1500079330203,-5.06973,-7.3867736,4.83994
1500079330268,-5.0314317,-6.9654927,4.96441
1500079330332,-4.83994,-6.3431463,5.1367517
1500079330403,-4.5622783,-6.170804,4.8303657
1500079330458,-4.6867476,-6.6591067,5.2133484
1500079330522,-4.696322,-6.9176197,5.194199
1500079330586,-4.8973875,-6.6878304,5.2420716
1500079330649,-4.811217,-6.831449,5.2420716
1500079330713,-4.8207912,-7.089962,4.8207912
1500079330777,-5.0505805,-7.0803876,4.5910015
1500079330840,-4.83994,-7.434646,4.351638
1500079330904,-3.9495063,-7.664436,4.0261025
1500079330969,-3.5665238,-7.482519,4.428234
1500079331032,-2.8388572,-8.430401,4.1409974
1500079331095,-2.8771553,-8.459125,3.8920588
1500079331159,-4.428234,-7.7984796,4.236743
1500079331223,-4.658024,-7.788905,4.236743
1500079331286,-4.811217,-7.156984,4.456958
1500079331351,-4.495256,-6.936769,4.6293
1500079331423,-4.351638,-7.1186857,4.5335546
1500079331478,-4.696322,-6.8027253,4.993133
1500079331541,-4.782493,-6.8793216,5.1367517
1500079331605,-4.811217,-6.936769,5.06973
1500079331669,-4.504831,-6.898471,5.0122824
1500079331732,-4.96441,-7.089962,4.9069624
1500079331796,-5.2707953,-7.482519,4.5910015
1500079331860,-3.9207826,-7.616563,4.169721
1500079331924,-3.777164,-7.4729443,4.4473834
1500079331987,-2.4654493,-7.788905,4.1601467
1500079332051,-2.905879,-7.6740103,4.3612123
1500079332115,-4.3707867,-7.4537954,4.5622783
1500079332178,-4.73462,-7.846352,4.437809
1500079332242,-4.96441,-7.0995364,4.543129
1500079332306,-4.801642,-6.6208086,4.8207912
1500079332370,-4.5527034,-6.9080453,4.887813
1500079332433,-4.7537694,-7.156984,4.9069624
1500079332497,-4.648449,-7.348475,4.9069624
1500079332561,-4.6675982,-7.3867736,4.9739842
1500079332624,-4.581427,-7.2335806,4.8973875
1500079332688,-4.715471,-7.5974135,4.284616
1500079332752,-4.1792955,-8.181462,3.9016335
1500079332816,-3.6431203,-8.095291,3.5378
1500079332879,-3.3941817,-7.5591154,3.777164
1500079332943,-3.0973704,-7.664436,3.8729098
1500079333007,-2.9441774,-7.7793303,4.351638
1500079333070,-3.844186,-7.654861,4.6005764
1500079333134,-4.351638,-7.721883,4.619725
1500079333198,-4.3612123,-7.7314577,4.476107
1500079333262,-4.6867476,-7.4537954,4.4856815
1500079333325,-4.849515,-7.2335806,4.6005764
1500079333390,-4.619725,-7.12826,4.772918
1500079333453,-4.466532,-7.2910275,4.772918
1500079333516,-4.3803616,-7.156984,4.658024
1500079333580,-4.303765,-7.204857,4.715471
1500079333644,-4.2654667,-7.4920936,4.5527034
1500079333708,-4.2941904,-7.310177,4.7920675
1500079333771,-4.275041,-7.35805,5.0505805
1500079333835,-4.3133397,-7.482519,4.6675982
1500079333899,-4.351638,-6.8601727,5.194199
1500079333962,-4.456958,-6.132506,5.146326
1500079334026,-4.7441945,-4.8973875,6.0559096
1500079334090,-4.954835,-4.6388745,6.3814445
1500079334153,-5.2707953,-2.972901,6.438892
1500079334217,-5.6250544,1.1154363,6.9559183
1500079334281,-6.180379,3.059072,7.051664
1500079334345,-6.218677,4.1888704,6.4963393
1500079334408,-6.151655,5.9314404,5.806971
1500079334472,-6.0846334,6.9463434,5.0505805
1500079334536,-5.682502,7.2527294,4.169721
1500079334599,-5.3186684,7.4537954,3.758015
1500079334663,-5.634629,7.2335806,3.6335456
1500079334727,-4.96441,7.396348,2.867581
1500079334790,-4.543129,6.7261286,3.3367343
1500079334854,-4.342063,6.783576,3.1356685
1500079334918,-4.4473834,6.9176197,3.212265
1500079334982,-4.5910015,7.5303917,3.1643922
1500079335045,-4.5622783,7.855927,3.212265
1500079335109,-4.5718527,7.894225,3.0016246
1500079335148,-6.47719,11.101703,4.1601467
1500079335157,-6.47719,11.015532,3.9495063
1500079335173,-4.495256,7.894225,2.7718353
1500079335189,-4.868664,8.602742,2.905879
1500079335204,-4.8782387,8.918703,2.867581
1500079335220,-4.926111,9.100619,2.9537518
1500079335236,-4.849515,8.966576,2.8963046
1500079335252,-4.7441945,8.928278,2.867581
1500079335268,-4.926111,9.004874,2.9633265
1500079335284,-4.9452605,8.832532,3.3080106
1500079335300,-4.7250457,8.957002,2.9824755
1500079335316,-4.610151,9.091045,2.714388
1500079335332,-4.6771727,8.803808,2.8388572
1500079335348,-4.5718527,8.439975,3.0686467
1500079335364,-4.6293,8.44955,3.2026904
1500079335380,-4.5527034,8.353804,3.0686467
1500079335396,-4.543129,8.085716,3.0111992
1500079335412,-4.466532,7.7314577,3.0494976
1500079335427,-4.4856815,7.4537954,2.8963046
1500079335443,-4.5335546,7.348475,2.9633265
1500079335459,-4.4856815,7.3197513,2.905879
1500079335475,-4.1888704,7.1474094,2.6090677
1500079335491,-3.911208,7.1857076,2.3026817
1500079335507,-3.8154624,7.1665583,2.1782124
1500079335523,-3.9878044,6.9463434,2.3122563
1500079335539,-3.997379,6.831449,2.666515
1500079335555,-3.9016335,7.02294,2.714388
1500079335571,-3.9016335,7.3006024,2.6186423
1500079335587,-4.045252,7.5782647,2.752686
1500079335603,-4.016528,7.693159,2.7814097
1500079335619,-3.9207826,7.664436,2.8771553
1500079335635,-3.8920588,7.8367777,2.9633265
1500079335650,-3.997379,8.018694,2.905879
1500079335666,-3.9686553,8.085716,2.8580062
1500079335682,-3.844186,7.9325233,2.8292825
1500079335698,-3.9207826,7.9516726,3.0877957
1500079335714,-4.121848,7.9803963,3.2505634
1500079335730,-4.121848,8.133589,2.9346027
1500079335746,-4.0261025,8.2676325,2.6856642
1500079335762,-4.0069537,8.181462,2.752686
1500079335778,-3.9590807,7.808054,2.8963046
1500079335794,-4.0069537,7.721883,2.972901
1500079335810,-4.08355,7.6740103,2.8484318
1500079335826,-4.1888704,7.6452866,2.7909844
1500079335842,-4.08355,7.664436,2.8292825
1500079335858,-4.0739756,7.8655014,2.7718353
1500079335873,-4.2941904,7.9803963,2.580344
1500079335889,-4.495256,7.7793303,2.6377914
1500079335906,-4.456958,7.8846507,2.8101335
1500079335921,-4.3995104,7.8846507,2.8484318
1500079335937,-4.342063,7.9037995,2.6282167
1500079335953,-4.2463174,7.9325233,2.5516202
1500079335969,-4.3324885,7.702734,2.9154537
1500079335985,-4.351638,7.7123084,3.1548176
1500079336001,-4.3803616,7.9420977,2.867581
1500079336017,-4.351638,8.11444,2.733537
1500079336033,-4.466532,8.363379,2.7622607
1500079336049,-4.495256,8.5740185,2.6856642
1500079336065,-4.772918,8.765511,2.6856642
1500079336081,-4.8207912,9.024023,2.6282167
1500079336097,-4.6867476,9.225089,2.5899186
1500079336113,-4.7058964,9.397431,2.647366
1500079336128,-4.782493,9.608071,2.8101335
1500079336144,-4.8303657,9.655944,2.905879
1500079336161,-4.782493,9.608071,2.905879
1500079336176,-4.619725,9.684668,2.8292825
1500079336192,-4.428234,9.3878565,2.9920502
1500079336208,-4.5527034,9.253813,3.020774
1500079336224,-4.696322,9.234664,3.1165195
1500079336240,-4.581427,9.119769,2.905879
1500079336256,-4.389936,8.736787,2.647366
1500079336272,-4.2654667,8.382527,2.6760898
1500079336288,-4.3133397,8.305931,2.7814097
1500079336304,-4.2463174,8.124015,2.733537
1500079336320,-3.9686553,7.5591154,2.8292825
1500079336336,-3.844186,6.9654927,2.7909844
1500079336351,-3.8346114,6.9654927,2.6186423
1500079336368,-3.8824842,7.137835,2.5324712
1500079336384,-3.8058877,7.0325146,2.5516202
1500079336399,-3.671844,6.9559183,2.408002
1500079336415,-3.7292912,6.984642,2.321831
1500079336431,-3.6239712,7.2527294,2.2931073
1500079336447,-3.5282254,7.2240057,2.360129
1500079336463,-3.604822,7.2240057,2.5516202
1500079336479,-3.7005677,7.1186857,2.7622607
1500079336495,-3.7484405,7.2527294,2.7431116
1500079336511,-3.6143966,7.693159,2.5516202
1500079336527,-3.690993,7.7984796,2.5707695
1500079336543,-3.7963133,7.788905,2.867581
1500079336559,-3.9399316,7.9516726,3.059072
1500079336575,-4.0261025,8.305931,3.0303483
1500079336591,-3.8537605,8.487848,2.7431116
1500079336607,-3.777164,8.4686985,2.4463003
1500079336622,-3.825037,8.4686985,2.4845984
1500079336638,-3.8920588,8.439975,2.8101335
1500079336654,-3.930357,8.487848,2.8580062
1500079336670,-3.9016335,8.411251,2.9537518
1500079336686,-3.8729098,8.305931,2.9250283
1500079336702,-3.9016335,8.32508,2.8580062
1500079336718,-3.911208,8.411251,2.8484318
1500079336734,-3.9399316,8.305931,2.8101335
1500079336750,-3.9878044,8.21976,2.7622607
1500079336766,-3.9878044,8.076141,2.6760898
1500079336781,-3.9207826,7.741032,2.752686
1500079336797,-3.8920588,7.482519,2.7718353
1500079336813,-4.016528,7.3676243,2.7622607
1500079336829,-4.0931244,7.35805,2.6760898
1500079336845,-3.9782298,7.2527294,2.7814097
1500079336861,-3.9016335,7.3006024,2.8484318
1500079336877,-4.0069537,7.5974135,2.7718353
1500079336893,-4.198445,7.8272033,2.7814097
1500079336909,-4.198445,7.875076,2.7814097
1500079336925,-4.169721,7.7506065,2.819708
1500079336941,-4.2175937,7.9325233,3.0877957
1500079336957,-4.342063,8.32508,3.346309
1500079336973,-4.5144053,8.564445,3.4324799
1500079336989,-4.581427,8.966576,3.193116
1500079337005,-4.456958,9.368708,2.9537518
1500079337020,-4.3803616,9.493176,3.0303483
1500079337037,-4.5144053,9.272962,3.2409887
1500079337052,-4.5335546,9.531475,3.2984362
1500079337068,-4.5239797,9.866585,3.518651
1500079337084,-4.6867476,9.809137,3.4899273
1500079337100,-4.6005764,9.684668,3.2409887
1500079337116,-4.4186597,9.464453,3.0973704
1500079337132,-4.342063,9.301685,3.126094
1500079337148,-4.4186597,8.985725,3.1452432
1500079337164,-4.466532,8.784659,3.1069448
1500079337180,-4.2558923,8.55487,2.9920502
1500079337196,-4.045252,8.095291,2.9537518
1500079337212,-4.150572,7.8655014,2.8101335
1500079337228,-4.1122737,7.6835847,2.6952388
1500079337244,-3.8729098,7.4920936,2.8101335
1500079337260,-3.777164,7.2527294,2.8292825
1500079337275,-3.8920588,7.1091113,2.7718353
1500079337291,-3.9782298,7.281453,2.8292825
1500079337307,-3.8824842,7.12826,2.905879
1500079337323,-3.7484405,7.0133657,2.800559
1500079337339,-3.758015,7.1091113,2.647366
1500079337355,-3.777164,7.329326,2.733537
1500079337371,-3.758015,7.137835,2.88673
1500079337387,-3.6814184,7.195282,2.88673
1500079337403,-3.6431203,7.5591154,2.8101335
1500079337419,-3.7197168,7.7314577,2.9537518
1500079337435,-3.7675896,7.635712,3.173967
1500079337451,-3.6239712,7.7506065,3.2218397
1500079337467,-3.5665238,7.9803963,3.3175852
1500079337482,-3.7197168,8.085716,3.2409887
1500079337499,-3.7675896,8.124015,3.0686467
1500079337514,-3.777164,8.1623125,3.078221
1500079337530,-3.8729098,8.047418,3.126094
1500079337546,-3.8824842,7.9899707,3.2792869
1500079337562,-3.8537605,7.922949,3.2601378
1500079337578,-3.8633351,7.9133744,3.078221
1500079337594,-3.8346114,8.095291,3.039923
1500079337610,-3.8058877,8.037844,3.1548176
1500079337626,-3.825037,7.922949,3.2218397
1500079337642,-3.7675896,7.7984796,3.2218397
1500079337658,-3.7388659,7.7123084,3.1356685
1500079337674,-3.844186,7.693159,3.0877957
1500079337690,-3.9207826,7.664436,3.2697124
1500079337705,-3.8154624,7.616563,3.365458
1500079337721,-3.8729098,7.501668,3.2601378
1500079337737,-3.9878044,7.482519,3.0494976
1500079337753,-4.0356774,7.434646,3.0877957
1500079337769,-4.0644007,7.329326,3.0973704
1500079337785,-4.131423,7.3197513,3.2984362
1500079337801,-4.2654667,7.4729443,3.384607
1500079337817,-4.2175937,7.5591154,3.212265
1500079337833,-4.2175937,7.7984796,2.9441774
1500079337849,-4.2941904,8.056993,3.1548176
1500079337865,-4.303765,8.056993,3.4899273
1500079337881,-4.3707867,8.23891,3.3367343
1500079337897,-4.456958,8.5740185,3.365458
1500079337913,-4.5527034,8.755936,3.4899273
1500079337928,-4.5622783,9.119769,3.3750327
1500079337944,-4.581427,9.301685,3.384607
1500079337960,-4.6005764,9.215514,3.5665238
1500079337976,-4.6293,9.349558,3.6239712
1500079337992,-4.648449,9.445304,3.5378
1500079338008,-4.658024,9.407005,3.451629
1500079338024,-4.466532,9.301685,3.4037561
1500079338040,-4.3995104,8.9761505,3.3558834
1500079338056,-4.456958,9.119769,3.1165195
1500079338072,-4.6005764,8.957002,3.3941817
1500079338088,-4.5622783,8.44955,3.4324799
1500079338103,-4.4473834,8.372953,3.3367343
1500079338119,-4.322914,8.430401,3.4612036
1500079338136,-4.428234,8.229335,3.3558834
1500079338151,-4.4090853,8.143164,3.2888615
1500079338168,-4.08355,7.846352,3.384607
1500079338183,-3.9207826,7.635712,3.3367343
1500079338199,-4.0644007,7.4920936,3.2792869
1500079338215,-4.150572,7.4442205,3.1356685
1500079338231,-3.9399316,7.2335806,3.078221
1500079338247,-3.7197168,7.0612383,3.039923
1500079338263,-3.8154624,6.936769,3.0016246
1500079338279,-3.911208,7.02294,2.9920502
1500079338295,-3.7484405,6.984642,3.020774
1500079338311,-3.5952475,7.003791,3.0877957
1500079338327,-3.7197168,6.9559183,3.1643922
1500079338343,-3.7388659,7.12826,3.2888615
1500079338359,-3.7197168,7.3006024,3.212265
1500079338375,-3.7867386,7.3676243,3.0973704
1500079338390,-3.8058877,7.3676243,3.212265
1500079338406,-3.8633351,7.329326,3.2984362
1500079338422,-4.1026993,7.664436,3.1356685
1500079338438,-4.121848,7.9325233,3.0111992
1500079338454,-3.9016335,7.9516726,3.1548176
1500079338470,-3.7675896,7.9899707,3.2601378
1500079338486,-3.7867386,8.056993,3.2409887
1500079338502,-3.8058877,8.152739,3.2218397
1500079338518,-3.8154624,8.1623125,3.2601378
1500079338533,-3.844186,8.066567,3.3367343
1500079338550,-3.8537605,8.056993,3.365458
1500079338565,-3.8537605,8.047418,3.499502
1500079338582,-3.8633351,8.028269,3.5952475
1500079338597,-3.9590807,7.9708214,3.4803526
1500079338613,-4.045252,7.9420977,3.3080106
1500079338629,-3.9399316,7.9325233,3.3271596
1500079338645,-3.911208,7.721883,3.5090764
1500079338661,-4.121848,7.587839,3.4612036
1500079338677,-4.2175937,7.6261373,3.3941817
1500079338693,-4.1122737,7.5399666,3.4612036
1500079338709,-3.997379,7.4537954,3.2505634
1500079338725,-4.0644007,7.4154973,3.2697124
1500079338741,-4.1792955,7.4442205,3.4324799
1500079338757,-4.1122737,7.4920936,3.4899273
1500079338773,-4.169721,7.5208173,3.2792869
1500079338788,-4.2271686,7.6261373,3.1356685
1500079338805,-4.1601467,7.7601814,3.346309
1500079338821,-4.1888704,7.9420977,3.4612036
1500079338836,-4.3707867,8.200611,3.2888615
1500079338852,-4.4856815,8.439975,3.2218397
1500079338868,-4.466532,8.583593,3.3175852
1500079338884,-4.476107,8.794233,3.3941817
1500079338900,-4.4856815,9.263388,3.4612036
1500079338916,-4.648449,9.5219,3.4803526
1500079338932,-4.648449,9.531475,3.4612036
1500079338948,-4.495256,9.263388,3.6143966
1500079338964,-4.476107,9.167642,3.6143966
1500079338980,-4.456958,9.138918,3.8154624
1500079338996,-4.4090853,8.995299,3.8920588
1500079339011,-4.437809,9.004874,3.7005677
1500079339028,-4.303765,8.909128,3.4899273
1500079339044,-4.131423,8.420826,3.5665238
1500079339059,-4.0931244,8.018694,3.7005677
1500079339075,-4.131423,7.875076,3.671844
1500079339091,-4.0261025,7.788905,3.5473747
1500079339107,-3.844186,7.4154973,3.4803526
1500079339123,-3.8346114,7.0708127,3.4899273
1500079339139,-3.844186,6.9463434,3.4612036
1500079339155,-3.8537605,7.0995364,3.451629
1500079339171,-3.7005677,7.0133657,3.4420545
1500079339187,-3.5665238,6.7740016,3.451629
1500079339203,-3.6239712,6.716554,3.4803526
1500079339218,-3.6814184,6.9654927,3.5378
1500079339234,-3.5952475,7.1186857,3.6335456
1500079339250,-3.5378,7.0325146,3.4803526
1500079339266,-3.5665238,7.02294,3.4612036
1500079339282,-3.5665238,7.195282,3.671844
1500079339298,-3.6143966,7.4537954,3.911208
1500079339314,-3.604822,7.654861,3.8346114
1500079339330,-3.5856729,7.7984796,3.7005677
1500079339346,-3.6143966,7.7314577,3.7388659
1500079339362,-3.7197168,7.693159,3.7388659
1500079339378,-3.7197168,7.9133744,3.690993
1500079339394,-3.7005677,7.8655014,3.7675896
1500079339410,-3.7388659,7.7506065,3.7292912
1500079339426,-3.7675896,7.721883,3.7867386
1500079339442,-3.7101421,7.808054,3.844186
1500079339457,-3.671844,7.9037995,3.7005677
1500079339473,-3.7388659,7.788905,3.5760984
1500079339490,-3.777164,7.693159,3.6143966
1500079339505,-3.7484405,7.702734,3.690993
1500079339521,-3.844186,7.654861,3.6335456
1500079339537,-3.8346114,7.5974135,3.6335456
1500079339553,-3.7484405,7.5208173,3.777164
1500079339569,-3.7484405,7.4154973,3.7197168
1500079339585,-3.9016335,7.281453,3.5282254
1500079339601,-3.9016335,7.195282,3.451629
1500079339617,-3.8920588,7.281453,3.671844
1500079339633,-3.8633351,7.4250717,3.7101421
1500079339648,-3.9399316,7.3676243,3.690993
1500079339664,-3.9782298,7.4537954,3.6239712
1500079339680,-4.045252,7.4920936,3.6526947
1500079339696,-4.1122737,7.616563,3.6622694
1500079339712,-4.0644007,7.8367777,3.7675896
1500079339728,-4.0356774,8.124015,3.9495063
1500079339744,-4.2463174,8.372953,4.1122737
1500079339760,-4.342063,8.727212,3.9782298
1500079339776,-4.3324885,8.842107,3.758015
1500079339793,-4.3612123,8.842107,3.604822
1500079339824,-4.1122737,8.44955,3.4037561
1500079339887,-4.3995104,9.062322,3.7484405
1500079339951,-4.1409974,8.631466,3.7292912
1500079340016,-4.045252,8.143164,3.6335456
1500079340080,-3.9495063,7.8367777,3.6526947
1500079340142,-3.6239712,7.195282,3.4229054
1500079340206,-3.3558834,7.0133657,3.2792869
1500079340271,-3.346309,7.2240057,3.4707782
1500079340334,-3.518651,7.693159,3.5569491
1500079340398,-3.5952475,8.133589,3.5473747
1500079340462,-3.7388659,8.191036,3.777164
1500079340525,-3.6431203,8.095291,3.5282254
1500079340590,-3.7388659,7.549541,3.4612036
1500079340652,-3.6622694,7.4920936,3.2888615
1500079340716,-3.9686553,7.7984796,3.4229054
1500079340780,-4.131423,8.621892,3.6239712
1500079340843,-4.150572,9.091045,3.8729098
1500079340907,-4.0739756,9.598496,3.6814184
1500079340971,-4.2271686,8.564445,3.671844
1500079341035,-3.7675896,7.6452866,3.3367343
1500079341098,-3.4324799,6.984642,3.3271596
1500079341162,-3.2505634,7.0612383,3.4420545
1500079341226,-3.2505634,7.56869,3.604822
1500079341290,-3.346309,7.6740103,3.7101421
1500079341354,-3.4229054,7.7601814,3.7675896
1500079341417,-3.6239712,7.7314577,3.8537605
1500079341480,-3.7484405,7.7984796,3.7675896
1500079341544,-3.777164,7.741032,3.690993
1500079341608,-3.8154624,7.4729443,3.6239712
1500079341671,-3.9399316,7.5782647,3.6143966
1500079341735,-4.1122737,7.788905,3.758015
1500079341799,-4.3995104,8.631466,3.6814184
1500079341863,-4.3612123,9.339984,3.9782298
1500079341926,-4.3803616,9.100619,3.911208
1500079341990,-4.2941904,7.9899707,3.8633351
1500079342054,-4.0739756,7.348475,3.6814184
1500079342117,-3.7484405,7.137835,3.7005677
1500079342181,-3.6239712,6.9176197,3.6526947
1500079342245,-3.6526947,7.0803876,3.5856729
1500079342309,-3.6622694,7.434646,3.6814184
1500079342372,-3.7292912,7.5974135,3.825037
1500079342436,-3.8537605,7.654861,3.8154624
1500079342501,-3.9878044,7.6261373,3.8729098
1500079342564,-4.08355,7.5303917,3.9399316
1500079342628,-4.2271686,7.587839,3.844186
1500079342692,-4.3803616,7.9420977,4.016528
1500079342755,-4.4856815,8.545295,4.169721
1500079342818,-4.4856815,8.870831,4.2080193
1500079342882,-4.3133397,8.44955,4.0739756
1500079342946,-4.0356774,7.6261373,3.9495063
1500079343010,-3.6335456,6.8027253,3.7963133
1500079343073,-3.604822,6.7069798,3.7867386
1500079343137,-3.6526947,6.821874,3.777164
1500079343201,-3.6431203,7.281453,4.016528
1500079343265,-3.6622694,7.6740103,4.045252
1500079343328,-3.758015,7.6740103,4.275041
1500079343392,-3.9399316,7.741032,4.1409974
1500079343456,-4.0739756,7.616563,4.2175937
1500079343519,-4.0548263,7.434646,4.236743
1500079343583,-4.045252,7.3771987,3.997379
1500079343647,-4.169721,7.664436,3.9686553
1500079343711,-4.342063,8.171887,4.1026993
1500079343774,-4.389936,8.583593,4.2175937
1500079343838,-4.2558923,8.526146,4.2175937
1500079343902,-4.131423,8.00912,3.997379
1500079343965,-3.9590807,7.35805,4.0069537
1500079344029,-3.7101421,6.975067,3.911208
1500079344093,-3.4612036,6.8888965,3.8824842
1500079344156,-3.4037561,7.003791,4.016528
1500079344220,-3.518651,7.3006024,4.0069537
1500079344284,-3.6814184,7.46337,4.0644007
1500079344348,-3.7675896,7.4729443,4.1888704
1500079344411,-3.7388659,7.4920936,4.2654667
1500079344475,-3.8824842,7.4920936,4.3803616
1500079344539,-4.236743,7.2335806,4.495256
1500079344602,-4.08355,7.6261373,4.581427
1500079344666,-4.169721,8.200611,4.849515
1500079344730,-4.1122737,8.191036,4.610151
1500079344794,-4.0548263,7.894225,4.322914
1500079344857,-3.8920588,7.693159,4.1601467
1500079344921,-3.6239712,7.4250717,4.1888704
1500079344986,-3.518651,7.137835,4.150572
1500079345048,-3.5282254,7.051664,4.2463174
1500079345112,-3.671844,7.0803876,4.504831
1500079345176,-3.690993,7.1665583,4.5144053
1500079345239,-3.7005677,7.2144313,4.7250457
1500079345303,-3.7101421,7.434646,4.581427
1500079345367,-3.777164,7.1857076,4.4856815
1500079345431,-3.7197168,7.2144313,4.236743
1500079345494,-3.758015,7.2240057,4.2654667
1500079345558,-3.9686553,7.5303917,4.581427
1500079345622,-4.4186597,7.894225,4.696322
1500079345685,-4.322914,8.382527,4.926111
1500079345749,-4.2558923,8.229335,4.648449
1500079345813,-3.997379,8.066567,4.610151
1500079345877,-3.8346114,7.7601814,4.5910015
1500079345940,-3.7388659,6.9080453,4.5335546
1500079346004,-3.4420545,6.3814445,4.1792955
1500079346068,-3.3175852,6.4676156,4.236743
1500079346132,-3.3941817,6.630383,4.6867476
1500079346195,-3.4037561,7.1857076,4.7250457
1500079346260,-3.6431203,7.3867736,4.772918
1500079346323,-3.6814184,7.4729443,4.916537
1500079346386,-3.690993,7.176133,4.73462
1500079346459,-3.825037,7.0325146,4.658024
1500079346514,-3.9590807,7.2718787,4.696322
1500079346578,-4.0644007,7.702734,4.6771727
1500079346641,-4.1601467,7.8655014,4.6675982
1500079346705,-4.2271686,7.9803963,4.6005764
1500079346769,-4.131423,7.875076,4.504831
1500079346833,-3.8729098,7.635712,4.7058964
1500079346896,-3.6239712,7.089962,4.648449
1500079346960,-3.5473747,6.544212,4.696322
1500079347024,-3.5090764,6.525063,4.6388745
1500079347087,-3.6335456,6.7357035,4.6867476
1500079347151,-3.7484405,7.0708127,4.83994
1500079347215,-3.8729098,7.2240057,4.849515
1500079347279,-3.9399316,7.2527294,4.7920675
1500079347342,-3.9782298,7.2335806,4.6867476
1500079347406,-3.997379,7.1857076,4.6675982
1500079347470,-4.1601467,7.434646,4.6005764
