1500132868000,-8.11444,-4.658024,-2.7622607
1500132868063,-8.152739,-4.6867476,-2.8484318
1500132868127,-8.315506,-5.2420716,-2.752686
1500132868192,-7.6069884,-5.988888,-2.3888528
1500132868256,-6.592085,-5.787822,-2.5420458
1500132868320,-6.285699,-5.0984535,-2.8963046
1500132868382,-6.4484663,-5.06973,-3.0877957
1500132868446,-7.2144313,-4.1601467,-3.7484405
1500132868510,-7.1474094,-3.7292912,-4.1122737
1500132868573,-7.4729443,-3.7484405,-4.389936
1500132868637,-7.6069884,-4.2941904,-5.7112255
1500132868701,-7.56869,-6.151655,-6.2761245
1500132868765,-7.434646,-6.458041,-5.5771813
1500132868828,-6.7261286,-6.151655,-5.28037
1500132868892,-6.256975,-6.783576,-5.146326
1500132868956,-5.462287,-7.4154973,-3.4707782
1500132869020,-4.9452605,-6.7261286,-3.8058877
1500132869083,-4.5144053,-6.984642,-1.3069274
1500132869147,-4.0356774,-8.430401,1.1537346
1500132869212,-3.9590807,-8.880404,1.4505459
1500132869274,-3.1452432,-7.4729443,4.8207912
1500132869338,-2.752686,-7.999545,5.1846247
1500132869402,-3.0016246,-7.6261373,2.7718353
1500132869466,-2.0920415,-6.6591067,3.9878044
1500132869529,-0.71330476,-8.076141,5.0601554
1500132869593,0.18670394,-6.8027253,5.500585
1500132869657,0.47394073,-7.329326,5.2037735
1500132869720,0.2154276,-8.459125,4.6867476
1500132869784,1.8718265,-7.4729443,5.2707953
1500132869848,4.0548263,-6.3527207,5.5580325
1500132869912,5.1176023,-6.8601727,4.772918
1500132869975,6.639958,-5.9218655,4.782493
1500132870039,7.9899707,-5.82612,4.5239797
1500132870104,7.846352,-5.328243,4.2080193
1500132870166,7.635712,-3.7867386,3.604822
1500132870231,8.430401,-3.231414,3.4803526
1500132870294,8.928278,-2.4463003,3.604822
1500132870358,9.043172,-2.7718353,3.078221
1500132870422,9.445304,-3.212265,3.1165195
1500132870485,10.211268,-2.6569405,2.2452345
1500132870549,10.048501,-2.1590633,2.4463003
1500132870613,10.144247,-1.6133134,2.1303396
1500132870677,10.871913,-1.5845897,1.9675722
1500132870740,10.670848,-0.8281995,3.0494976
1500132870804,10.105948,-1.0962871,2.666515
1500132870868,9.85701,-1.2877784,2.6856642
1500132870931,9.732541,-1.5079932,2.6090677
1500132870995,10.287866,-1.9579976,2.9250283
1500132871058,9.722966,-2.3984275,2.408002
1500132871122,11.274045,-2.1973617,3.193116
1500132871186,13.23683,-2.3697038,3.5856729
1500132871250,13.600663,-3.7963133,2.9441774
1500132871313,13.179382,-6.094208,3.825037
1500132871377,11.944264,-7.56869,5.1271772
1500132871442,10.172971,-7.348475,1.3356512
1500132871505,4.8207912,-7.5591154,-0.16755481
1500132871568,2.015445,-9.608071,-2.3505547
1500132871632,-1.9196993,-6.9176197,-4.284616
1500132871697,-5.194199,-6.0750585,-4.83994
1500132871759,-7.176133,-3.8633351,-4.08355
1500132871823,-9.349558,-1.8143792,-0.46436617
1500132871887,-8.899554,-1.0388398,2.7431116
1500132871951,-7.501668,2.3122563,3.6239712
1500132872014,-5.3569665,1.3452257,4.4473834
1500132872078,-1.9196993,1.6707608,5.950589
1500132872142,1.9196993,-0.37819514,7.7123084
1500132872205,2.972901,-2.034594,9.684668
1500132872269,1.7282082,-1.2207564,9.043172
1500132872333,0.081383765,-3.231414,8.478273
1500132872397,-0.6271337,-0.7324539,10.747444
1500132872462,-2.5324712,2.3505547,8.487848
1500132872524,-2.6952388,3.2218397,8.55487
1500132872588,-4.6867476,4.4856815,6.8793216
1500132872651,-5.82612,4.389936,7.8655014
1500132872715,-7.12826,3.9399316,8.459125
1500132872779,-7.2910275,5.041006,10.40276
1500132872843,-8.870831,5.7782474,7.6835847
1500132872906,-6.2761245,2.7239625,4.73462
1500132872970,-4.96441,1.8048047,2.408002
1500132873034,2.0633178,-0.99096704,3.384607
1500132873098,6.8601727,-1.9675722,6.6016593
1500132873162,7.635712,0.5505372,8.229335
1500132873226,7.0995364,2.1590633,6.869747
1500132873290,8.085716,0.8473486,9.100619
1500132873352,8.1623125,2.0728924,8.143164
1500132873416,7.35805,1.0962871,6.869747
1500132873480,7.2527294,-0.34947145,5.941015
1500132873544,7.4442205,0.05266008,4.935686
1500132873607,7.501668,-0.8186249,6.218677
1500132873671,8.392102,0.512239,6.4676156
1500132873735,8.171887,-0.2154276,5.0505805
1500132873798,8.506997,-2.1782124,4.437809
1500132873862,8.842107,-1.1728836,6.458041
1500132873927,9.330409,-1.4313968,5.414414
1500132873990,8.506997,-1.7569319,3.9495063
1500132874053,8.6697645,-3.5760984,3.1069448
1500132874117,8.085716,5.2420716,7.1665583
1500132874181,8.076141,0.30159867,5.605905
1500132874246,8.363379,-0.09095833,4.6005764
1500132874308,8.363379,-2.015445,4.7058964
1500132874372,8.152739,-1.7473572,4.2654667
1500132874436,8.401677,1.6899099,5.328243
1500132874499,8.248484,1.0292653,6.563361
1500132874564,7.9516726,0.42606795,5.194199
1500132874627,8.191036,-2.187787,4.7058964
1500132874691,8.104865,-1.1058618,4.581427
1500132874754,8.4686985,-0.69415563,5.0601554
1500132874818,7.6740103,3.777164,6.391019
1500132874883,7.5782647,3.1643922,6.8122997
1500132874945,8.11444,-2.8580062,3.3558834
1500132875009,8.708063,-3.671844,4.0739756
1500132875073,7.9708214,1.4026731,6.8410234
1500132875137,7.281453,7.243155,7.35805
1500132875200,8.966576,1.0962871,12.145329
1500132875264,8.909128,-5.7208,-1.4313968
1500132875328,4.4473834,-2.408002,2.6090677
1500132875392,5.644203,0.9718179,8.066567
1500132875456,9.493176,0.359046,8.23891
1500132875519,9.435729,0.2154276,6.7357035
1500132875583,8.34423,-1.2494801,5.797396
1500132875646,7.281453,-1.1058618,5.3186684
1500132875710,6.8601727,-1.6611862,5.366541
1500132875774,5.806971,-1.2494801,5.021857
1500132875838,6.6591067,-1.9675722,5.759098
1500132875901,7.664436,-0.61755913,6.218677
1500132875965,8.23891,-1.2686293,6.0559096
1500132876029,8.191036,-1.2111819,6.2665496
1500132876092,8.420826,-1.5845897,5.941015
1500132876156,8.296356,-2.0250196,5.002708
1500132876220,8.2676325,-1.5654407,5.682502
1500132876284,8.143164,-2.0728924,5.653778
1500132876347,7.894225,-1.3643749,5.6633525
1500132876411,8.181462,-1.7282082,6.0367603
1500132876475,8.353804,-1.6611862,6.0750585
1500132876538,8.066567,-1.2207564,5.950589
1500132876603,7.4920936,-0.8473486,6.0367603
1500132876666,7.7314577,-1.7473572,6.256975
1500132876731,7.664436,-1.5558661,6.678256
1500132876793,7.2527294,-1.3452257,6.333572
1500132876857,6.850598,-1.4888442,6.5825105
1500132876921,7.0803876,-2.800559,7.4442205
1500132876984,7.5974135,-3.039923,7.808054
1500132877048,7.3197513,-2.819708,7.702734
1500132877112,6.1899533,-3.193116,6.984642
1500132877176,5.155901,-4.456958,5.8644185
1500132877239,4.389936,-6.0750585,6.0559096
1500132877303,3.6526947,-5.17505,4.428234
1500132877368,0.9622433,-1.3930986,4.198445
1500132877430,-1.5941644,-0.71330476,5.0601554
1500132877494,-3.2984362,0.54096264,6.6591067
1500132877558,-4.954835,1.4313968,6.017611
1500132877622,-6.7261286,2.6186423,6.6208086
1500132877686,-8.018694,4.5239797,7.9133744
1500132877749,-5.941015,-0.50266445,8.229335
1500132877813,-7.176133,-8.181462,5.8835673
1500132877876,-8.679339,-7.8176284,5.682502
1500132877940,-8.66019,-3.6143966,6.3814445
1500132878004,-8.392102,-3.451629,5.567607
1500132878068,-8.037844,-5.5101595,3.7388659
1500132878131,-6.8410234,-9.64637,4.610151
1500132878195,-6.458041,-4.495256,6.5346375
1500132878259,-6.9654927,-4.543129,5.49101
1500132878322,-7.042089,-4.9835587,5.3569665
1500132878387,-7.195282,-4.303765,5.739949
1500132878451,-6.4293175,-3.7963133,5.6250544
1500132878514,-5.644203,-4.4186597,5.797396
1500132878577,-5.309094,-4.4856815,5.8835673
1500132878641,-5.7112255,-3.9590807,6.391019
1500132878705,-5.6250544,-4.5335546,4.993133
1500132878768,-4.476107,-4.4186597,5.739949
1500132878832,-3.997379,-4.1888704,7.654861
1500132878896,-3.3271596,-4.935686,7.003791
1500132878960,-3.4133308,-6.639958,5.682502
1500132879023,-4.236743,-6.3144226,5.7303743
1500132879087,-5.3569665,-5.261221,5.49101
1500132879151,-6.1995277,-5.0122824,3.0973704
1500132879214,-5.49101,-4.5622783,1.6516117
1500132879278,-3.4803526,-5.8644185,1.2303311
1500132879342,-1.3548003,-5.1367517,4.342063
1500132879406,-0.22500217,-4.150572,2.580344
1500132879469,2.3314054,-6.2378263,1.2399056
1500132879533,7.35805,-7.0612383,4.284616
1500132879597,10.441058,-8.143164,5.4718614
1500132879661,11.475111,-6.0559096,3.758015
1500132879724,12.164479,-5.366541,2.6856642
1500132879788,11.312344,-3.0973704,1.948423
1500132879853,11.312344,-2.1973617,1.7665064
1500132879915,10.316589,-1.9101248,1.3548003
1500132879979,10.105948,-1.4601204,0.8952214
1500132880043,10.316589,-1.8335283,0.32074776
1500132880107,10.287866,-2.2069361,0.7420284
1500132880170,10.163396,-2.3888528,1.1537346
1500132880234,10.010203,-1.6994845,0.9718179
1500132880298,9.847435,-2.5899186,1.6133134
1500132880362,10.172971,-2.867581,2.7239625
1500132880425,10.555953,-3.777164,2.7431116
1500132880489,11.551707,-2.819708,2.1399143
1500132880553,13.524067,-2.8580062,1.7569319
1500132880616,13.744282,-4.7441945,1.8814012
1500132880680,12.90172,-5.787822,2.88673
1500132880744,9.971905,-7.3389006,3.6335456
1500132880808,5.2133484,-8.9761505,3.844186
1500132880871,2.2260852,-8.755936,3.5760984
1500132880936,0.751603,-7.176133,2.3984275
1500132880999,-0.2441513,-6.7069798,1.0675635
1500132881062,-1.0867126,-8.095291,0.110107444
1500132881126,-2.427151,-8.286782,0.9622433
1500132881190,-4.5144053,-6.4676156,2.88673
1500132881253,-5.433563,-4.1601467,3.2218397
1500132881317,-4.8590894,-4.696322,2.819708
1500132881381,-2.8292825,-4.782493,3.6239712
1500132881445,-3.2601378,-5.3378177,3.9207826
1500132881508,-5.347392,-5.9218655,3.6239712
1500132881572,-7.4729443,-6.9271946,3.4612036
1500132881636,-7.329326,-7.5591154,3.4229054
1500132881700,-5.979313,-7.654861,3.1356685
1500132881763,-5.088879,-7.5782647,1.6420372
1500132881827,-4.2080193,-8.439975,1.0867126
1500132881891,-4.3995104,-8.679339,1.8718265
1500132881954,-4.868664,-8.861256,1.4409714
1500132882018,-5.2899446,-7.8655014,2.1303396
1500132882082,-5.433563,-7.999545,1.8335283
1500132882146,-5.0314317,-7.6452866,0.9622433
1500132882209,-5.1654754,-7.7601814,1.0484143
1500132882274,-5.941015,-8.1623125,1.4313968
1500132882337,-5.7495236,-7.9037995,0.64628285
1500132882401,-5.3378177,-8.037844,-0.59841
1500132882464,-5.452712,-7.7506065,1.7186337
1500132882528,-5.7016506,-8.018694,-0.47394073
1500132882593,-5.347392,-7.894225,0.023936402
1500132882655,-5.644203,-7.9420977,-0.062234644
1500132882719,-5.28037,-8.372953,-0.2441513
1500132882783,-5.2133484,-8.085716,-0.8281995
1500132882847,-5.2899446,-7.961247,-0.70373017
1500132882910,-4.772918,-8.334655,-1.2590547
1500132882974,-5.538883,-8.353804,-0.98139244
1500132883038,-6.3622956,-7.9037995,-1.2303311
1500132883101,-6.525063,-7.7601814,-1.5845897
1500132883165,-6.47719,-6.563361,-1.5750152
1500132883229,-6.8793216,-6.0750585,-1.5367169
1500132883292,-6.821874,-5.644203,-1.862252
1500132883356,-6.017611,-7.4537954,-1.7377827
1500132883421,-6.304848,-7.3867736,-1.7282082
1500132883484,-6.3527207,-7.12826,-1.709059
1500132883548,-6.017611,-7.156984,-1.8718265
1500132883611,-5.941015,-7.1091113,-1.9962958
1500132883675,-6.1420803,-7.2527294,-2.015445
1500132883739,-6.668681,-7.6261373,-2.187787
1500132883802,-6.0367603,-7.1857076,-1.8335283
1500132883866,-5.9697385,-7.5303917,-1.4505459
1500132883930,-6.1899533,-7.2623043,-1.9675722
1500132883993,-6.256975,-7.329326,-1.7377827
1500132884058,-6.304848,-7.0803876,-1.709059
1500132884121,-6.170804,-7.3867736,-1.4505459
1500132884185,-6.1420803,-7.702734,-1.4122477
1500132884248,-6.0367603,-7.9325233,-1.3739494
1500132884312,-5.8548436,-7.8272033,-1.2590547
1500132884376,-5.672927,-7.9325233,-0.83777404
1500132884440,-6.132506,-7.7984796,-0.8856468
1500132884503,-5.4718614,-7.788905,-1.2399056
1500132884567,-4.7058964,-8.34423,-1.4218222
1500132884631,-5.2899446,-7.693159,-2.800559
1500132884694,-5.28037,-7.02294,-2.5899186
1500132884758,-5.0984535,-8.037844,-2.4463003
1500132884822,-5.261221,-8.286782,-2.3026817
1500132884886,-5.222923,-8.23891,-1.8239537
1500132884949,-5.4239883,-7.9420977,-0.92394507
1500132885013,-5.529309,-7.875076,-0.8856468
1500132885077,-5.759098,-7.894225,-1.1728836
1500132885140,-5.759098,-7.6835847,-0.6750065
1500132885204,-5.845269,-7.4442205,-0.062234644
1500132885268,-5.8165455,-7.396348,0.023936402
1500132885332,-6.0559096,-7.2718787,0.062234644
1500132885396,-6.2665496,-7.4729443,0.014361841
1500132885459,-6.6591067,-7.7601814,-0.10053288
1500132885523,-7.204857,-8.420826,0.19627848
1500132885586,-7.7506065,-8.765511,0.34947145
1500132885650,-8.334655,-7.3771987,1.3739494
1500132885714,-8.401677,-5.500585,2.0058703
1500132885778,-8.229335,-3.7388659,2.580344
1500132885841,-7.846352,-2.2931073,2.88673
1500132885905,-7.3676243,-3.1835413,4.0931244
1500132885969,-6.611234,-2.4654493,5.0505805
1500132886032,-6.170804,-2.101616,4.9739842
1500132886096,-5.979313,-2.494173,5.682502
1500132886160,-5.49101,-1.8909757,7.003791
1500132886224,-5.06973,-1.8239537,7.846352
1500132886287,-5.021857,-2.34098,8.1623125
1500132886351,-4.389936,-2.1111906,7.9708214
1500132886415,-5.108028,-1.8143792,8.066567
1500132886479,-6.1612296,-1.4122477,7.7123084
1500132886542,-5.797396,-0.8760723,7.4537954
1500132886606,-5.960164,-2.149489,7.3197513
1500132886670,-5.0314317,-1.8431029,7.549541
1500132886733,-4.8207912,-1.0962871,8.171887
1500132886798,-5.941015,-1.4409714,7.846352
1500132886861,-6.1995277,-3.039923,6.2761245
1500132886925,-6.103782,-1.4122477,6.9463434
1500132886988,-4.772918,-1.8814012,8.411251
1500132887052,-5.672927,-2.0250196,7.4154973
1500132887116,-6.0463347,-2.0441687,6.898471
1500132887179,-5.7112255,-1.4984187,7.6740103
1500132887243,-5.586756,-2.6090677,7.4250717
1500132887307,-5.82612,-1.6611862,7.0995364
1500132887371,-5.634629,-1.622888,7.5591154
1500132887434,-5.653778,-2.2452345,7.4920936
1500132887498,-5.682502,-1.7665064,7.3771987
1500132887562,-5.4718614,-1.7856555,7.5782647
1500132887625,-5.634629,-1.9962958,7.396348
1500132887689,-5.759098,-1.8814012,7.4537954
1500132887753,-5.567607,-1.9196993,7.501668
1500132887817,-5.5580325,-1.9101248,7.3867736
1500132887880,-5.49101,-2.034594,7.4154973
1500132887944,-5.49101,-1.8431029,7.2527294
1500132888008,-5.4048395,-2.0058703,7.702734
1500132888071,-5.806971,-2.0920415,7.7601814
1500132888136,-5.3952646,-2.0250196,7.482519
1500132888199,-5.6633525,-2.101616,8.439975
1500132888262,-6.1995277,-1.3165021,9.225089
1500132888326,-6.8793216,-1.7665064,7.846352
1500132888390,-6.4484663,-0.7420284,7.2718787
1500132888455,-5.5101595,-0.69415563,7.1091113
1500132888518,-4.198445,-1.709059,6.831449
1500132888582,-1.9675722,-1.6611862,8.076141
1500132888646,-0.45479164,-3.9782298,7.9899707
1500132888709,-0.10053288,-3.8633351,8.5740185
1500132888772,0.26330042,-2.733537,9.167642
1500132888836,0.8952214,-3.8824842,10.019777
1500132888901,-0.5792609,-3.911208,9.320834
1500132888963,-0.6750065,-2.7431116,8.506997
1500132889027,-1.0867126,-2.3505547,8.688913
1500132889091,-1.79523,-1.3930986,9.531475
1500132889155,-1.8335283,-1.79523,9.464453
1500132889219,-1.3930986,-3.690993,9.177217
1500132889282,-1.622888,-3.173967,9.138918
1500132889346,-1.7569319,-1.7282082,9.378282
1500132889409,-1.5462915,-3.0016246,8.880404
1500132889473,-1.5079932,-2.867581,8.985725
1500132889537,-1.8814012,-2.3697038,9.924032
1500132889601,-2.0633178,-2.513322,8.784659
1500132889664,-1.8909757,-3.9399316,8.334655
1500132889728,-2.5516202,-2.9537518,9.119769
1500132889792,-3.020774,-2.4175766,8.334655
1500132889855,-2.752686,-0.90479594,8.909128
1500132889919,-2.3888528,-2.2165108,8.947427
1500132889983,-1.3356512,-2.905879,8.995299
1500132890046,-0.7994758,-2.972901,9.119769
1500132890110,-0.32074776,-3.078221,9.167642
1500132890174,0.32074776,-3.690993,8.688913
1500132890238,0.5313881,-4.0644007,8.9761505
1500132890301,0.4164934,-3.2697124,9.359133
1500132890365,0.7228793,-3.2505634,9.636795
1500132890429,1.0005416,-2.800559,9.483603
1500132890493,0.6845811,-2.4463003,9.18679
1500132890556,-0.11968201,-2.666515,8.803808
1500132890620,-0.4835153,-2.6952388,8.746361
1500132890684,-0.47394073,-3.3367343,9.110194
1500132890748,-0.22500217,-3.4133308,9.167642
1500132890811,-0.4164934,-3.7292912,8.995299
1500132890875,0.0,-2.7048132,9.196365
1500132890939,-0.03351096,-2.2069361,9.272962
1500132891002,-0.28244954,-2.5228968,9.167642
1500132891066,0.33032233,-2.5037475,9.502751
1500132891130,0.2441513,-2.2931073,9.41658
1500132891193,-0.8952214,-2.905879,8.602742
1500132891257,-1.0675635,-3.3750327,8.679339
1500132891321,-0.6750065,-3.2218397,9.138918
1500132891384,-0.3398969,-3.3271596,9.426155
1500132891449,-0.110107444,-2.3697038,9.943181
1500132891512,-0.110107444,-1.6994845,8.822957
1500132891576,-0.110107444,-1.8335283,9.253813
1500132891640,-0.11968201,-1.4792696,9.96233
1500132891703,-0.13883112,-1.8335283,9.272962
1500132891767,0.023936402,-1.9388485,9.799562
1500132891831,-0.0718092,-1.9771467,8.9761505
1500132891894,-0.023936402,-2.0633178,9.359133
1500132891958,-0.12925656,-1.9388485,9.464453
1500132892022,-0.062234644,-2.187787,9.0814705
1500132892085,0.0718092,-2.0824668,10.105948
1500132892149,0.10053288,-2.7048132,9.253813
1500132892213,1.0005416,-3.3558834,9.5219
1500132892277,1.0292653,-3.3750327,9.569773
1500132892340,0.33032233,-2.187787,9.024023
1500132892404,-1.4505459,-1.383524,8.372953
1500132892468,-2.2356598,-0.9718179,8.794233
1500132892531,-2.9346027,-0.36862057,8.7750845
1500132892595,-4.150572,-0.6845811,7.855927
1500132892659,-4.5527034,-0.9526688,7.5591154
1500132892723,-5.328243,-1.8143792,7.3389006
1500132892786,-6.170804,-2.7239625,7.310177
1500132892850,-6.5059137,-3.2601378,7.0708127
1500132892914,-6.5729356,-3.212265,6.7069798
1500132892977,-6.544212,-3.1356685,6.285699
1500132893041,-6.6495323,-3.2888615,6.1229315
1500132893106,-6.6591067,-3.7101421,5.941015
1500132893169,-6.611234,-3.8154624,5.9027166
1500132893232,-6.525063,-4.3133397,5.797396
1500132893296,-6.410168,-4.801642,5.7686725
1500132893360,-6.391019,-4.4186597,5.7686725
1500132893423,-6.4963393,-4.5144053,5.653778
1500132893487,-6.4293175,-4.581427,5.5963306
1500132893552,-6.256975,-4.772918,5.5771813
1500132893615,-6.1899533,-4.581427,5.682502
1500132893679,-6.285699,-4.504831,5.529309
1500132893743,-6.2378263,-4.8207912,5.519734
1500132893806,-6.1995277,-4.8303657,5.7016506
1500132893869,-6.2952733,-4.7537694,5.644203
1500132893933,-6.180379,-4.763344,5.5484576
1500132893997,-6.1612296,-4.8207912,5.5484576
1500132894061,-6.1995277,-4.772918,5.6154795
1500132894124,-6.2474008,-4.7920675,5.605905
1500132894188,-6.1612296,-4.811217,5.634629
1500132894252,-6.1229315,-4.811217,5.5580325
1500132894316,-6.1899533,-4.658024,5.5484576
1500132894379,-6.0750585,-4.849515,5.4048395
1500132894443,-5.941015,-4.610151,5.376116
1500132894507,-6.611234,-4.9069624,5.328243
1500132894570,-6.716554,-4.5622783,5.433563
1500132894634,-7.1474094,-4.772918,4.3995104
1500132894698,-7.176133,-5.3186684,4.0931244
1500132894762,-6.6495323,-5.4239883,4.3324885
1500132894825,-6.5825105,-5.3569665,4.4856815
1500132894889,-6.458041,-5.222923,4.7920675
1500132894953,-6.3814445,-5.2037735,4.9739842
1500132895018,-6.4484663,-5.146326,4.8782387
1500132895080,-6.592085,-5.1367517,4.7058964
1500132895144,-6.6495323,-5.28037,4.619725
1500132895207,-6.6495323,-5.2516465,4.6005764
1500132895271,-6.6591067,-5.299519,4.543129
1500132895336,-6.6208086,-5.3186684,4.619725
1500132895399,-6.611234,-5.261221,4.6771727
1500132895462,-6.6016593,-5.2037735,4.5910015
1500132895526,-6.6208086,-5.261221,4.4186597
1500132895590,-6.611234,-5.328243,4.3612123
1500132895653,-6.5729356,-5.3952646,4.476107
1500132895717,-6.6208086,-5.376116,4.5335546
1500132895781,-6.611234,-5.4718614,4.5335546
1500132895845,-6.5729356,-5.462287,4.4856815
1500132895908,-6.515488,-5.481436,4.4856815
1500132895972,-6.4963393,-5.414414,4.5144053
1500132896036,-6.5059137,-5.538883,4.466532
1500132896100,-6.525063,-5.653778,4.456958
1500132896164,-6.5346375,-5.5963306,4.4186597
1500132896227,-6.4963393,-5.500585,4.3995104
1500132896291,-6.525063,-5.500585,4.3612123
1500132896354,-6.525063,-5.5101595,4.3995104
1500132896418,-6.5825105,-5.5484576,4.342063
1500132896482,-6.5537868,-5.538883,4.3612123
1500132896545,-6.5537868,-5.5963306,4.3707867
1500132896609,-6.5346375,-5.634629,4.3803616
1500132896673,-6.5537868,-5.5580325,4.322914
1500132896737,-6.544212,-5.5484576,4.275041
1500132896800,-6.515488,-5.462287,4.2558923
1500132896864,-6.4293175,-5.462287,4.150572
1500132896928,-6.2761245,-5.529309,4.121848
1500132896991,-6.1229315,-5.7208,4.0931244
1500132897055,-6.0367603,-5.7016506,4.0261025
1500132897119,-5.7686725,-5.4239883,3.8920588
1500132897184,-5.481436,-5.3952646,3.671844
1500132897246,-5.261221,-5.519734,4.8303657
1500132897310,-6.4293175,-3.1452432,3.9782298
1500132897374,-6.113357,-2.1303396,3.0016246
1500132897437,-5.82612,-4.5144053,2.360129
1500132897502,-5.7303743,-5.8644185,3.1356685
1500132897565,-6.1420803,-7.7984796,5.1271772
1500132897629,-7.003791,-8.171887,5.347392
1500132897692,-6.8793216,-8.516571,5.2420716
1500132897756,-7.1665583,-7.348475,4.8207912
1500132897821,-7.7601814,-6.256975,4.6005764
1500132897884,-7.4059224,-6.132506,3.8346114
1500132897947,-5.873993,-5.529309,3.7101421
1500132898011,-4.3133397,-4.8207912,3.499502
1500132898075,-2.513322,-5.797396,3.4899273
1500132898139,-2.015445,-7.243155,3.8824842
1500132898202,0.34947145,-8.095291,5.041006
1500132898266,2.1111906,-10.287866,4.0069537
1500132898330,3.4324799,-8.813383,3.4803526
1500132898393,5.519734,-9.5219,2.4654493
1500132898457,6.6591067,-8.995299,1.9675722
1500132898521,8.028269,-9.177217,-3.384607
1500132898584,9.684668,-11.168725,-7.5303917
1500132898649,8.822957,-4.696322,1.0005416
1500132898712,5.988888,-5.7495236,-2.149489
1500132898776,6.2665496,-8.066567,-4.2558923
1500132898840,6.4484663,-7.1186857,-3.3175852
1500132898903,6.410168,-6.8888965,-1.7473572
1500132898967,6.2761245,-7.3006024,-2.3026817
1500132899030,5.8835673,-8.037844,-2.6569405
1500132899094,5.347392,-8.037844,-2.1782124
1500132899158,5.5963306,-8.411251,-2.149489
1500132899222,6.094208,-8.947427,-1.8335283
1500132899285,5.28037,-8.210186,-0.5218136
1500132899349,4.543129,-9.167642,-0.03351096
1500132899413,3.6335456,-8.889979,0.5505372
1500132899477,5.0505805,-7.5399666,1.6037389
1500132899540,7.9803963,-7.4154973,1.2973529
1500132899605,6.850598,-7.2910275,0.8760723
1500132899668,5.941015,-8.822957,2.2356598
1500132899731,5.155901,-7.9899707,1.1633091
1500132899795,5.28037,-8.698488,0.5792609
1500132899859,4.4090853,-9.158067,-1.8048047
1500132899922,3.3558834,-9.54105,-2.580344
1500132899986,4.045252,-9.703817,-2.8388572
1500132900050,4.3803616,-6.1899533,-1.929274
1500132900114,6.3814445,-4.495256,0.8952214
1500132900177,5.988888,-5.5963306,-1.8526775
1500132900241,4.198445,-6.6495323,-6.5729356
1500132900305,5.0122824,-11.101703,-6.3622956
1500132900369,6.6495323,-9.244238,-5.414414
1500132900432,9.158067,-6.5346375,-2.8484318
1500132900496,6.8601727,-6.2474008,-3.4612036
1500132900560,5.692076,-7.616563,-3.7101421
1500132900623,5.232497,-7.511243,-3.4420545
1500132900687,5.7686725,-7.042089,-0.043085523
1500132900751,1.4409714,-8.095291,-2.5899186
1500132900815,3.5378,-6.850598,-2.905879
1500132900878,5.519734,-10.259142,-1.2207564
1500132900942,5.2420716,-9.091045,-2.3122563
1500132901006,5.088879,-8.372953,-3.1069448
1500132901069,4.5239797,-9.014449,-3.365458
1500132901133,3.671844,-8.755936,-4.0356774
1500132901197,2.0250196,-9.062322,-2.4845984
1500132901260,4.5335546,-8.755936,-0.76117754
1500132901324,4.849515,-8.210186,-2.3984275
1500132901388,5.1271772,-8.631466,-3.0016246
1500132901452,5.0122824,-8.621892,-2.905879
1500132901515,4.4090853,-9.071896,-2.561195
1500132901579,4.1409974,-9.445304,-2.8580062
1500132901643,4.1409974,-9.684668,-2.5228968
1500132901706,4.3612123,-9.75169,-3.039923
1500132901770,4.0069537,-8.727212,-2.714388
1500132901834,3.8346114,-8.258059,-2.0633178
1500132901898,3.9878044,-7.769756,-2.0441687
1500132901961,4.954835,-7.7793303,-3.039923
1500132902025,3.5856729,-10.029352,-4.648449
1500132902088,2.9824755,-8.928278,-4.6675982
1500132902152,2.7909844,-8.2676325,-4.0069537
1500132902216,2.8771553,-7.9899707,-3.7101421
1500132902280,3.0303483,-8.277207,-3.173967
1500132902344,2.972901,-8.717637,-3.4037561
1500132902407,2.580344,-9.0814705,-3.5569491
1500132902471,2.3984275,-9.138918,-3.7388659
1500132902535,2.187787,-9.272962,-3.365458
1500132902600,2.1207652,-9.550624,-3.173967
1500132902662,1.9867213,-9.96233,-3.059072
1500132902726,1.7665064,-9.7899885,-2.5420458
1500132902790,1.948423,-9.713391,-2.800559
1500132902853,1.6420372,-9.368708,-2.7239625
1500132902917,1.0579889,-8.813383,-2.6760898
1500132902981,0.42606795,-8.803808,-3.2984362
1500132903044,0.27287498,-9.196365,-3.7675896
1500132903108,0.14840569,-9.722966,-3.8154624
1500132903172,-1.3452257,-11.216598,-2.9441774
1500132903236,-4.0356774,-14.759185,-0.23457673
1500132903299,-5.194199,-13.734707,-0.45479164
1500132903363,-5.7303743,-10.900637,-2.360129
1500132903427,-5.9697385,-7.1857076,-1.1920328
1500132903490,-5.682502,-4.9835587,-1.1345854
1500132903554,-3.604822,-5.433563,-1.7473572
1500132903618,-1.9101248,-6.9654927,-2.1111906
1500132903681,-1.7665064,-7.051664,0.92394507
1500132903745,-2.3792782,-6.5059137,0.751603
1500132903810,-4.0644007,-7.664436,-1.8335283
1500132903873,-3.9207826,-7.635712,-2.7048132
1500132903937,-2.819708,-9.024023,-1.8431029
1500132904001,-4.456958,-9.41658,0.32074776
1500132904065,-5.5771813,-8.4686985,-2.8963046
1500132904128,-4.5144053,-7.5591154,-0.6845811
1500132904191,-5.2516465,-7.7793303,-1.5367169
1500132904255,-5.366541,-7.3867736,-1.4026731
1500132904319,-6.094208,-8.2676325,-1.9005502
1500132904382,-6.2282515,-8.085716,-1.6037389
1500132904447,-6.0463347,-6.869747,-1.0867126
1500132904510,-6.7069798,-6.4963393,-0.7324539
1500132904575,-7.176133,-6.9271946,-1.2877784
1500132904637,-7.7506065,-6.6878304,-1.6803354
1500132904702,-7.769756,-6.1899533,-0.99096704
1500132904765,-7.7123084,-6.3527207,-1.3643749
1500132904829,-7.281453,-6.323997,-0.98139244
1500132904892,-7.042089,-5.739949,-0.85692316
1500132904956,-7.156984,-5.481436,-0.70373017
1500132905019,-7.0612383,-5.519734,-0.5505372
1500132905084,-7.0325146,-5.9314404,-0.8664977
1500132905147,-6.975067,-6.1612296,-0.92394507
1500132905211,-7.1474094,-5.9218655,-1.0771381
1500132905274,-7.089962,-5.8548436,-1.0675635
1500132905338,-6.9463434,-6.1612296,-1.1920328
1500132905402,-6.821874,-6.410168,-1.3356512
1500132905467,-6.9080453,-6.639958,-1.8048047
1500132905529,-6.850598,-6.630383,-2.1303396
1500132905593,-6.9559183,-7.02294,-2.7622607
1500132905657,-6.7548523,-7.2335806,-3.3271596
1500132905720,-6.936769,-7.3006024,-3.5090764
1500132905785,-6.850598,-7.396348,-3.844186
1500132905848,-6.7069798,-7.587839,-3.9495063
1500132905912,-6.3527207,-6.8122997,-3.2792869
1500132905975,-5.979313,-7.1091113,-3.346309
1500132906040,-7.1665583,-7.549541,-5.309094
1500132906103,-4.0644007,-7.1665583,-1.9579976
1500132906166,-4.0739756,-5.376116,-3.126094
1500132906230,-5.0984535,-7.2240057,-5.261221
1500132906294,-5.49101,-7.3006024,-5.4431376
1500132906359,-2.6186423,-9.655944,-3.4133308
1500132906421,-2.9441774,-9.272962,-4.849515
1500132906485,-3.9878044,-8.210186,-4.351638
1500132906549,-3.9782298,-9.397431,-4.1888704
1500132906612,-3.4420545,-7.2240057,-3.2984362
1500132906677,-3.5760984,-7.693159,-2.8580062
1500132906740,-3.8920588,-8.545295,-2.5516202
1500132906804,-3.1165195,-7.7601814,-1.6899099
1500132906867,-1.2973529,-11.561282,-1.2686293
1500132906931,-3.1835413,-10.220843,-0.6558574
1500132906996,-1.622888,-7.999545,-0.56011176
1500132907058,-2.34098,-6.0559096,-0.78990126
1500132907122,-3.8537605,-7.9037995,-1.8814012
1500132907186,-4.9739842,-10.843189,-3.7675896
1500132907250,-6.0559096,-8.727212,-4.351638
1500132907314,-4.6867476,-5.538883,-3.3558834
1500132907377,-5.529309,-9.742115,-3.777164
1500132907441,-5.672927,-8.909128,-3.7292912
1500132907504,-6.1229315,-7.846352,-3.6143966
1500132907568,-5.692076,-7.176133,-3.6143966
1500132907633,-5.644203,-7.089962,-3.078221
1500132907696,-5.2899446,-5.8548436,-2.321831
1500132907760,-5.988888,-5.06973,-2.1303396
1500132907824,-6.4293175,-5.2899446,-3.3367343
1500132907887,-7.3867736,-5.261221,-2.34098
1500132907950,-7.4442205,-7.664436,-2.9154537
1500132908014,-4.437809,-13.016615,-6.2665496
1500132908078,-1.3356512,-5.49101,-5.49101
1500132908142,-2.8484318,-9.215514,-3.3750327
1500132908205,-4.2941904,-6.2282515,-1.9867213
1500132908269,-4.303765,-8.736787,-4.1601467
1500132908333,-3.7292912,-9.876159,-5.8548436
1500132908396,-4.868664,-7.0708127,-5.988888
1500132908460,-3.9878044,-4.610151,-4.8303657
1500132908524,-4.648449,-8.2676325,-4.926111
1500132908588,-5.38569,-9.330409,-3.6143966
1500132908651,-6.4293175,-10.354887,-2.88673
1500132908715,-5.672927,-7.8846507,-3.2601378
1500132908779,-5.0984535,-7.664436,-3.4133308
1500132908842,-4.916537,-7.999545,-3.1643922
1500132908907,-4.9069624,-7.4154973,-2.7239625
1500132908971,-5.0505805,-7.2240057,-2.5324712
1500132909035,-5.002708,-6.7357035,-2.254809
1500132909098,-4.9739842,-7.0708127,-2.0920415
1500132909161,-4.935686,-7.616563,-1.79523
1500132909225,-5.2133484,-7.999545,-1.5654407
1500132909289,-5.586756,-7.8272033,-1.2686293
1500132909353,-5.433563,-7.693159,-1.5750152
1500132909416,-4.121848,-7.808054,-2.0633178
1500132909481,-3.671844,-7.788905,-2.5707695
1500132909543,-3.2792869,-9.129343,-2.9824755
1500132909607,-3.2697124,-8.880404,-3.1643922
1500132909671,-3.193116,-8.526146,-3.5856729
1500132909734,-2.7048132,-9.617646,-4.389936
1500132909798,-2.3314054,-9.024023,-4.543129
1500132909862,-2.321831,-8.9761505,-4.4473834
1500132909926,-2.4845984,-8.258059,-4.2463174
1500132909989,-2.8388572,-8.286782,-3.825037
1500132910053,-2.714388,-8.650616,-4.0644007
1500132910117,-2.168638,-9.234664,-4.4186597
1500132910182,-1.6611862,-9.110194,-4.3133397
1500132910244,-1.4409714,-8.621892,-4.351638
1500132910308,-1.3069274,-8.727212,-4.0069537
1500132910372,-1.469695,-9.004874,-4.045252
1500132910436,-1.4313968,-9.119769,-3.9590807
1500132910499,-1.14416,-9.014449,-3.9399316
1500132910563,-1.0292653,-8.803808,-3.825037
1500132910627,-0.92394507,-8.803808,-3.6814184
1500132910690,-0.78990126,-9.148493,-3.5856729
1500132910754,-0.83777404,-9.62722,-3.8920588
1500132910818,-0.5218136,-9.407005,-3.8824842
1500132910881,-0.30159867,-8.583593,-3.6143966
1500132910945,-0.8664977,-8.4686985,-3.5378
1500132911009,-2.4175766,-9.339984,-3.4420545
1500132911072,-0.14840569,-8.497422,-2.7431116
1500132911136,0.39734426,-9.943181,-3.1165195
1500132911201,0.23457673,-9.502751,-2.8292825
1500132911264,-0.3877697,-8.784659,-4.0931244
1500132911328,-0.56011176,-9.20594,-2.666515
1500132911391,0.59841,-7.329326,-2.0250196
1500132911455,-0.6079846,-9.2825365,-6.8888965
1500132911518,-1.4505459,-10.747444,-8.641041
1500132911582,-2.0920415,-8.861256,-2.0058703
1500132911646,1.3069274,-8.4686985,1.4026731
1500132911710,2.972901,-7.9708214,3.1452432
1500132911773,7.137835,-5.146326,4.782493
1500132911837,9.071896,-5.194199,5.912291
1500132911901,8.152739,-4.342063,5.06973
1500132911965,8.152739,-4.801642,6.2378263
1500132912028,6.9271946,-3.3941817,6.6495323
1500132912093,6.7740016,-2.9154537,4.8303657
1500132912157,8.248484,-4.3324885,4.342063
1500132912219,9.043172,-4.428234,8.880404
1500132912283,8.593168,-7.176133,4.3803616
1500132912347,5.5580325,-9.876159,4.1122737
1500132912410,1.7186337,-10.642124,1.8239537
1500132912474,-1.0771381,-10.038927,0.90479594
1500132912538,-3.2888615,-7.9803963,0.7420284
1500132912602,-3.5378,-7.0708127,0.50266445
1500132912665,-4.3803616,-6.5537868,1.1058618
1500132912729,-3.8154624,-6.6208086,1.9962958
1500132912793,-4.0548263,-6.151655,2.149489
1500132912856,-3.2888615,-7.654861,2.6760898
1500132912920,-2.819708,-9.024023,2.1207652
1500132912984,-2.5899186,-9.244238,2.5037475
1500132913048,-2.5420458,-9.215514,2.8484318
1500132913111,-2.3505547,-8.899554,2.8388572
1500132913175,-2.1973617,-7.7984796,2.475024
1500132913239,-0.78032666,-8.2676325,1.8909757
1500132913303,1.4026731,-8.784659,2.3122563
1500132913366,2.800559,-9.713391,-0.34947145
1500132913430,3.126094,-9.933606,-4.6005764
1500132913494,4.169721,-8.822957,-7.1665583
1500132913557,6.4963393,-7.1665583,-7.922949
1500132913621,6.458041,-7.02294,-6.218677
1500132913685,7.2240057,-6.9176197,-5.8165455
1500132913748,8.334655,-6.391019,-5.2133484
1500132913812,8.66019,-5.538883,-5.0505805
1500132913876,8.899554,-4.3324885,-5.9027166
1500132913940,8.076141,-3.2888615,-6.1420803
1500132914004,7.3676243,-2.6569405,-4.3324885
1500132914067,6.4197426,-4.3324885,-2.8484318
1500132914131,7.664436,-4.3133397,-2.4845984
1500132914194,7.4442205,-4.5239797,-5.653778
1500132914258,7.4059224,-5.4431376,-4.428234
1500132914322,7.721883,-4.0261025,-3.9590807
1500132914386,7.46337,-2.8101335,-3.5473747
1500132914449,5.960164,-2.6282167,-4.648449
1500132914513,5.49101,-4.887813,-6.6016593
1500132914577,5.672927,-4.7537694,-6.611234
1500132914640,5.835695,-6.47719,-7.511243
1500132914704,4.5622783,-6.4293175,-7.741032
1500132914768,2.9824755,-5.452712,-7.894225
1500132914832,2.0728924,-6.0559096,-8.066567
1500132914895,2.2165108,-7.9899707,-7.9708214
1500132914959,0.2154276,-7.788905,-7.808054
1500132915023,-1.5558661,-6.7069798,-6.6878304
1500132915086,-2.494173,-6.5537868,-4.3707867
1500132915150,-3.777164,-6.7261286,-3.9016335
1500132915214,-5.155901,-6.4676156,-4.0931244
1500132915278,-5.232497,-7.961247,-5.194199
1500132915341,-5.500585,-7.1857076,-4.581427
1500132915405,-5.634629,-6.7931504,-4.6293
1500132915469,-5.7016506,-6.678256,-4.772918
1500132915532,-5.692076,-6.151655,-4.0644007
1500132915596,-5.960164,-5.692076,-4.466532
1500132915660,-5.941015,-6.170804,-4.504831
1500132915724,-5.979313,-6.1995277,-4.5622783
1500132915787,-5.797396,-6.6016593,-5.021857
1500132915851,-6.0559096,-6.525063,-5.108028
1500132915915,-5.960164,-6.1420803,-4.6675982
1500132915978,-6.0080366,-5.739949,-4.198445
1500132916042,-6.103782,-6.285699,-4.772918
1500132916106,-6.065484,-6.525063,-4.6867476
1500132916170,-6.065484,-6.4005938,-4.5910015
1500132916233,-6.113357,-6.2282515,-4.1601467
1500132916297,-6.1899533,-6.4005938,-3.997379
1500132916361,-6.2091026,-6.544212,-3.930357
1500132916424,-6.2665496,-6.525063,-3.7388659
1500132916488,-6.2378263,-6.678256,-3.518651
1500132916552,-6.0750585,-6.7261286,-3.1452432
1500132916616,-6.1229315,-6.8888965,-3.1548176
1500132916679,-6.0846334,-6.8601727,-3.039923
1500132916743,-6.0367603,-6.9176197,-2.9250283
1500132916807,-6.113357,-7.003791,-2.9633265
1500132916870,-6.0846334,-7.2527294,-3.078221
1500132916934,-6.065484,-6.975067,-2.8292825
1500132916998,-6.0846334,-6.9080453,-2.7239625
1500132917061,-6.0750585,-7.310177,-3.1452432
1500132917125,-5.998462,-7.02294,-3.039923
1500132917189,-5.9697385,-6.936769,-2.6090677
1500132917253,-5.950589,-7.0133657,-3.212265
1500132917316,-5.941015,-6.6591067,-2.9441774
1500132917380,-6.1995277,-7.0612383,-2.9250283
1500132917444,-6.0080366,-7.3006024,-2.9633265
1500132917507,-5.9218655,-7.4920936,-3.078221
1500132917571,-5.873993,-7.329326,-2.7718353
1500132917635,-5.873993,-7.176133,-2.9250283
1500132917699,-5.9027166,-7.204857,-3.1548176
1500132917762,-5.8644185,-7.2335806,-3.020774
1500132917826,-5.835695,-7.348475,-2.6952388
1500132917890,-5.941015,-7.281453,-2.9537518
1500132917953,-5.998462,-7.195282,-2.9537518
1500132918017,-5.960164,-7.0995364,-2.9346027
1500132918082,-5.988888,-7.2718787,-3.193116
1500132918146,-5.8548436,-7.310177,-2.905879
1500132918208,-6.113357,-6.9942164,-3.0303483
1500132918272,-5.8931417,-6.8122997,-2.6760898
1500132918336,-6.0559096,-6.7740016,-3.173967
1500132918399,-6.065484,-7.501668,-3.365458
1500132918463,-6.017611,-7.0612383,-3.0494976
1500132918527,-5.8644185,-7.0133657,-2.9154537
1500132918590,-6.0750585,-6.975067,-3.212265
1500132918654,-6.027186,-6.5729356,-3.4420545
1500132918718,-6.0080366,-7.02294,-3.5760984
1500132918782,-6.065484,-6.8027253,-3.6431203
1500132918845,-5.912291,-6.9176197,-3.6431203
1500132918909,-5.605905,-7.089962,-3.9495063
1500132918973,-5.912291,-6.8888965,-4.150572
1500132919036,-6.0463347,-6.065484,-3.7484405
1500132919101,-5.835695,-7.0708127,-3.997379
1500132919165,-6.065484,-6.6208086,-3.8346114
1500132919229,-5.8931417,-6.7261286,-3.758015
1500132919291,-5.6250544,-7.1091113,-4.0644007
1500132919355,-5.7303743,-6.9463434,-3.9878044
1500132919419,-6.017611,-6.9176197,-3.7867386
1500132919482,-6.0750585,-6.1612296,-3.6143966
1500132919546,-5.979313,-6.6591067,-3.9782298
1500132919610,-5.9027166,-6.8027253,-3.9207826
1500132919674,-5.9697385,-7.003791,-3.8346114
1500132919737,-6.065484,-6.7931504,-3.5760984
1500132919801,-6.0080366,-6.697405,-3.4420545
1500132919865,-6.017611,-6.7740016,-3.758015
1500132919928,-5.9697385,-6.6878304,-3.930357
1500132919992,-5.998462,-6.5059137,-4.275041
1500132920056,-6.017611,-6.2378263,-4.0644007
1500132920120,-6.132506,-6.5729356,-4.5527034
1500132920183,-6.218677,-6.2952733,-4.121848
1500132920247,-6.113357,-6.4005938,-3.930357
1500132920311,-5.941015,-6.515488,-4.169721
1500132920375,-6.065484,-6.5537868,-4.2271686
1500132920438,-6.2952733,-6.4005938,-4.2271686
1500132920502,-6.1899533,-6.2761245,-4.0739756
1500132920566,-6.027186,-6.592085,-4.0931244
1500132920630,-5.912291,-6.8601727,-4.0261025
1500132920693,-5.988888,-6.697405,-3.758015
1500132920757,-6.027186,-6.563361,-3.6814184
1500132920821,-6.0080366,-6.611234,-3.690993
1500132920884,-6.0559096,-6.8027253,-3.7484405
1500132920948,-6.0559096,-6.5537868,-3.825037
1500132921012,-6.0559096,-6.8601727,-3.825037
1500132921075,-5.845269,-6.7357035,-3.7005677
1500132921139,-5.9314404,-6.7931504,-3.8824842
1500132921204,-5.979313,-6.821874,-3.844186
1500132921266,-6.065484,-6.5537868,-3.7197168
1500132921330,-6.017611,-6.611234,-3.7484405
1500132921394,-5.941015,-6.7740016,-3.7005677
1500132921458,-5.82612,-7.0133657,-3.499502
1500132921522,-5.873993,-7.0612383,-3.7101421
1500132921585,-5.960164,-6.745278,-3.844186
1500132921649,-6.0080366,-6.697405,-3.930357
1500132921713,-5.998462,-6.6208086,-3.8824842
1500132921776,-5.941015,-6.544212,-3.8154624
1500132921840,-5.9697385,-6.9559183,-3.9016335
1500132921904,-5.8931417,-6.8888965,-3.997379
1500132921967,-5.845269,-6.630383,-4.0644007
1500132922031,-5.644203,-6.4484663,-3.930357
1500132922095,-5.9218655,-6.9271946,-4.0739756
1500132922159,-5.9697385,-6.7357035,-4.2080193
1500132922222,-5.682502,-6.7740016,-3.9207826
1500132922286,-5.739949,-6.821874,-4.2080193
1500132922350,-5.605905,-6.783576,-4.0548263
1500132922413,-5.6250544,-7.3389006,-4.3324885
1500132922477,-5.672927,-6.9559183,-3.4707782
1500132922541,-6.0080366,-7.9420977,-4.121848
1500132922605,-6.486765,-7.3197513,-2.0250196
1500132922668,-5.538883,-7.7123084,-1.8814012
1500132922732,-3.8537605,-6.639958,-2.752686
1500132922796,-0.5313881,-9.933606,-6.2665496
1500132922859,0.20585304,-10.144247,-2.5037475
1500132922923,-3.7675896,-11.063405,-3.4803526
1500132922987,-7.051664,-11.015532,-6.4293175
1500132923050,-5.8644185,-5.941015,-3.3750327
1500132923114,-5.155901,-6.1420803,0.6079846
1500132923179,-3.6622694,-4.0739756,5.17505
1500132923242,-2.4463003,-6.745278,3.173967
1500132923305,-2.187787,-8.708063,0.2920241
1500132923369,-3.1835413,-10.354887,-1.4122477
1500132923433,-2.7622607,-10.517654,-0.69415563
1500132923496,-3.7675896,-9.464453,-1.9867213
1500132923560,-3.8058877,-9.464453,-5.653778
1500132923624,-4.5335546,-8.133589,-5.7112255
1500132923688,-5.328243,-6.9080453,-6.3814445
1500132923751,-6.764427,-4.8590894,-5.4239883
1500132923815,-6.9080453,-5.682502,-5.5771813
1500132923879,-6.6878304,-4.926111,-5.366541
1500132923942,-6.0750585,-4.6388745,-4.0548263
1500132924006,-6.132506,-5.041006,-4.715471
1500132924070,-6.8601727,-5.2420716,-4.6005764
1500132924135,-7.12826,-5.021857,-3.4229054
1500132924198,-7.5303917,-4.9835587,-3.777164
1500132924262,-7.137835,-5.0122824,-3.8154624
1500132924326,-6.831449,-5.5101595,-2.9346027
1500132924388,-7.2240057,-5.7208,-2.7814097
1500132924452,-7.4250717,-5.2420716,-2.6569405
1500132924516,-7.721883,-4.9739842,-2.7048132
1500132924580,-7.616563,-4.6005764,-3.0111992
1500132924643,-7.7601814,-4.868664,-3.4899273
1500132924707,-7.7123084,-5.376116,-3.5760984
1500132924771,-7.4920936,-5.7112255,-3.6622694
1500132924834,-7.5399666,-5.8931417,-3.9878044
1500132924898,-7.434646,-5.653778,-3.7005677
1500132924962,-7.1665583,-5.759098,-3.930357
1500132925026,-6.936769,-5.845269,-3.6622694
1500132925089,-6.9176197,-6.113357,-3.2505634
1500132925153,-6.2952733,-6.323997,-2.800559
1500132925217,-6.6878304,-6.458041,-2.7622607
1500132925280,-6.668681,-6.7357035,-2.867581
1500132925344,-6.745278,-6.2282515,-3.0016246
1500132925408,-6.8027253,-5.941015,-3.078221
1500132925472,-6.8027253,-5.979313,-3.5952475
1500132925535,-6.8027253,-6.2665496,-3.777164
1500132925599,-6.764427,-6.3527207,-3.346309
1500132925663,-6.6495323,-6.4484663,-3.2409887
1500132925726,-6.630383,-6.304848,-3.3558834
1500132925790,-6.592085,-6.3144226,-3.346309
1500132925854,-6.525063,-6.4197426,-3.3558834
1500132925918,-6.4963393,-6.3144226,-3.2697124
1500132925981,-6.5537868,-6.2282515,-3.3750327
1500132926045,-6.6208086,-6.1612296,-3.5569491
1500132926109,-6.630383,-6.3814445,-3.5856729
1500132926172,-6.4963393,-6.7261286,-3.499502
1500132926236,-6.4484663,-6.745278,-3.4803526
1500132926300,-6.458041,-6.515488,-3.3175852
1500132926365,-6.5059137,-6.218677,-3.3941817
1500132926427,-6.4963393,-6.2952733,-3.4707782
1500132926491,-6.37187,-6.563361,-3.4229054
1500132926555,-6.304848,-6.7740016,-3.3367343
1500132926618,-6.391019,-6.5825105,-3.3558834
1500132926682,-6.438892,-6.3431463,-3.4324799
1500132926746,-6.5059137,-6.323997,-3.4420545
1500132926810,-6.486765,-6.4293175,-3.4707782
1500132926873,-6.47719,-6.5059137,-3.4803526
1500132926937,-6.4293175,-6.525063,-3.4324799
1500132927001,-6.410168,-6.458041,-3.4229054
1500132927064,-6.410168,-6.3144226,-3.5473747
1500132927128,-6.47719,-6.1995277,-3.4899273
1500132927192,-6.544212,-6.5346375,-3.5760984
1500132927255,-6.5825105,-6.6495323,-3.5378
1500132927319,-6.3814445,-6.6495323,-3.518651
1500132927383,-6.304848,-6.4484663,-3.2505634
1500132927447,-6.438892,-6.1899533,-3.7005677
1500132927510,-6.0750585,-6.304848,-3.7963133
1500132927574,-6.151655,-6.5729356,-4.131423
1500132927638,-6.544212,-7.156984,-3.3367343
1500132927703,-6.9271946,-7.4920936,-3.2218397
1500132927765,-7.137835,-6.898471,-3.2697124
1500132927829,-6.7931504,-6.180379,-2.5228968
1500132927893,-6.3527207,-5.960164,-2.8101335
1500132927956,-6.0750585,-5.9697385,-2.6282167
1500132928021,-6.544212,-5.653778,-2.8388572
1500132928084,-7.329326,-5.7208,-2.3888528
1500132928148,-7.8176284,-6.094208,-2.3792782
1500132928211,-7.693159,-5.49101,-3.1452432
1500132928275,-7.511243,-5.261221,-2.9346027
1500132928339,-7.664436,-5.5484576,-2.8101335
1500132928402,-7.4059224,-5.6250544,-3.1069448
1500132928466,-7.2144313,-5.6250544,-2.9441774
1500132928530,-7.195282,-5.5963306,-2.8484318
1500132928593,-7.2910275,-5.787822,-2.9346027
1500132928657,-7.281453,-5.979313,-2.905879
1500132928721,-7.281453,-5.845269,-3.0877957
1500132928785,-7.1857076,-5.644203,-3.039923
1500132928848,-7.1091113,-5.988888,-2.8580062
1500132928912,-6.4963393,-6.678256,-2.34098
1500132928976,-4.8782387,-7.721883,-2.427151
1500132929039,-5.1176023,-9.177217,-3.6143966
1500132929103,-7.7506065,-7.281453,-5.1367517
