1500079718290,-9.560199,-1.5845897,0.15798025
1500079718354,-9.5889225,-1.4505459,0.25372586
1500079718418,-9.761265,-1.3739494,0.2441513
1500079718482,-9.579348,-1.3260766,0.3877697
1500079718546,-9.5219,-1.2782038,0.3111732
1500079718609,-9.6942425,-1.3260766,0.17712937
1500079718673,-9.598496,-1.2303311,0.2154276
1500079718737,-9.560199,-1.3356512,0.03351096
1500079718800,-9.608071,-1.4313968,0.110107444
1500079718864,-11.101703,-1.4792696,0.8186249
1500079718928,-12.604909,-3.8537605,-0.17712937
1500079718991,-12.154904,-5.5101595,-0.17712937
1500079719055,-9.330409,-7.1186857,-1.2877784
1500079719119,-4.96441,-10.527229,-6.0750585
1500079719183,-1.1537346,-9.991054,-6.984642
1500079719246,-1.5654407,-5.634629,-3.604822
1500079719310,-0.5505372,-2.6569405,-1.383524
1500079719374,3.126094,-4.4856815,-2.5420458
1500079719437,5.979313,-5.8644185,-2.149489
1500079719501,6.170804,-8.363379,-2.714388
1500079719565,5.912291,-8.392102,-2.733537
1500079719628,5.787822,-8.143164,-2.1303396
1500079719692,5.692076,-8.085716,-1.3069274
1500079719756,5.309094,-8.191036,-2.7814097
1500079719820,5.605905,-7.7984796,-1.2111819
1500079719883,6.3814445,-9.426155,-0.63670826
1500079719947,6.783576,-8.32508,-0.5505372
1500079720011,6.525063,-9.301685,-0.8186249
1500079720074,6.5729356,-7.693159,-1.3069274
1500079720138,6.065484,-5.605905,-0.0718092
1500079720202,5.960164,-4.2271686,1.6324625
1500079720266,6.831449,-4.150572,3.5952475
1500079720329,6.831449,-4.715471,3.384607
1500079720393,5.988888,-6.458041,2.3314054
1500079720457,6.6016593,-4.916537,2.9154537
1500079720520,6.2378263,-7.846352,-0.40691882
1500079720584,6.218677,-9.435729,-0.19627848
1500079720648,5.7686725,-9.598496,-0.78032666
1500079720712,4.6867476,-8.382527,2.2643836
1500079720775,4.83994,-6.6878304,6.3622956
1500079720839,3.6143966,-5.146326,7.2527294
1500079720903,2.7622607,-6.4197426,6.2378263
1500079720966,2.1782124,-6.2091026,6.333572
1500079721030,1.5271424,-5.797396,6.8888965
1500079721094,0.56011176,-6.0559096,7.4920936
1500079721158,-0.6558574,-6.3431463,8.315506
1500079721221,-1.3930986,-6.6208086,8.755936
1500079721285,-1.2782038,-5.950589,8.535721
1500079721349,-0.9622433,-5.9027166,8.55487
1500079721412,-1.8431029,-6.8122997,8.32508
1500079721476,-1.9962958,-5.912291,7.4154973
1500079721540,-0.9430942,-4.9835587,6.9463434
1500079721604,-0.9430942,-4.456958,6.017611
1500079721668,-1.1728836,-4.3133397,5.873993
1500079721732,-0.44521707,-6.9559183,8.631466
1500079721795,-2.2835326,-7.6452866,11.149575
1500079721859,-3.6622694,-1.8909757,8.104865
1500079721922,-0.6271337,-3.4324799,5.797396
1500079721986,0.014361841,-9.110194,8.047418
1500079722050,-1.5271424,-5.7112255,8.420826
1500079722113,-1.1537346,-2.3697038,7.664436
1500079722177,0.46436617,-6.745278,8.439975
1500079722241,-0.6750065,-6.630383,8.612317
1500079722304,-1.2973529,-4.5335546,8.171887
1500079722368,-0.8090504,-4.849515,8.191036
1500079722432,-1.0196906,-4.5144053,6.6878304
1500079722495,-0.7420284,-5.155901,6.6495323
1500079722559,-0.70373017,-7.4920936,9.703817
1500079722623,-2.3697038,-4.96441,9.493176
1500079722686,-0.8186249,-3.212265,5.998462
1500079722750,0.8664977,-6.5059137,6.37187
1500079722814,-0.32074776,-9.071896,8.918703
1500079722878,-1.6611862,-2.5324712,8.957002
1500079722941,-0.2920241,-4.4856815,7.8655014
1500079723005,-0.2920241,-6.525063,8.066567
1500079723069,-1.0196906,-5.194199,8.11444
1500079723133,-0.49308985,-5.366541,7.922949
1500079723196,-0.30159867,-4.619725,6.218677
1500079723260,0.10053288,-4.303765,5.8644185
1500079723324,-0.014361841,-1.9579976,4.715471
1500079723387,-4.1026993,-1.7569319,1.5845897
1500079723451,-8.612317,-2.034594,-1.3165021
1500079723516,-14.519821,-9.41658,-9.349558
1500079723579,-13.370873,-8.5740185,-6.5729356
1500079723651,-10.536804,-3.997379,-3.7675896
1500079723706,-9.397431,-2.1111906,-2.254809
1500079723770,-10.19212,-3.4803526,-2.015445
1500079723833,-9.129343,-4.543129,-0.27287498
1500079723897,-7.46337,-6.0559096,-1.2973529
1500079723961,-6.027186,-8.363379,-4.495256
1500079724025,-7.8272033,-9.215514,-6.1612296
1500079724088,-12.7964,-6.017611,-4.7441945
1500079724152,-11.379365,-3.3175852,-1.4409714
1500079724216,-3.777164,-5.002708,-2.800559
1500079724280,-1.0675635,-7.3867736,-2.0633178
1500079724343,-4.131423,-5.17505,-1.7856555
1500079724407,-4.3803616,-4.543129,-1.1250108
1500079724471,-4.696322,-6.3431463,-2.0920415
1500079724534,-5.49101,-5.8548436,-1.0867126
1500079724598,-7.3867736,-8.746361,-2.187787
1500079724662,-8.497422,-6.984642,-1.622888
1500079724725,-8.966576,-6.898471,-1.7569319
1500079724789,-8.23891,-7.1091113,-2.5037475
1500079724853,-7.0133657,-6.486765,-1.622888
1500079724916,-7.35805,-6.4197426,-1.7856555
1500079724980,-7.511243,-5.586756,-0.5792609
1500079725044,-9.091045,-3.8824842,0.110107444
1500079725108,-11.005958,-4.763344,-2.1207652
1500079725180,-9.158067,-3.7484405,-1.6516117
1500079725235,-8.411251,-2.6377914,-1.6707608
1500079725299,-7.6261373,-3.997379,-2.2069361
1500079725362,-8.947427,-3.7292912,-1.6994845
1500079725426,-9.244238,-3.5473747,-1.3165021
1500079725490,-8.334655,-3.173967,-0.20585304
1500079725553,-8.909128,-3.346309,-0.45479164
1500079725617,-8.497422,-2.3505547,0.081383765
1500079725681,-9.828286,-2.4558747,0.39734426
1500079725745,-10.996383,-4.428234,0.7994758
1500079725808,-10.316589,-4.811217,-0.9526688
1500079725872,-8.401677,-6.764427,-4.6867476
1500079725936,-8.593168,-8.334655,-8.6697645
1500079725999,-16.099623,-12.011286,-9.3878565
1500079726063,-8.372953,0.39734426,-4.08355
1500079726127,2.34098,-3.3175852,-0.42606795
1500079726191,-0.98139244,-5.500585,0.30159867
1500079726254,0.20585304,-6.783576,0.7420284
1500079726318,0.5792609,-7.999545,0.6558574
1500079726382,-0.2154276,-8.44955,1.4601204
1500079726446,-0.8952214,-9.014449,0.5888355
1500079726509,-2.6186423,-11.341067,0.03351096
1500079726573,-2.5899186,-10.584677,-1.1920328
1500079726637,-2.7048132,-10.326163,-0.00478728
1500079726700,-1.6611862,-9.20594,-0.19627848
1500079726764,-1.4792696,-8.612317,-1.1345854
1500079726828,-1.9388485,-10.077225,-1.6707608
1500079726891,-2.034594,-10.019777,-1.0388398
1500079726955,-0.93351966,-9.761265,-0.98139244
1500079727019,-0.8473486,-8.602742,-0.9526688
1500079727083,-2.0633178,-9.454879,-1.776081
1500079727146,-1.5941644,-9.608071,-3.7005677
1500079727210,-1.709059,-9.464453,-4.389936
1500079727274,-3.0303483,-8.401677,-5.7495236
1500079727337,-6.697405,-7.6740103,-4.5239797
1500079727401,-5.328243,-7.8176284,-4.5335546
1500079727465,-1.6516117,-9.971905,-5.0314317
1500079727529,-1.9675722,-7.664436,-3.9590807
1500079727592,-3.4133308,-8.382527,-3.8729098
1500079727656,-3.365458,-9.809137,-4.1409974
1500079727720,-1.4505459,-8.143164,-3.518651
1500079727783,-3.5569491,-9.129343,-2.972901
1500079727847,-3.7005677,-7.6261373,-1.6516117
1500079727911,-2.561195,-7.089962,-1.5367169
1500079727975,-4.5622783,-9.225089,-3.3941817
1500079728038,-3.6431203,-11.714475,-3.5569491
1500079728102,-1.9579976,-9.62722,-2.6952388
1500079728166,-2.2931073,-7.003791,-1.8526775
1500079728229,-3.6143966,-9.0814705,-2.5420458
1500079728293,-3.0973704,-9.158067,-2.8292825
1500079728357,-3.5282254,-9.004874,-2.4367256
1500079728421,-3.1548176,-10.019777,-2.6090677
1500079728484,-2.254809,-9.244238,-2.4845984
1500079728549,-2.6090677,-9.062322,-2.580344
1500079728613,-2.9154537,-9.368708,-2.321831
1500079728676,-3.126094,-8.870831,-2.2739582
1500079728740,-2.5037475,-8.382527,-2.0537431
1500079728803,-2.2643836,-7.6835847,-1.929274
1500079728866,-3.1165195,-8.995299,-2.1111906
1500079728930,-3.5569491,-10.278291,-2.8963046
1500079728994,-0.9718179,-10.172971,-2.3697038
1500079729058,-2.800559,-7.5974135,-2.101616
1500079729121,-3.5665238,-8.602742,-1.8048047
1500079729185,-3.0973704,-9.167642,-2.0537431
1500079729249,-3.4037561,-8.708063,-2.7718353
1500079729312,-2.6090677,-7.003791,-2.3026817
1500079729376,-3.4899273,-6.5825105,-2.5228968
1500079729440,-4.9739842,-6.47719,-4.0931244
1500079729504,-6.1995277,-5.519734,-3.997379
1500079729567,-8.334655,-4.926111,-2.1782124
1500079729631,-10.967659,-7.1091113,-2.408002
1500079729695,-11.503835,-6.592085,-1.1728836
1500079729758,-10.938935,-5.960164,0.49308985
1500079729822,-10.249567,-6.2474008,1.3643749
1500079729886,-10.134672,-8.037844,2.015445
1500079729950,-10.632549,-8.516571,2.4845984
1500079730013,-10.642124,-7.6452866,1.622888
1500079730077,-9.6942425,-8.200611,-0.3398969
1500079730141,-8.21976,-7.846352,-0.28244954
1500079730213,-7.434646,-9.665519,1.3260766
1500079730268,-6.438892,-9.732541,2.5324712
1500079730332,-4.581427,-8.755936,2.9537518
1500079730395,-1.9867213,-8.124015,1.9962958
1500079730459,0.30159867,-7.635712,0.56968635
1500079730523,2.513322,-7.156984,0.4164934
1500079730587,4.0356774,-6.6016593,-0.043085523
1500079730650,5.155901,-5.2899446,0.9622433
1500079730714,6.438892,-5.1271772,1.1633091
1500079730778,6.869747,-4.5335546,1.4792696
1500079730841,6.9176197,-3.3175852,2.0728924
1500079730905,7.9708214,-2.2260852,2.6090677
1500079730969,8.880404,-0.7228793,2.9633265
1500079731033,8.957002,-0.69415563,2.88673
1500079731096,8.392102,-0.69415563,3.2792869
1500079731160,8.315506,-0.6750065,3.8729098
1500079731224,8.296356,0.39734426,4.456958
1500079731287,8.803808,-0.11968201,4.2941904
1500079731351,8.937852,-0.64628285,4.1122737
1500079731415,8.861256,-1.6133134,4.08355
1500079731480,9.024023,-1.9388485,4.1409974
1500079731543,8.947427,-2.1207652,4.1888704
1500079731606,8.593168,-2.2165108,4.437809
1500079731671,8.430401,-1.8909757,4.4186597
1500079731734,8.32508,-1.8526775,4.4186597
1500079731798,8.23891,-1.7473572,4.619725
1500079731861,8.229335,-1.4122477,4.7920675
1500079731925,7.9708214,-1.6899099,4.954835
1500079731988,7.6740103,-1.6037389,4.811217
1500079732053,7.348475,-0.40691882,4.2463174
1500079732116,7.0612383,0.3398969,3.346309
1500079732180,4.5622783,-0.37819514,0.34947145
1500079732244,7.6740103,4.801642,2.7814097
1500079732307,8.545295,4.6293,4.811217
1500079732371,6.639958,1.4122477,6.3622956
1500079732434,5.433563,-1.8526775,7.137835
1500079732498,4.8782387,-4.2271686,7.2335806
1500079732562,3.7005677,-5.787822,6.094208
1500079732625,3.451629,-6.9176197,6.5729356
1500079732689,2.561195,-8.2676325,6.5346375
1500079732753,1.0867126,-8.928278,6.9176197
1500079732817,-1.1058618,-9.3878565,6.984642
1500079732880,-1.8814012,-10.488931,6.065484
1500079732944,-2.6090677,-9.569773,5.950589
1500079733008,-2.4654493,-9.330409,5.2037735
1500079733071,-2.6856642,-8.918703,4.4090853
1500079733135,-2.7909844,-8.842107,3.7675896
1500079733199,-2.9250283,-8.124015,4.3133397
1500079733262,-3.4899273,-8.32508,4.8782387
1500079733326,-3.8537605,-7.9420977,4.935686
1500079733390,-3.3941817,-8.258059,4.83994
1500079733454,-3.7197168,-8.401677,4.2654667
1500079733517,-3.930357,-7.8367777,4.7058964
1500079733581,-4.1026993,-7.1857076,5.108028
1500079733646,-4.0548263,-6.9176197,5.6633525
1500079733709,-4.169721,-6.850598,5.500585
1500079733773,-4.016528,-7.02294,5.1654754
1500079733837,-3.9878044,-7.501668,4.935686
1500079733900,-4.0644007,-7.5782647,5.146326
1500079733963,-4.1888704,-7.2718787,5.1367517
1500079734027,-4.0644007,-7.281453,5.079304
1500079734091,-4.0644007,-7.511243,4.763344
1500079734154,-4.045252,-7.281453,4.7537694
1500079734218,-4.275041,-7.2335806,4.696322
1500079734282,-4.169721,-6.9463434,5.041006
1500079734346,-4.1888704,-6.8601727,5.49101
1500079734409,-4.016528,-7.195282,5.6154795
1500079734473,-4.0739756,-7.4250717,5.021857
1500079734537,-3.8920588,-7.482519,5.1271772
1500079734601,-4.0644007,-7.3197513,4.8782387
1500079734665,-4.2941904,-6.678256,4.3707867
1500079734728,-4.2175937,-6.9654927,4.3803616
1500079734792,-4.131423,-7.3771987,5.0122824
1500079734855,-3.9782298,-7.6740103,5.3569665
1500079734919,-4.150572,-7.3389006,5.222923
1500079734983,-4.1409974,-7.2240057,5.0505805
1500079735047,-4.303765,-7.0708127,4.8973875
1500079735110,-4.1888704,-7.1091113,4.763344
1500079735174,-4.2941904,-7.2335806,4.5718527
1500079735239,-4.3803616,-6.9463434,4.916537
1500079735301,-4.342063,-7.2910275,4.8590894
1500079735365,-4.428234,-7.8655014,4.6005764
1500079735429,-4.495256,-7.7506065,4.7920675
1500079735492,-4.4856815,-7.35805,4.6771727
1500079735556,-4.275041,-7.635712,4.1601467
1500079735620,-4.3612123,-7.3197513,4.045252
1500079735683,-4.3707867,-7.2240057,4.2654667
1500079735747,-4.3995104,-7.4537954,4.456958
1500079735811,-4.198445,-7.8846507,4.3995104
1500079735875,-4.2271686,-7.7506065,4.351638
1500079735938,-4.2558923,-7.2623043,4.3995104
1500079736002,-4.504831,-7.2240057,4.389936
1500079736066,-4.351638,-7.1186857,4.504831
1500079736129,-4.169721,-7.5399666,4.3995104
1500079736193,-4.275041,-8.104865,4.1409974
1500079736257,-4.3803616,-8.066567,3.9782298
1500079736321,-4.3324885,-7.721883,3.911208
1500079736384,-4.466532,-7.5591154,3.8346114
1500079736448,-4.2654667,-8.55487,3.5090764
1500079736512,-4.131423,-8.095291,3.8729098
1500079736575,-4.303765,-7.4537954,4.2941904
1500079736639,-4.131423,-7.2718787,4.4856815
1500079736703,-4.0548263,-7.808054,3.9207826
1500079736766,-4.0739756,-7.9516726,3.6526947
1500079736830,-3.9782298,-7.894225,3.7005677
1500079736894,-4.1122737,-7.9420977,3.5569491
1500079736958,-4.0739756,-8.104865,3.5856729
1500079737021,-4.045252,-8.1623125,3.6814184
1500079737085,-4.131423,-8.200611,3.7292912
1500079737149,-4.1026993,-8.181462,3.690993
1500079737213,-4.0644007,-8.056993,3.6431203
1500079737276,-4.0931244,-7.9708214,3.8537605
1500079737340,-4.0644007,-7.8272033,3.9782298
1500079737404,-4.1026993,-7.7793303,3.8920588
1500079737467,-3.930357,-7.9420977,3.690993
1500079737531,-3.930357,-8.056993,3.5473747
1500079737595,-4.1122737,-7.8655014,3.777164
1500079737658,-4.198445,-7.5782647,4.121848
1500079737722,-4.0739756,-7.846352,3.8824842
1500079737786,-3.9782298,-7.8176284,3.4707782
1500079737850,-4.131423,-8.066567,3.6143966
1500079737913,-4.2175937,-7.999545,4.1601467
1500079737977,-4.342063,-7.654861,4.1601467
1500079738041,-4.2558923,-7.8176284,3.911208
1500079738105,-4.150572,-7.855927,3.5856729
1500079738168,-4.198445,-7.846352,3.604822
1500079738232,-4.476107,-7.6835847,3.9686553
1500079738296,-4.648449,-7.396348,4.3995104
1500079738359,-4.456958,-7.5208173,4.658024
1500079738423,-4.5239797,-7.6835847,4.5622783
1500079738487,-4.5622783,-7.3389006,4.342063
1500079738551,-4.351638,-7.4059224,4.3707867
1500079738614,-4.5910015,-7.4537954,4.3133397
1500079738678,-4.342063,-7.156984,3.9782298
1500079738742,-3.8537605,-7.6261373,3.231414
1500079738806,-4.696322,-7.922949,3.4803526
1500079738870,-4.7920675,-7.769756,4.284616
1500079738933,-4.782493,-6.9080453,4.6675982
1500079738996,-4.782493,-7.5303917,4.236743
1500079739060,-4.6005764,-7.9037995,4.2941904
1500079739124,-4.8590894,-7.549541,4.121848
1500079739188,-4.801642,-7.348475,4.0548263
1500079739251,-4.5622783,-7.195282,4.275041
1500079739315,-4.658024,-7.5591154,3.9878044
1500079739379,-4.782493,-7.8655014,4.0069537
1500079739442,-4.6005764,-7.5303917,4.1601467
1500079739506,-4.5144053,-7.549541,4.0644007
1500079739570,-4.543129,-7.654861,3.7292912
1500079739633,-4.4856815,-7.664436,3.1835413
1500079739697,-4.610151,-7.9516726,3.499502
1500079739761,-4.926111,-7.9037995,3.844186
1500079739825,-4.5144053,-7.7601814,4.1601467
1500079739888,-4.543129,-7.9420977,3.7101421
1500079739952,-4.456958,-7.961247,3.3175852
1500079740016,-4.5718527,-7.46337,3.4612036
1500079740079,-4.6005764,-7.35805,3.777164
1500079740144,-4.466532,-7.4537954,3.8920588
1500079740207,-4.581427,-7.5208173,3.6814184
1500079740272,-4.5239797,-7.855927,3.5856729
1500079740334,-4.504831,-8.028269,3.604822
1500079740398,-4.5335546,-7.9803963,3.5282254
1500079740462,-4.782493,-7.875076,3.6239712
1500079740525,-4.926111,-7.6740103,3.5378
1500079740589,-4.8303657,-7.5591154,3.8154624
1500079740653,-4.610151,-7.56869,4.131423
1500079740717,-4.7537694,-7.2240057,4.131423
1500079740780,-4.715471,-7.2527294,4.045252
1500079740844,-4.6388745,-7.4250717,4.0069537
1500079740908,-4.7441945,-7.6261373,3.825037
1500079740971,-4.916537,-7.5208173,3.6622694
1500079741035,-4.801642,-7.5974135,3.8729098
1500079741099,-4.772918,-7.46337,4.131423
1500079741162,-5.002708,-7.2144313,4.763344
1500079741226,-4.782493,-7.0803876,4.8782387
1500079741290,-4.4186597,-7.35805,3.7484405
1500079741354,-4.8782387,-7.56869,2.8388572
1500079741417,-4.83994,-7.961247,4.0356774
1500079741481,-5.041006,-7.243155,4.351638
1500079741546,-4.887813,-7.549541,4.6293
1500079741610,-5.0601554,-7.9516726,5.376116
1500079741673,-5.041006,-8.602742,4.6771727
1500079741736,-4.2463174,-9.75169,2.2260852
1500079741800,-3.690993,-11.130426,0.54096264
1500079741864,-5.041006,-8.870831,1.1920328
1500079741928,-5.328243,-6.7357035,2.6377914
1500079741991,-5.328243,-8.918703,4.0069537
1500079742056,-6.0367603,-9.359133,5.452712
1500079742118,-5.500585,-9.952756,6.3431463
1500079742182,-5.4048395,-9.474028,7.46337
1500079742246,-4.342063,-9.866585,8.478273
1500079742309,-2.6377914,-9.31126,9.196365
1500079742373,-1.4313968,-7.003791,7.5399666
1500079742437,0.19627848,-6.1229315,5.5580325
1500079742501,2.1303396,-5.538883,4.284616
1500079742564,4.389936,-4.8303657,4.581427
1500079742628,5.692076,-3.499502,4.466532
1500079742692,6.218677,-1.9196993,4.1122737
1500079742755,6.7740016,-1.8718265,3.7867386
1500079742819,7.664436,-0.7420284,4.275041
1500079742883,7.788905,0.110107444,3.6622694
1500079742947,8.32508,0.5505372,3.4899273
1500079743010,8.765511,-0.359046,3.2218397
1500079743074,8.822957,-0.70373017,3.5378
1500079743138,8.727212,-0.8473486,3.6622694
1500079743201,8.6697645,-1.0484143,3.3367343
1500079743265,8.918703,-1.2111819,3.0973704
1500079743329,8.957002,-1.5367169,2.9920502
1500079743393,9.253813,-1.9579976,3.2026904
1500079743456,9.138918,-2.3792782,3.193116
1500079743520,9.196365,-2.5994933,3.3271596
1500079743584,9.119769,-2.1303396,3.231414
1500079743648,9.100619,-2.2260852,3.346309
1500079743711,9.033598,-1.9771467,3.3080106
1500079743775,9.043172,-1.6707608,3.3558834
1500079743839,9.196365,-1.1920328,3.4707782
1500079743902,8.842107,-1.2973529,3.499502
1500079743966,8.55487,-1.5941644,3.4899273
1500079744030,8.870831,-1.5558661,3.6143966
1500079744094,9.272962,-2.0058703,3.7867386
1500079744157,9.234664,-3.1548176,3.9878044
1500079744221,8.918703,-4.150572,3.8633351
1500079744285,9.052747,-3.2984362,3.4133308
1500079744349,9.31126,-1.9771467,3.0494976
1500079744412,8.889979,-1.7569319,2.5994933
1500079744476,8.736787,-0.5888355,2.34098
1500079744540,9.062322,-0.2441513,2.2260852
1500079744603,9.320834,-0.16755481,2.3026817
1500079744667,9.349558,0.09095833,2.3314054
1500079744731,9.167642,-0.7228793,2.5037475
1500079744794,8.851681,-1.1058618,2.6282167
1500079744858,8.641041,-1.6420372,3.0016246
1500079744922,8.411251,-1.8048047,3.3750327
1500079744986,8.047418,-2.4654493,3.6143966
1500079745049,7.7314577,-2.9154537,3.9495063
1500079745113,7.4729443,-3.2218397,4.169721
1500079745177,6.9463434,-3.7867386,4.5144053
1500079745240,6.256975,-4.648449,4.6771727
1500079745304,5.82612,-4.9069624,4.887813
1500079745368,5.28037,-5.835695,5.041006
1500079745432,4.5910015,-6.0463347,5.2899446
1500079745495,4.0931244,-6.2282515,5.797396
1500079745559,3.4133308,-6.8122997,6.094208
1500079745623,2.475024,-7.549541,6.218677
1500079745686,2.1399143,-7.9516726,6.4005938
1500079745750,1.7569319,-8.143164,6.2761245
1500079745814,1.2016073,-8.32508,6.0463347
1500079745878,0.8760723,-8.277207,5.7782474
1500079745941,0.7994758,-8.679339,5.797396
1500079746005,0.20585304,-8.746361,6.103782
1500079746069,-0.28244954,-7.7793303,6.2952733
1500079746132,-0.4835153,-7.654861,6.2761245
1500079746196,-0.8473486,-7.7984796,6.2474008
1500079746260,-0.9526688,-8.1623125,6.256975
1500079746324,-1.2303311,-7.999545,6.113357
1500079746387,-1.4122477,-8.171887,5.739949
1500079746451,-1.5175679,-7.9803963,5.567607
1500079746515,-1.4601204,-7.8367777,5.6250544
1500079746578,-1.6803354,-7.9420977,5.6154795
1500079746642,-1.8909757,-7.8655014,5.5580325
1500079746706,-1.8526775,-7.894225,5.2707953
1500079746770,-1.862252,-7.8655014,5.2037735
1500079746833,-2.0441687,-7.788905,5.414414
1500079746897,-2.2835326,-7.2527294,5.155901
1500079746961,-2.3697038,-6.0846334,6.0846334
1500079747025,-3.3558834,-4.5910015,6.515488
1500079747088,-4.0644007,-3.5665238,7.9037995
1500079747152,-4.801642,-4.9452605,9.445304
1500079747216,-3.911208,-5.3952646,9.617646
1500079747279,-3.3558834,-0.6750065,9.847435
1500079747343,-3.9016335,-0.93351966,9.7899885
1500079747407,-3.5473747,-2.9346027,7.089962
1500079747470,-4.1888704,-2.034594,7.434646
1500079747534,-3.8346114,-0.49308985,8.334655
1500079747598,-3.499502,-3.7963133,10.239992
1500079747662,-3.604822,-1.5845897,8.037844
1500079747725,-3.5473747,-2.819708,8.181462
1500079747789,-3.518651,-1.6899099,8.736787
1500079747853,-3.5378,-2.3026817,8.516571
1500079747916,-3.4899273,-3.0111992,8.822957
1500079747980,-3.499502,-2.8771553,8.7750845
1500079748044,-3.5282254,-2.408002,8.028269
1500079748108,-3.346309,-1.9579976,8.2676325
1500079748171,-3.5952475,-2.4175766,8.755936
1500079748235,-4.045252,-1.0388398,8.526146
1500079748299,-3.4899273,-2.0824668,8.6697645
1500079748362,-3.7197168,-2.1590633,8.9761505
1500079748426,-3.7867386,-1.3260766,8.34423
1500079748490,-4.1122737,-1.8335283,8.545295
1500079748553,-3.844186,-2.34098,8.957002
1500079748617,-4.016528,-1.4984187,8.439975
1500079748681,-3.9878044,-2.1207652,8.334655
1500079748745,-4.131423,-2.254809,8.191036
1500079748808,-4.1026993,-0.99096704,8.66019
1500079748872,-4.169721,-1.7856555,8.641041
1500079748936,-4.131423,-1.9101248,8.210186
1500079749000,-3.6143966,-2.3697038,8.286782
1500079749064,-4.150572,-2.254809,8.937852
1500079749127,-3.9590807,-2.2643836,8.171887
1500079749191,-3.9016335,-1.9101248,7.875076
1500079749254,-3.7101421,-2.0824668,8.382527
1500079749318,-3.690993,-2.0058703,8.851681
1500079749382,-4.08355,-2.015445,8.842107
1500079749446,-3.9016335,-1.9196993,8.382527
1500079749509,-3.8729098,-1.9101248,8.880404
1500079749573,-3.7292912,-1.3165021,8.708063
1500079749637,-3.5282254,-0.92394507,8.286782
1500079749700,-4.2654667,-1.5175679,8.803808
1500079749764,-3.9782298,-0.93351966,8.870831
1500079749828,-3.9686553,-1.1154363,7.7793303
1500079749892,-3.604822,-1.1345854,7.6452866
1500079749955,-3.5856729,-1.7856555,8.784659
1500079750019,-3.5378,-1.2303311,10.278291
1500079750083,-3.7197168,0.00478728,9.272962
1500079750146,-3.7484405,-0.34947145,7.549541
1500079750210,-3.7101421,-1.0579889,8.037844
1500079750274,-3.3367343,-1.709059,8.803808
1500079750338,-3.5665238,-1.3069274,9.004874
1500079750401,-4.045252,-0.26330042,8.842107
1500079750465,-3.9782298,-1.4218222,8.487848
1500079750529,-3.6143966,-2.2069361,8.430401
1500079750593,-3.6814184,-2.2835326,9.158067
1500079750656,-3.7292912,-1.5079932,8.928278
1500079750720,-3.6622694,-1.6133134,8.526146
1500079750784,-3.4899273,-1.5941644,8.593168
1500079750847,-3.173967,-2.360129,8.631466
1500079750911,-3.671844,-1.9005502,8.34423
1500079750975,-3.7388659,-1.4888442,8.717637
1500079751039,-3.5760984,-1.6133134,9.100619
1500079751102,-3.6143966,-1.8909757,8.899554
1500079751166,-3.5665238,-1.1633091,8.315506
1500079751230,-2.7814097,-1.5462915,8.181462
1500079751293,-2.8292825,-2.0728924,8.478273
1500079751357,-2.800559,-0.5888355,8.985725
1500079751421,-3.2026904,-0.5888355,9.454879
1500079751484,-3.4037561,-1.6707608,9.5219
1500079751548,-2.9824755,-0.014361841,9.493176
1500079751612,-2.9633265,-0.5505372,9.004874
1500079751676,-3.078221,0.54096264,8.880404
1500079751740,-2.666515,1.0962871,8.966576
1500079751803,-2.5420458,-1.0388398,8.353804
1500079751867,-3.2505634,-0.7420284,9.407005
1500079751932,-2.6760898,-2.0824668,8.5740185
1500079751994,-2.427151,-1.1633091,9.742115
1500079752058,-2.8580062,-2.9633265,8.698488
1500079752123,-2.9154537,-1.9196993,8.861256
1500079752186,-2.6569405,-0.8281995,8.899554
1500079752250,-2.6952388,-1.6516117,8.583593
1500079752314,-2.7718353,-2.494173,8.937852
1500079752377,-3.059072,-2.9633265,8.382527
1500079752440,-3.193116,-3.6526947,8.583593
1500079752504,-3.173967,-2.8388572,8.736787
1500079752568,-3.020774,-3.3367343,8.430401
1500079752631,-2.7909844,-2.513322,8.11444
1500079752695,-3.0303483,-3.930357,8.44955
1500079752759,-2.752686,-2.867581,8.439975
1500079752823,-3.0303483,-2.513322,8.861256
1500079752886,-3.0973704,-2.4367256,8.937852
1500079752950,-3.193116,-2.647366,8.564445
1500079753014,-3.451629,-3.1452432,8.21976
1500079753078,-3.6526947,-3.1069448,7.894225
1500079753141,-3.451629,-2.6569405,9.7899885
1500079753205,-3.231414,-2.9441774,8.784659
1500079753269,-3.2026904,-4.4856815,7.7314577
1500079753333,-3.1069448,-3.844186,7.7601814
1500079753396,-3.1835413,-4.322914,7.894225
1500079753460,-3.384607,-4.6005764,7.664436
1500079753524,-3.0303483,-4.96441,7.7123084
1500079753587,-2.7718353,-5.481436,7.721883
1500079753651,-3.0973704,-5.328243,7.6740103
1500079753715,-3.3750327,-4.5910015,7.5208173
1500079753779,-2.9346027,-5.06973,7.587839
1500079753842,-2.4845984,-5.2707953,7.4059224
1500079753906,-3.173967,-5.2707953,7.9325233
1500079753969,-3.039923,-5.17505,7.664436
1500079754034,-2.9537518,-4.6293,7.2144313
1500079754097,-3.039923,-5.2516465,7.788905
1500079754162,-3.1452432,-5.232497,7.741032
1500079754233,-3.0973704,-4.954835,7.587839
1500079754288,-3.059072,-4.715471,7.693159
1500079754352,-3.1643922,-5.376116,7.5399666
1500079754416,-3.604822,-4.887813,7.4729443
1500079754480,-3.4133308,-4.1888704,7.5208173
1500079754543,-3.2409887,-5.3186684,7.5399666
1500079754607,-3.5090764,-4.476107,7.7793303
1500079754670,-3.5378,-4.2654667,7.635712
1500079754734,-3.7005677,-4.801642,7.4920936
1500079754798,-3.4420545,-5.079304,7.5208173
1500079754862,-3.4612036,-5.0984535,7.587839
1500079754925,-3.5665238,-4.610151,7.635712
1500079754989,-3.4612036,-4.466532,7.702734
1500079755053,-3.3367343,-4.8782387,7.7793303
1500079755117,-3.3271596,-4.6388745,7.6261373
1500079755180,-3.4229054,-4.456958,7.6069884
1500079755244,-3.3941817,-4.801642,7.5974135
1500079755308,-3.173967,-4.610151,7.7314577
1500079755371,-3.0973704,-4.782493,7.769756
1500079755435,-2.9824755,-4.581427,7.9803963
1500079755499,-3.1548176,-4.6293,8.00912
1500079755563,-3.1069448,-4.658024,7.788905
1500079755626,-2.733537,-5.108028,7.7601814
1500079755690,-2.7239625,-5.1271772,7.721883
1500079755754,-2.8292825,-4.150572,7.9516726
1500079755817,-2.9537518,-6.285699,7.4250717
1500079755881,-3.126094,-4.916537,7.7984796
1500079755945,-3.1165195,-5.605905,6.7548523
1500079756009,-2.7622607,-5.538883,7.46337
1500079756072,-2.972901,-5.7208,7.46337
1500079756136,-2.9346027,-5.7016506,7.02294
1500079756200,-3.1835413,-5.6154795,7.204857
1500079756263,-2.9633265,-5.6633525,7.702734
1500079756327,-3.078221,-5.041006,7.5208173
1500079756391,-2.8101335,-5.481436,6.9080453
1500079756455,-2.8963046,-5.7495236,7.12826
1500079756518,-2.9154537,-5.759098,7.243155
1500079756582,-2.9633265,-6.47719,7.2335806
1500079756646,-3.039923,-4.8590894,7.702734
1500079756709,-3.059072,-4.2271686,7.7793303
1500079756773,-3.1165195,-4.916537,7.9708214
1500079756837,-3.1452432,-4.916537,7.846352
1500079756901,-3.3941817,-5.299519,7.635712
1500079756964,-2.5994933,-4.236743,8.478273
1500079757028,-4.389936,-4.73462,7.6835847
1500079757092,-3.0686467,-4.849515,6.8793216
1500079757155,-3.0973704,-4.8973875,6.7740016
1500079757219,-3.3941817,-5.2707953,5.998462
1500079757283,-3.4229054,-4.715471,8.688913
1500079757347,-4.3612123,-3.5760984,8.650616
1500079757410,-4.619725,-4.3995104,7.846352
1500079757474,-3.7005677,-4.6675982,7.587839
1500079757538,-3.193116,-4.5144053,7.4442205
1500079757601,-3.2505634,-4.887813,7.137835
1500079757665,-3.8154624,-4.4186597,7.511243
1500079757729,-3.8824842,-4.801642,7.8176284
1500079757793,-3.7292912,-4.5527034,7.741032
1500079757856,-3.4229054,-4.8590894,7.5399666
1500079757920,-3.3080106,-4.3324885,7.56869
1500079757984,-3.5569491,-4.610151,7.6835847
1500079758048,-3.8537605,-4.1122737,7.9516726
1500079758111,-3.8729098,-4.428234,7.8176284
1500079758175,-3.7484405,-4.236743,8.124015
1500079758239,-3.9207826,-3.9399316,8.200611
1500079758303,-3.7484405,-2.5037475,8.870831
1500079758366,-3.451629,-1.0579889,9.129343
1500079758430,-3.365458,-1.2111819,7.7123084
1500079758494,-3.3175852,-0.5505372,8.372953
1500079758557,-3.4803526,1.0388398,9.397431
1500079758621,-3.4229054,1.7186337,8.526146
1500079758685,-3.5378,0.7324539,8.047418
1500079758749,-4.1409974,0.110107444,7.6740103
1500079758812,-4.456958,1.2590547,9.234664
1500079758876,-4.648449,1.862252,9.138918
1500079758940,-5.002708,1.5750152,6.2761245
1500079759003,-4.9835587,0.2441513,4.0069537
1500079759067,-5.586756,-5.299519,3.5665238
1500079759131,-5.088879,-5.2420716,2.0250196
1500079759194,-6.4293175,-11.034681,-1.5558661
1500079759259,-5.500585,-10.737869,-2.3888528
1500079759331,-5.0122824,-10.058076,-2.7431116
1500079759386,-4.801642,-10.421909,-3.518651
1500079759449,-4.2558923,-9.675094,-2.5994933
1500079759513,-6.017611,-7.846352,-2.7622607
1500079759577,-4.0644007,-9.31126,-4.7537694
1500079759640,-4.2941904,-6.027186,-6.9654927
1500079759704,-3.6431203,-4.8303657,-6.668681
1500079759768,-1.862252,-10.469782,-4.610151
1500079759832,-3.9207826,-6.4293175,-5.8548436
1500079759895,-3.4133308,-8.191036,-5.567607
1500079759959,-2.8771553,-7.3676243,-4.9069624
1500079760023,-3.1069448,-7.089962,-3.9495063
1500079760087,-5.7782474,-8.1623125,-5.108028
1500079760150,-4.3995104,-8.947427,-4.772918
1500079760214,-2.7048132,-8.124015,-4.581427
1500079760278,-1.7569319,-7.35805,-4.428234
1500079760341,-2.321831,-8.296356,-3.3080106
1500079760405,-0.78032666,-7.9133744,-4.4186597
1500079760469,-1.2973529,-8.181462,-4.476107
1500079760533,-1.5462915,-8.334655,-3.825037
1500079760596,-2.2452345,-7.9420977,-3.758015
1500079760660,-2.8292825,-7.961247,-3.6143966
1500079760724,-3.9686553,-8.909128,-2.752686
1500079760787,-4.1888704,-9.244238,-2.8292825
1500079760851,-3.6622694,-8.171887,-2.513322
1500079760915,-4.7920675,-7.8272033,-2.561195
1500079760979,-5.7112255,-7.8367777,-2.905879
1500079761042,-5.1271772,-8.822957,-3.7675896
1500079761106,-4.3707867,-8.794233,-4.428234
1500079761170,-4.0644007,-8.047418,-4.2941904
1500079761233,-4.08355,-7.511243,-4.275041
1500079761297,-4.782493,-7.4729443,-4.198445
1500079761361,-5.2707953,-7.6835847,-3.9782298
1500079761425,-5.452712,-7.664436,-3.825037
1500079761488,-5.0601554,-8.21976,-4.0261025
1500079761552,-4.9835587,-8.32508,-3.5856729
1500079761616,-5.0601554,-8.315506,-2.2356598
1500079761680,-4.3612123,-9.18679,-2.5324712
1500079761743,-3.997379,-10.220843,-3.231414
1500079761807,-4.322914,-9.96233,-3.5090764
1500079761871,-4.610151,-9.129343,-1.4792696
1500079761934,-4.1026993,-8.535721,-0.0718092
1500079761998,-3.8633351,-8.851681,1.6516117
1500079762062,-3.690993,-7.587839,3.231414
1500079762126,-4.0069537,-6.2952733,4.198445
1500079762189,-3.7484405,-6.4293175,4.342063
1500079762253,-3.9016335,-6.2665496,4.6293
1500079762317,-3.7388659,-6.103782,5.6633525
1500079762380,-3.4037561,-5.002708,6.333572
1500079762444,-3.4037561,-5.261221,6.4197426
1500079762508,-3.5760984,-4.772918,7.5974135
1500079762571,-3.365458,-4.466532,7.511243
1500079762635,-3.2792869,-3.6622694,7.9516726
1500079762699,-3.4707782,-3.671844,8.487848
1500079762763,-3.5473747,-3.8346114,7.702734
1500079762826,-3.7388659,-3.0877957,8.210186
1500079762890,-4.1026993,-3.0973704,8.545295
1500079762954,-4.504831,-3.690993,8.439975
1500079763018,-4.121848,-3.5952475,7.769756
1500079763081,-3.777164,-2.972901,8.7750845
1500079763145,-3.8154624,-2.8580062,8.641041
1500079763209,-4.3707867,-3.6814184,8.00912
1500079763272,-3.9782298,-4.8782387,6.8027253
1500079763336,-3.3750327,-3.499502,8.124015
1500079763400,-3.4037561,-2.8963046,9.407005
1500079763464,-3.4229054,-2.714388,8.794233
1500079763527,-3.4133308,-3.0111992,8.133589
1500079763591,-3.5665238,-2.8963046,7.961247
1500079763655,-3.3367343,-3.0016246,8.593168
1500079763718,-3.212265,-2.8101335,8.698488
1500079763782,-3.059072,-3.4420545,7.8176284
1500079763846,-3.126094,-2.6090677,8.880404
1500079763909,-3.6143966,-3.4420545,8.593168
1500079763973,-3.5282254,-3.1548176,8.037844
1500079764037,-3.2026904,-2.7718353,8.755936
1500079764101,-2.8484318,-3.3558834,8.200611
1500079764164,-2.7239625,-3.3080106,8.104865
1500079764229,-3.5856729,-1.9388485,9.368708
1500079764293,-3.4133308,-2.1207652,9.129343
1500079764356,-3.3175852,-2.4845984,8.497422
1500079764428,-3.4037561,-2.5037475,8.305931
1500079764483,-3.1643922,-3.0111992,8.641041
1500079764547,-3.2026904,-2.905879,8.5740185
1500079764611,-3.0877957,-3.1452432,8.372953
1500079764674,-3.173967,-2.8101335,8.21976
1500079764738,-3.2218397,-2.905879,8.382527
1500079764802,-3.1069448,-2.9250283,8.34423
1500079764865,-3.1643922,-2.34098,8.583593
1500079764929,-3.2697124,-1.8143792,8.784659
1500079764993,-3.3271596,-1.2207564,8.7750845
1500079765056,-3.5282254,-0.78990126,9.397431
1500079765120,-3.126094,-2.5324712,8.641041
1500079765184,-4.1026993,3.4707782,10.259142
1500079765248,-3.2792869,1.6516117,8.085716
1500079765311,-3.4133308,2.2069361,7.3197513
1500079765375,-3.690993,1.4505459,7.3006024
1500079765439,-3.4037561,2.3792782,9.780414
1500079765502,-3.518651,2.34098,9.62722
1500079765566,-3.2505634,2.015445,9.091045
1500079765630,-3.1452432,1.6803354,8.181462
1500079765694,-3.0877957,1.3165021,8.143164
1500079765757,-3.078221,1.6994845,8.181462
1500079765821,-3.1643922,2.2643836,8.803808
1500079765885,-3.0973704,1.8718265,8.880404
1500079765948,-3.039923,1.4313968,8.650616
1500079766012,-3.0973704,1.4984187,8.478273
1500079766076,-3.1356685,2.0728924,8.708063
1500079766140,-3.0303483,3.0016246,8.995299
1500079766204,-2.9920502,2.7622607,8.679339
1500079766267,-2.88673,1.5750152,8.602742
1500079766331,-2.8963046,1.3165021,8.55487
1500079766395,-2.9633265,1.2973529,8.870831
1500079766458,-3.0494976,1.8526775,9.033598
1500079766522,-2.8101335,1.6037389,8.487848
1500079766586,-2.9824755,0.7228793,8.593168
1500079766649,-2.752686,1.8335283,9.560199
1500079766713,-3.0877957,1.9005502,9.196365
1500079766777,-2.9537518,1.8814012,8.755936
1500079766840,-2.6952388,1.9867213,9.167642
1500079766904,-2.8580062,1.3930986,9.062322
1500079766968,-2.5516202,0.50266445,8.430401
1500079767032,-2.752686,1.1154363,8.9761505
1500079767095,-2.7239625,1.8814012,9.033598
1500079767159,-2.800559,1.1250108,8.9761505
1500079767223,-2.8388572,0.9622433,8.708063
1500079767287,-2.8484318,1.1920328,8.889979
1500079767350,-2.9441774,1.5367169,8.957002
1500079767414,-2.6377914,1.6324625,9.014449
1500079767478,-2.9441774,1.6516117,8.803808
1500079767541,-2.733537,1.2973529,8.602742
1500079767605,-2.9250283,1.5079932,9.100619
1500079767669,-3.039923,1.8718265,9.215514
1500079767733,-2.6952388,1.14416,8.602742
1500079767796,-2.7814097,1.4409714,8.966576
1500079767860,-2.7622607,1.5462915,8.842107
1500079767924,-2.8101335,1.2111819,8.909128
1500079767987,-3.0303483,2.0441687,8.937852
1500079768051,-2.9633265,1.7856555,8.746361
1500079768115,-2.7909844,1.7186337,8.7750845
1500079768179,-2.7622607,1.8718265,8.899554
1500079768242,-2.867581,1.6803354,8.66019
1500079768306,-2.9920502,1.3739494,8.727212
1500079768370,-2.8292825,2.015445,8.861256
1500079768433,-2.752686,1.7665064,8.708063
1500079768497,-2.8292825,1.6133134,8.698488
1500079768561,-2.5994933,1.862252,8.880404
1500079768625,-2.800559,2.2931073,8.822957
1500079768688,-2.8963046,2.3026817,8.851681
1500079768752,-3.0494976,2.1973617,8.679339
1500079768816,-2.9154537,2.2739582,8.698488
1500079768879,-2.7814097,2.6952388,8.957002
1500079768943,-2.7718353,2.2165108,8.851681
1500079769007,-2.7622607,2.0250196,8.612317
1500079769071,-2.733537,2.5420458,9.071896
1500079769134,-2.6186423,1.6324625,8.746361
1500079769198,-2.5707695,1.4888442,8.66019
1500079769261,-2.7431116,1.8048047,8.717637
1500079769326,-2.7814097,1.9962958,8.889979
1500079769390,-2.7239625,2.0250196,8.832532
1500079769454,-2.6856642,1.9771467,8.870831
1500079769517,-2.8292825,2.0537431,8.842107
1500079769580,-2.7718353,1.929274,8.889979
1500079769644,-2.9154537,1.9962958,9.339984
1500079769708,-3.078221,1.7186337,9.359133
1500079769771,-3.499502,1.4409714,9.320834
1500079769835,-3.9878044,0.27287498,10.594251
1500079769899,-3.9878044,0.9430942,10.709146
1500079769963,-1.5845897,-1.4218222,5.835695
1500079770026,-2.360129,-6.3814445,5.529309
1500079770090,-0.93351966,-7.7601814,7.6452866
1500079770154,2.666515,-3.2984362,7.8655014
1500079770217,1.776081,-5.155901,7.8272033
1500079770281,0.00478728,-5.8931417,6.7548523
1500079770345,-0.9526688,-9.6942425,4.3995104
1500079770409,-0.665432,-6.2952733,4.887813
1500079770472,-1.2399056,-7.654861,3.3750327
1500079770536,-2.88673,-12.394268,5.8835673
1500079770600,-2.3314054,-4.236743,9.598496
1500079770663,-1.8814012,-8.803808,5.8835673
1500079770727,-0.6079846,-9.445304,3.059072
1500079770791,-2.0058703,-7.2240057,5.0984535
1500079770855,-1.8048047,-8.124015,5.481436
1500079770918,-1.8909757,-8.334655,4.8207912
1500079770982,-1.7186337,-8.564445,5.041006
1500079771046,-2.149489,-7.894225,5.041006
1500079771110,-2.0633178,-8.095291,4.849515
1500079771173,-1.8239537,-8.258059,4.8207912
1500079771237,-1.9962958,-7.9133744,5.06973
1500079771301,-1.8814012,-7.6740103,5.2037735
1500079771365,-1.6420372,-8.296356,4.9835587
1500079771428,-1.5845897,-9.454879,5.108028
1500079771492,-2.1399143,-7.9037995,4.811217
1500079771556,-1.7186337,-7.961247,4.4186597
1500079771619,-1.6420372,-8.34423,4.7250457
1500079771683,-1.929274,-8.296356,4.763344
1500079771747,-1.6611862,-8.401677,4.6771727
1500079771810,-1.6803354,-8.11444,4.8782387
1500079771874,-1.7665064,-8.152739,5.2133484
1500079771938,-1.6611862,-8.248484,4.954835
1500079772002,-1.7377827,-8.11444,5.002708
1500079772065,-1.5271424,-8.305931,4.8973875
1500079772129,-1.5750152,-8.363379,5.108028
1500079772193,-1.6803354,-8.191036,4.6771727
1500079772256,-1.4122477,-8.1623125,5.108028
1500079772320,-1.2877784,-8.200611,4.9739842
1500079772384,-1.3356512,-8.133589,4.849515
1500079772448,-1.0579889,-8.2676325,5.1176023
1500079772511,-0.7228793,-8.420826,4.811217
1500079772575,-0.4356425,-8.526146,5.3378177
1500079772639,-0.5505372,-8.363379,5.2133484
1500079772702,-0.3111732,-8.459125,5.2420716
1500079772766,-0.30159867,-8.392102,5.1271772
1500079772830,-0.3877697,-8.277207,5.1271772
1500079772894,-0.37819514,-8.085716,5.2420716
1500079772957,-0.33032233,-8.286782,5.146326
1500079773021,-0.2920241,-8.171887,5.261221
1500079773085,-0.2154276,-8.363379,5.2420716
1500079773148,-0.18670394,-8.296356,5.232497
1500079773212,-0.16755481,-8.420826,5.2899446
1500079773276,-0.28244954,-8.2676325,5.155901
1500079773340,-0.2920241,-8.564445,5.3186684
1500079773403,-0.45479164,-8.286782,5.0314317
1500079773467,-0.50266445,-7.922949,5.1367517
1500079773531,-0.751603,-8.55487,5.3378177
1500079773595,-0.9430942,-8.095291,5.261221
1500079773658,-0.9622433,-8.21976,5.2420716
1500079773722,-1.0484143,-7.922949,5.17505
1500079773786,-1.2494801,-8.056993,5.5101595
1500079773849,-1.1345854,-7.9899707,5.4048395
1500079773913,-1.2877784,-7.9708214,5.5101595
1500079773977,-1.3260766,-8.028269,5.567607
1500079774040,-1.4601204,-7.875076,5.538883
1500079774105,-1.5271424,-7.8367777,5.481436
1500079774169,-1.3643749,-7.4442205,5.9027166
1500079774232,-1.2494801,-7.5782647,5.3378177
1500079774295,-1.2399056,-7.7984796,5.9314404
1500079774359,-1.0675635,-7.664436,5.835695
1500079774424,-0.9718179,-7.9803963,6.027186
1500079774487,-0.78990126,-7.6740103,5.912291
1500079774550,-0.8952214,-7.702734,5.9218655
1500079774615,-0.77075213,-7.8367777,5.9218655
1500079774678,-0.8664977,-7.7601814,6.017611
1500079774741,-0.91437054,-7.8655014,5.912291
1500079774805,-0.93351966,-7.855927,5.998462
1500079774869,-1.2973529,-8.152739,5.519734
1500079774932,-0.8952214,-6.9271946,6.0367603
1500079774996,-1.3930986,-7.434646,5.8644185
1500079775060,-1.1824582,-7.846352,5.979313
1500079775124,-1.3739494,-7.7123084,5.941015
1500079775187,-1.4122477,-7.616563,6.0463347
1500079775251,-1.5845897,-7.587839,5.912291
1500079775315,-1.4313968,-7.2718787,5.941015
1500079775378,-1.5750152,-7.5399666,5.8931417
1500079775442,-1.4792696,-7.6261373,5.960164
1500079775506,-1.6611862,-7.635712,6.027186
1500079775570,-1.6803354,-7.3676243,5.7303743
1500079775633,-1.5750152,-7.5782647,6.0846334
1500079775697,-1.7569319,-7.0708127,6.2761245
1500079775761,-1.7473572,-7.6261373,6.103782
1500079775825,-1.9005502,-7.12826,5.998462
1500079775888,-1.9388485,-7.3676243,6.2282515
1500079775952,-1.8239537,-7.348475,5.998462
1500079776016,-1.9101248,-7.2240057,6.094208
1500079776079,-1.8909757,-7.1186857,6.0750585
1500079776143,-2.1399143,-7.4920936,6.438892
1500079776207,-1.9867213,-7.2910275,6.2282515
1500079776270,-1.9867213,-7.156984,5.845269
1500079776334,-1.9771467,-7.195282,6.0559096
1500079776398,-2.1973617,-7.1186857,6.333572
1500079776462,-2.0441687,-7.2718787,6.563361
1500079776525,-2.0537431,-7.204857,6.2091026
1500079776589,-2.149489,-7.0612383,6.170804
1500079776653,-2.015445,-7.042089,6.285699
1500079776716,-2.1973617,-7.0708127,6.180379
1500079776780,-2.1207652,-7.348475,6.2952733
1500079776844,-2.0824668,-6.9654927,6.0080366
1500079776907,-2.2931073,-6.7261286,6.2952733
1500079776971,-2.168638,-7.4154973,6.8793216
1500079777035,-2.1303396,-7.0612383,6.2474008
1500079777099,-2.2452345,-6.6591067,6.180379
1500079777162,-2.1590633,-6.975067,6.3527207
1500079777226,-2.187787,-6.869747,6.5059137
1500079777290,-2.0920415,-7.0133657,6.4963393
1500079777353,-2.0920415,-6.984642,6.3527207
1500079777417,-2.1207652,-6.8888965,6.304848
1500079777481,-1.8143792,-6.850598,6.458041
1500079777545,-2.0633178,-6.4963393,6.5346375
1500079777608,-0.8952214,-7.434646,5.682502
1500079777673,-1.0771381,-7.6452866,6.8888965
1500079777736,-1.0196906,-7.4442205,6.3144226
1500079777800,-0.5313881,-7.5208173,6.458041
1500079777864,-0.8760723,-7.6740103,6.5825105
1500079777927,-0.8281995,-7.5782647,6.1995277
1500079777991,-0.98139244,-7.2144313,6.065484
1500079778054,-1.2494801,-7.5208173,6.438892
1500079778118,-1.4313968,-7.4537954,6.611234
1500079778182,-1.6037389,-7.0995364,6.4293175
1500079778245,-1.6994845,-6.592085,6.323997
1500079778309,-1.9962958,-6.6016593,6.2091026
1500079778373,-2.3026817,-7.089962,6.4197426
1500079778437,-2.3984275,-6.47719,6.6208086
1500079778500,-2.4463003,-6.486765,6.745278
1500079778564,-2.3984275,-6.678256,6.9080453
1500079778628,-2.3026817,-6.2282515,6.8888965
1500079778691,-2.321831,-6.2952733,7.1091113
1500079778755,-2.5899186,-6.2952733,7.3867736
1500079778819,-2.5899186,-6.5346375,7.195282
1500079778883,-3.4324799,-5.4718614,7.1091113
1500079778946,-3.2218397,-5.222923,6.7931504
1500079779010,-3.0016246,-5.7303743,6.630383
1500079779074,-2.9346027,-5.1846247,7.12826
1500079779137,-3.4037561,-5.835695,8.459125
1500079779201,-3.4037561,-5.002708,6.9080453
1500079779265,-3.0973704,-5.787822,6.639958
1500079779329,-3.7005677,-5.261221,8.00912
1500079779392,-3.3558834,-5.328243,6.8122997
