1500081956128,-6.9080453,5.021857,4.5527034
1500081956192,-6.898471,5.021857,4.5718527
1500081956257,-6.9271946,5.0601554,4.4856815
1500081956321,-6.9654927,4.9835587,4.543129
1500081956384,-6.9080453,5.002708,4.5527034
1500081956448,-6.9271946,4.926111,4.6867476
1500081956511,-6.9080453,5.002708,4.581427
1500081956575,-6.9271946,4.916537,4.658024
1500081956639,-6.9271946,4.8207912,4.715471
1500081956703,-6.975067,4.7537694,4.696322
1500081956767,-6.9559183,5.002708,4.5622783
1500081956831,-6.9271946,4.926111,4.6005764
1500081956895,-6.9080453,4.993133,4.648449
1500081956959,-6.9271946,4.993133,4.581427
1500081957022,-6.936769,4.935686,4.5910015
1500081957086,-6.936769,4.9069624,4.648449
1500081957150,-6.9176197,5.0314317,4.581427
1500081957214,-6.936769,4.9835587,4.5527034
1500081957278,-6.9271946,5.0505805,4.4856815
1500081957342,-6.9559183,4.868664,4.7058964
1500081957406,-6.936769,4.8782387,4.696322
1500081957470,-6.9559183,4.763344,4.6867476
1500081957533,-7.02294,4.7441945,4.7250457
1500081957597,-7.0325146,4.73462,4.696322
1500081957661,-6.975067,4.7537694,4.6771727
1500081957725,-6.984642,4.8303657,4.6293
1500081957789,-6.9463434,4.954835,4.6005764
1500081957853,-7.003791,4.9069624,4.5622783
1500081957916,-7.003791,4.868664,4.5622783
1500081957980,-6.9942164,4.887813,4.610151
1500081958044,-6.9654927,4.8973875,4.5718527
1500081958108,-7.0133657,4.8782387,4.5910015
1500081958172,-7.003791,4.849515,4.5622783
1500081958236,-7.02294,4.8782387,4.6005764
1500081958300,-7.0133657,4.8207912,4.581427
1500081958364,-7.0133657,4.849515,4.619725
1500081958428,-6.9942164,4.887813,4.581427
1500081958491,-7.003791,4.8782387,4.5910015
1500081958555,-6.9942164,4.868664,4.581427
1500081958619,-6.975067,4.8973875,4.6293
1500081958683,-6.975067,4.8973875,4.5622783
1500081958747,-6.9942164,4.9452605,4.5527034
1500081958811,-6.984642,4.9069624,4.5527034
1500081958875,-6.984642,4.9069624,4.543129
1500081958939,-7.003791,4.8973875,4.5910015
1500081959002,-6.9942164,4.868664,4.5144053
1500081959066,-7.003791,4.9069624,4.5622783
1500081959130,-6.975067,4.926111,4.5718527
1500081959194,-6.9942164,4.9069624,4.6005764
1500081959258,-7.003791,4.868664,4.581427
1500081959322,-6.9942164,4.9069624,4.543129
1500081959386,-6.9942164,4.9069624,4.5527034
1500081959450,-6.984642,4.9069624,4.5622783
1500081959513,-7.0325146,4.8782387,4.5718527
1500081959577,-7.02294,4.83994,4.5527034
1500081959641,-7.003791,4.887813,4.5622783
1500081959705,-6.984642,4.9069624,4.5622783
1500081959769,-7.02294,4.887813,4.5622783
1500081959833,-7.02294,4.868664,4.5335546
1500081959896,-7.02294,4.868664,4.5527034
1500081959961,-7.02294,4.8590894,4.5718527
1500081960024,-7.0133657,4.868664,4.5622783
1500081960088,-7.0133657,4.868664,4.5622783
1500081960152,-7.02294,4.8782387,4.5718527
1500081960217,-7.0133657,4.8590894,4.581427
1500081960280,-6.9942164,4.8973875,4.5718527
1500081960344,-7.0325146,4.8590894,4.5910015
1500081960408,-7.02294,4.849515,4.543129
1500081960471,-7.02294,4.8590894,4.5718527
1500081960535,-7.0133657,4.8782387,4.5527034
1500081960599,-7.0325146,4.849515,4.5622783
1500081960663,-7.0325146,4.8590894,4.5335546
1500081960727,-7.02294,4.8973875,4.5622783
1500081960791,-7.0325146,4.868664,4.5622783
1500081960855,-7.02294,4.8973875,4.5335546
1500081960919,-7.0133657,4.887813,4.5622783
1500081960982,-7.0133657,4.868664,4.5718527
1500081961046,-7.0133657,4.849515,4.581427
1500081961110,-7.003791,4.8590894,4.6005764
1500081961174,-7.02294,4.8303657,4.581427
1500081961238,-7.0325146,4.8782387,4.543129
1500081961302,-7.003791,4.868664,4.581427
1500081961365,-6.9942164,4.887813,4.5718527
1500081961430,-7.0133657,4.8782387,4.581427
1500081961502,-7.02294,4.868664,4.5527034
1500081961557,-7.02294,4.8303657,4.581427
1500081961621,-7.0133657,4.868664,4.5718527
1500081961685,-7.003791,4.8973875,4.581427
1500081961749,-7.02294,4.887813,4.5622783
1500081961813,-7.0133657,4.849515,4.5718527
1500081961877,-7.02294,4.868664,4.5718527
1500081961940,-7.0133657,4.868664,4.5527034
1500081962004,-7.003791,4.868664,4.610151
1500081962068,-7.042089,4.811217,4.6005764
1500081962132,-7.0325146,4.8207912,4.543129
1500081962196,-7.02294,4.8590894,4.6005764
1500081962260,-6.9942164,4.916537,4.5335546
1500081962324,-7.042089,4.9069624,4.543129
1500081962387,-7.02294,4.887813,4.495256
1500081962451,-7.0325146,4.868664,4.5527034
1500081962515,-7.02294,4.8303657,4.581427
1500081962579,-7.0133657,4.887813,4.543129
1500081962643,-7.02294,4.8590894,4.543129
1500081962707,-7.02294,4.8782387,4.5622783
1500081962771,-7.02294,4.868664,4.581427
1500081962835,-7.0133657,4.8782387,4.5335546
1500081962898,-7.003791,4.887813,4.5622783
1500081962962,-7.051664,4.8590894,4.5622783
1500081963026,-7.042089,4.8303657,4.543129
1500081963090,-7.0325146,4.8207912,4.6005764
1500081963154,-7.0133657,4.849515,4.5622783
1500081963218,-7.0612383,4.83994,4.581427
1500081963282,-7.0325146,4.811217,4.5239797
1500081963346,-7.042089,4.8303657,4.5910015
1500081963409,-7.02294,4.849515,4.5622783
1500081963473,-7.0325146,4.868664,4.581427
1500081963537,-7.02294,4.8782387,4.5718527
1500081963601,-7.02294,4.8590894,4.5622783
1500081963665,-7.0325146,4.8782387,4.543129
1500081963729,-7.0325146,4.849515,4.5527034
1500081963793,-7.003791,4.868664,4.5718527
1500081963857,-7.0325146,4.83994,4.581427
1500081963920,-7.02294,4.8590894,4.5239797
1500081963984,-7.0325146,4.849515,4.6005764
1500081964048,-7.0133657,4.868664,4.5527034
1500081964112,-7.051664,4.849515,4.543129
1500081964176,-7.02294,4.8590894,4.5335546
1500081964240,-7.02294,4.9069624,4.5527034
1500081964304,-7.0612383,4.916537,4.389936
1500081964367,-7.051664,4.8782387,4.456958
1500081964431,-6.975067,4.9069624,4.6675982
1500081964495,-6.9559183,4.9452605,4.6675982
1500081964559,-6.9654927,4.8782387,4.6005764
1500081964623,-7.02294,4.96441,4.5335546
1500081964687,-7.0325146,4.9452605,4.456958
1500081964751,-7.0708127,4.9452605,4.4473834
1500081964814,-7.089962,4.811217,4.428234
1500081964878,-7.089962,4.7058964,4.6675982
1500081964942,-7.0612383,4.5527034,4.6867476
1500081965007,-7.0708127,4.6675982,4.7250457
1500081965070,-7.1091113,4.6388745,4.715471
1500081965133,-7.12826,4.466532,4.7250457
1500081965198,-7.1091113,4.495256,4.73462
1500081965262,-7.089962,4.6293,4.772918
1500081965325,-7.0995364,4.5718527,4.7250457
1500081965389,-7.0708127,4.6005764,4.7441945
1500081965453,-7.042089,4.6771727,4.715471
1500081965517,-7.0803876,4.7537694,4.658024
1500081965581,-7.089962,4.610151,4.7058964
1500081965645,-7.0612383,4.581427,4.7250457
1500081965708,-7.0612383,4.6293,4.6867476
1500081965772,-7.0708127,4.5910015,4.7441945
1500081965836,-7.051664,4.5144053,4.7920675
1500081965900,-7.051664,4.4856815,4.7920675
1500081965964,-6.984642,4.8303657,4.801642
1500081966028,-7.0803876,4.5527034,4.658024
1500081966092,-6.975067,4.763344,4.73462
1500081966156,-6.9463434,4.9452605,4.7441945
1500081966220,-6.9654927,4.9069624,4.6388745
1500081966283,-6.9559183,4.9452605,4.6388745
1500081966347,-6.9463434,4.926111,4.6675982
1500081966412,-6.9559183,4.7441945,4.7250457
1500081966475,-6.975067,4.772918,4.6771727
1500081966540,-7.0133657,4.849515,4.648449
1500081966603,-7.003791,4.801642,4.6005764
1500081966666,-7.0133657,4.887813,4.5718527
1500081966730,-6.984642,4.849515,4.5718527
1500081966794,-6.9942164,4.887813,4.5527034
1500081966858,-6.9942164,4.9452605,4.5527034
1500081966922,-7.02294,4.8782387,4.5239797
1500081966987,-7.003791,4.96441,4.4473834
1500081967050,-6.975067,5.0314317,4.5144053
1500081967114,-7.0133657,4.9835587,4.495256
1500081967178,-6.984642,4.9835587,4.4856815
1500081967241,-6.984642,4.96441,4.504831
1500081967305,-6.984642,4.935686,4.543129
1500081967369,-7.003791,4.954835,4.5144053
1500081967433,-6.9942164,4.9069624,4.5144053
1500081967497,-7.003791,4.916537,4.543129
1500081967561,-7.0133657,4.926111,4.5144053
1500081967625,-7.003791,4.916537,4.5239797
1500081967689,-7.0133657,4.916537,4.5239797
1500081967752,-7.0325146,4.916537,4.504831
1500081967816,-7.0133657,4.916537,4.5335546
1500081967880,-7.003791,4.9069624,4.5622783
1500081967944,-7.0325146,4.8590894,4.543129
1500081968008,-7.0325146,4.811217,4.5718527
1500081968071,-7.02294,4.8207912,4.6005764
1500081968136,-7.0133657,4.8207912,4.610151
1500081968200,-7.042089,4.8207912,4.6005764
1500081968263,-7.02294,4.801642,4.6005764
1500081968327,-7.02294,4.801642,4.619725
1500081968391,-7.0133657,4.7441945,4.6675982
1500081968455,-7.0133657,4.8590894,4.5622783
1500081968519,-7.02294,4.7058964,4.763344
1500081968583,-7.0133657,4.6771727,4.7441945
1500081968647,-7.02294,4.715471,4.73462
1500081968710,-7.0325146,4.7058964,4.696322
1500081968774,-7.0325146,4.715471,4.73462
1500081968838,-7.042089,4.7058964,4.6867476
1500081968902,-7.051664,4.7058964,4.648449
1500081968966,-7.02294,4.73462,4.658024
1500081969030,-7.0325146,4.782493,4.658024
1500081969094,-7.0133657,4.763344,4.6388745
1500081969158,-7.042089,4.782493,4.6293
1500081969221,-7.0325146,4.7250457,4.6388745
1500081969285,-7.042089,4.73462,4.648449
1500081969349,-7.042089,4.763344,4.6771727
1500081969413,-7.042089,4.7441945,4.6388745
1500081969477,-7.042089,4.7441945,4.658024
1500081969541,-7.0325146,4.73462,4.648449
1500081969605,-7.02294,4.7537694,4.658024
1500081969669,-7.02294,4.772918,4.648449
1500081969732,-7.0325146,4.763344,4.6388745
1500081969796,-7.0133657,4.772918,4.658024
1500081969860,-7.051664,4.782493,4.658024
1500081969924,-7.051664,4.715471,4.6388745
1500081969988,-7.042089,4.73462,4.6675982
1500081970052,-7.0325146,4.7441945,4.648449
1500081970116,-7.051664,4.7537694,4.658024
1500081970180,-7.0325146,4.73462,4.6293
1500081970243,-7.051664,4.7441945,4.6771727
1500081970307,-7.051664,4.7250457,4.610151
1500081970371,-7.042089,4.7920675,4.6293
1500081970435,-7.02294,4.763344,4.6388745
1500081970499,-7.02294,4.7250457,4.7058964
1500081970563,-7.0325146,4.7441945,4.6771727
1500081970627,-7.042089,4.7441945,4.6675982
1500081970691,-7.0325146,4.772918,4.6293
1500081970754,-7.0325146,4.7920675,4.648449
1500081970818,-7.02294,4.7920675,4.619725
1500081970882,-7.051664,4.763344,4.619725
1500081970946,-7.042089,4.7537694,4.648449
1500081971010,-7.0325146,4.772918,4.6388745
1500081971074,-7.0325146,4.772918,4.6293
1500081971138,-7.051664,4.772918,4.6293
1500081971202,-7.02294,4.763344,4.619725
1500081971266,-7.042089,4.7920675,4.6388745
1500081971329,-7.0325146,4.772918,4.619725
1500081971393,-7.042089,4.782493,4.619725
1500081971457,-7.051664,4.7441945,4.648449
1500081971522,-7.042089,4.772918,4.619725
1500081971586,-7.051664,4.782493,4.6293
1500081971650,-7.042089,4.811217,4.581427
1500081971713,-7.02294,4.83994,4.6005764
1500081971776,-7.0708127,4.8303657,4.5622783
1500081971840,-7.02294,4.7920675,4.5527034
1500081971904,-7.0325146,4.849515,4.6005764
1500081971968,-7.0325146,4.811217,4.5910015
1500081972032,-7.0325146,4.83994,4.5910015
1500081972096,-7.0325146,4.8207912,4.581427
1500081972160,-7.0325146,4.8207912,4.6005764
1500081972223,-7.0325146,4.811217,4.5910015
1500081972287,-7.02294,4.83994,4.5718527
1500081972351,-7.0325146,4.83994,4.5718527
1500081972415,-7.042089,4.782493,4.619725
1500081972479,-7.042089,4.801642,4.5910015
1500081972543,-7.0325146,4.811217,4.619725
1500081972607,-7.051664,4.7920675,4.6005764
1500081972671,-7.051664,4.782493,4.5718527
1500081972734,-7.0325146,4.801642,4.6293
1500081972798,-7.0133657,4.801642,4.619725
1500081972862,-7.0325146,4.8303657,4.619725
1500081972926,-7.042089,4.772918,4.6005764
1500081972990,-7.051664,4.782493,4.619725
1500081973054,-7.02294,4.811217,4.5910015
1500081973118,-7.0133657,4.83994,4.6005764
1500081973181,-7.02294,4.811217,4.5910015
1500081973245,-7.0325146,4.7920675,4.610151
1500081973309,-7.051664,4.801642,4.5910015
1500081973373,-7.02294,4.8303657,4.610151
1500081973437,-7.0133657,4.811217,4.610151
1500081973501,-7.051664,4.811217,4.6005764
1500081973565,-7.042089,4.7920675,4.581427
1500081973628,-7.042089,4.801642,4.6293
1500081973692,-7.02294,4.801642,4.6293
1500081973756,-7.042089,4.83994,4.5527034
1500081973820,-7.0708127,4.8207912,4.5718527
1500081973884,-7.0708127,4.7537694,4.5718527
1500081973948,-7.042089,4.7920675,4.581427
1500081974012,-7.051664,4.83994,4.5910015
1500081974075,-7.0803876,4.811217,4.5527034
1500081974139,-7.0708127,4.7920675,4.543129
1500081974203,-7.0803876,4.7537694,4.5622783
1500081974267,-7.0708127,4.7250457,4.619725
1500081974331,-7.089962,4.801642,4.581427
1500081974395,-7.051664,4.8207912,4.495256
1500081974459,-7.0708127,4.849515,4.5144053
1500081974523,-7.0803876,4.8207912,4.5527034
1500081974587,-7.0708127,4.868664,4.504831
1500081974650,-7.0612383,4.849515,4.476107
1500081974714,-7.0995364,4.763344,4.610151
1500081974778,-7.0803876,4.73462,4.6005764
1500081974842,-7.051664,4.8782387,4.5335546
1500081974906,-7.0708127,4.8207912,4.543129
1500081974969,-7.0612383,4.772918,4.5622783
1500081975033,-7.0708127,4.6771727,4.6675982
1500081975097,-7.156984,4.4856815,4.658024
1500081975161,-7.137835,4.648449,4.610151
1500081975225,-7.051664,4.7441945,4.7058964
1500081975289,-7.0133657,4.8590894,4.715471
1500081975353,-7.137835,4.658024,4.763344
1500081975417,-7.281453,4.3707867,4.581427
1500081975480,-7.3676243,4.4186597,4.3133397
1500081975544,-7.3676243,4.6293,4.2271686
1500081975608,-7.12826,4.8303657,4.2941904
1500081975672,-7.12826,4.696322,4.4186597
1500081975736,-7.204857,4.6675982,4.284616
1500081975800,-7.1474094,4.9452605,4.495256
1500081975864,-7.35805,4.935686,4.7250457
1500081975928,-7.654861,4.6675982,4.6293
1500081975991,-7.0325146,3.930357,4.1026993
1500081976055,-6.984642,4.8973875,4.5718527
1500081976119,-7.156984,4.6005764,4.9069624
1500081976183,-7.310177,4.772918,4.658024
1500081976247,-7.2527294,4.6293,4.2463174
1500081976312,-6.9654927,4.6675982,4.3612123
1500081976375,-6.9559183,4.696322,4.772918
1500081976439,-7.089962,4.658024,4.868664
1500081976503,-7.2144313,4.6771727,4.6388745
1500081976566,-7.329326,4.543129,4.5527034
1500081976630,-7.2144313,4.2558923,4.476107
1500081976694,-7.1857076,4.6388745,4.658024
1500081976758,-7.1186857,4.658024,4.696322
1500081976822,-7.12826,4.6005764,4.6293
1500081976886,-7.176133,4.610151,4.619725
1500081976949,-7.1857076,4.6293,4.6293
1500081977013,-7.243155,4.5527034,4.5910015
1500081977077,-7.1665583,4.6867476,4.5239797
1500081977141,-7.12826,4.619725,4.6293
1500081977206,-7.12826,4.581427,4.6771727
1500081977270,-7.1665583,4.504831,4.6867476
1500081977342,-7.156984,4.619725,4.6005764
1500081977396,-7.176133,4.6293,4.6005764
1500081977460,-7.1665583,4.581427,4.619725
1500081977524,-7.156984,4.619725,4.619725
1500081977588,-7.1474094,4.6293,4.5527034
1500081977652,-7.176133,4.6388745,4.581427
1500081977716,-7.137835,4.581427,4.610151
1500081977780,-7.1474094,4.6005764,4.6675982
1500081977844,-7.1474094,4.658024,4.6388745
1500081977908,-7.1474094,4.610151,4.6005764
1500081977971,-7.1857076,4.581427,4.610151
1500081978035,-7.1665583,4.504831,4.7058964
1500081978099,-7.176133,4.6005764,4.658024
1500081978163,-7.1665583,4.619725,4.543129
1500081978227,-7.156984,4.6293,4.581427
1500081978291,-7.1474094,4.6388745,4.610151
1500081978355,-7.137835,4.6771727,4.5622783
1500081978418,-7.176133,4.6867476,4.5527034
1500081978482,-7.176133,4.6388745,4.543129
1500081978546,-7.1474094,4.6675982,4.5718527
1500081978610,-7.1186857,4.715471,4.5527034
1500081978674,-7.1474094,4.6867476,4.5527034
1500081978738,-7.176133,4.610151,4.5527034
1500081978802,-7.1186857,4.648449,4.6005764
1500081978866,-7.1665583,4.648449,4.619725
1500081978929,-7.195282,4.581427,4.5622783
1500081978993,-7.1665583,4.658024,4.610151
1500081979057,-7.137835,4.6293,4.5910015
1500081979121,-7.1857076,4.6388745,4.543129
1500081979185,-7.195282,4.619725,4.5622783
1500081979249,-7.176133,4.5718527,4.5718527
1500081979313,-7.1857076,4.610151,4.648449
1500081979376,-7.176133,4.5910015,4.5718527
1500081979440,-7.176133,4.610151,4.581427
1500081979504,-7.1857076,4.5910015,4.610151
1500081979568,-7.1665583,4.619725,4.5910015
1500081979632,-7.156984,4.658024,4.5910015
1500081979696,-7.1857076,4.610151,4.5718527
1500081979760,-7.176133,4.6005764,4.5622783
1500081979823,-7.1474094,4.648449,4.5910015
1500081979887,-7.1474094,4.6293,4.6293
1500081979951,-7.1857076,4.6293,4.5622783
1500081980015,-7.176133,4.6005764,4.581427
1500081980079,-7.1665583,4.5910015,4.648449
1500081980143,-7.1474094,4.6388745,4.6005764
1500081980206,-7.156984,4.648449,4.5910015
1500081980272,-7.176133,4.5718527,4.6293
1500081980334,-7.176133,4.5910015,4.619725
1500081980398,-7.176133,4.619725,4.5622783
1500081980462,-7.137835,4.5910015,4.619725
1500081980526,-7.176133,4.5910015,4.581427
1500081980590,-7.156984,4.610151,4.619725
1500081980654,-7.1474094,4.6293,4.610151
1500081980718,-7.1474094,4.6293,4.5910015
1500081980781,-7.1665583,4.619725,4.6005764
1500081980845,-7.1665583,4.6005764,4.610151
1500081980909,-7.1665583,4.6005764,4.5910015
1500081980973,-7.1474094,4.619725,4.619725
1500081981037,-7.156984,4.648449,4.5718527
1500081981101,-7.176133,4.6005764,4.6005764
1500081981165,-7.195282,4.5622783,4.6005764
1500081981228,-7.156984,4.6388745,4.6005764
1500081981292,-7.176133,4.6388745,4.5910015
1500081981356,-7.176133,4.581427,4.5910015
1500081981420,-7.1665583,4.619725,4.6293
1500081981484,-7.1474094,4.648449,4.581427
1500081981548,-7.176133,4.610151,4.6005764
1500081981612,-7.156984,4.658024,4.5718527
1500081981676,-7.137835,4.658024,4.6005764
1500081981739,-7.12826,4.6675982,4.581427
1500081981803,-7.176133,4.648449,4.5718527
1500081981867,-7.1474094,4.6388745,4.5622783
1500081981931,-7.176133,4.648449,4.581427
1500081981995,-7.1474094,4.6675982,4.581427
1500081982059,-7.156984,4.6388745,4.5910015
1500081982123,-7.156984,4.648449,4.6005764
1500081982186,-7.1665583,4.610151,4.610151
1500081982250,-7.1474094,4.6388745,4.610151
1500081982314,-7.1665583,4.619725,4.6005764
1500081982378,-7.1665583,4.6293,4.581427
1500081982442,-7.1665583,4.619725,4.5910015
1500081982506,-7.156984,4.6005764,4.6005764
1500081982570,-7.156984,4.6388745,4.6005764
1500081982634,-7.1665583,4.648449,4.5718527
1500081982697,-7.176133,4.658024,4.5718527
1500081982761,-7.1665583,4.6293,4.581427
1500081982825,-7.1857076,4.610151,4.5910015
1500081982889,-7.176133,4.543129,4.5718527
1500081982953,-7.1665583,4.6388745,4.5718527
1500081983017,-7.1474094,4.6293,4.610151
1500081983081,-7.156984,4.648449,4.581427
1500081983144,-7.1665583,4.6293,4.5622783
1500081983208,-7.176133,4.610151,4.6005764
1500081983272,-7.1665583,4.610151,4.6005764
1500081983336,-7.1665583,4.6388745,4.5910015
1500081983400,-7.1665583,4.6293,4.581427
1500081983464,-7.1857076,4.5718527,4.619725
1500081983528,-7.156984,4.6005764,4.6293
1500081983591,-7.1665583,4.6005764,4.6005764
1500081983655,-7.1665583,4.5910015,4.5910015
1500081983719,-7.1665583,4.610151,4.619725
1500081983783,-7.1474094,4.648449,4.5622783
1500081983847,-7.1857076,4.6388745,4.6005764
1500081983911,-7.156984,4.610151,4.5718527
1500081983974,-7.176133,4.6005764,4.610151
1500081984038,-7.156984,4.6293,4.610151
1500081984102,-7.156984,4.619725,4.6005764
1500081984166,-7.176133,4.619725,4.581427
1500081984230,-7.176133,4.619725,4.6005764
1500081984294,-7.1474094,4.6388745,4.581427
1500081984358,-7.1665583,4.648449,4.5910015
1500081984422,-7.156984,4.5910015,4.5910015
1500081984486,-7.137835,4.658024,4.610151
1500081984550,-7.1474094,4.619725,4.6005764
1500081984613,-7.1857076,4.619725,4.581427
1500081984677,-7.176133,4.5910015,4.5910015
1500081984741,-7.176133,4.610151,4.6005764
1500081984805,-7.1665583,4.6388745,4.5910015
1500081984869,-7.1665583,4.6293,4.581427
1500081984933,-7.176133,4.619725,4.581427
1500081984996,-7.1665583,4.6388745,4.5910015
1500081985060,-7.1665583,4.648449,4.5718527
1500081985124,-7.176133,4.6005764,4.581427
1500081985188,-7.156984,4.648449,4.581427
1500081985252,-7.156984,4.619725,4.581427
1500081985316,-7.156984,4.658024,4.5527034
1500081985380,-7.1665583,4.6388745,4.5622783
1500081985443,-7.1665583,4.6293,4.5910015
1500081985507,-7.1665583,4.648449,4.5910015
1500081985571,-7.156984,4.658024,4.5622783
1500081985635,-7.1665583,4.6388745,4.581427
1500081985699,-7.1857076,4.6005764,4.581427
1500081985763,-7.1474094,4.6293,4.619725
1500081985827,-7.1857076,4.6388745,4.5718527
1500081985891,-7.1857076,4.5910015,4.5718527
1500081985955,-7.1665583,4.610151,4.610151
1500081986018,-7.156984,4.648449,4.5718527
1500081986082,-7.195282,4.610151,4.581427
1500081986146,-7.176133,4.610151,4.581427
1500081986210,-7.1857076,4.581427,4.610151
1500081986274,-7.1665583,4.6293,4.5910015
1500081986338,-7.1665583,4.619725,4.5718527
1500081986402,-7.1665583,4.619725,4.6005764
1500081986465,-7.1665583,4.581427,4.6005764
1500081986529,-7.137835,4.648449,4.6388745
1500081986593,-7.1857076,4.581427,4.6293
1500081986657,-7.1857076,4.5718527,4.5718527
1500081986721,-7.176133,4.5910015,4.6388745
1500081986785,-7.1665583,4.6388745,4.5622783
1500081986849,-7.1857076,4.6388745,4.5718527
1500081986913,-7.195282,4.619725,4.5622783
1500081986977,-7.176133,4.610151,4.5718527
1500081987040,-7.156984,4.6293,4.5910015
1500081987104,-7.156984,4.6675982,4.543129
1500081987168,-7.1857076,4.6293,4.5335546
1500081987232,-7.1857076,4.648449,4.5527034
1500081987296,-7.195282,4.648449,4.5527034
1500081987360,-7.176133,4.6005764,4.5622783
1500081987423,-7.156984,4.658024,4.543129
1500081987487,-7.1857076,4.6293,4.5718527
1500081987551,-7.2144313,4.5910015,4.5622783
1500081987615,-7.2144313,4.5622783,4.5239797
1500081987679,-7.2144313,4.5239797,4.543129
1500081987743,-7.204857,4.581427,4.5239797
1500081987806,-7.204857,4.6293,4.5335546
1500081987870,-7.204857,4.5622783,4.6005764
1500081987934,-7.1665583,4.696322,4.581427
1500081987998,-7.1857076,4.715471,4.504831
1500081988062,-7.195282,4.6293,4.504831
1500081988126,-7.1857076,4.6675982,4.5622783
1500081988190,-7.2144313,4.610151,4.5144053
1500081988253,-7.176133,4.6388745,4.5527034
1500081988317,-7.204857,4.495256,4.658024
1500081988382,-7.2144313,4.428234,4.7058964
1500081988445,-7.195282,4.5239797,4.6388745
1500081988510,-7.2240057,4.5335546,4.5910015
1500081988574,-7.2144313,4.5239797,4.619725
1500081988637,-7.176133,4.5910015,4.5910015
1500081988702,-7.2144313,4.5718527,4.543129
1500081988765,-7.2240057,4.5527034,4.581427
1500081988829,-7.1857076,4.581427,4.5910015
1500081988892,-7.156984,4.6293,4.6293
1500081988957,-7.2144313,4.581427,4.5718527
1500081989021,-7.195282,4.5335546,4.5910015
1500081989085,-7.1857076,4.5622783,4.6293
1500081989149,-7.176133,4.5910015,4.6293
1500081989212,-7.195282,4.6005764,4.5718527
1500081989275,-7.204857,4.581427,4.5718527
1500081989340,-7.1665583,4.5910015,4.610151
1500081989403,-7.195282,4.5718527,4.5910015
1500081989467,-7.176133,4.610151,4.543129
1500081989531,-7.1857076,4.619725,4.5910015
1500081989595,-7.1665583,4.6005764,4.581427
1500081989660,-7.195282,4.619725,4.5718527
1500081989723,-7.1857076,4.5910015,4.5527034
1500081989786,-7.1857076,4.5910015,4.6005764
1500081989851,-7.176133,4.610151,4.610151
1500081989914,-7.176133,4.6005764,4.5718527
1500081989978,-7.195282,4.581427,4.5910015
1500081990042,-7.195282,4.5718527,4.5910015
1500081990106,-7.1857076,4.6005764,4.5910015
1500081990170,-7.195282,4.5910015,4.5910015
1500081990234,-7.195282,4.5910015,4.5910015
1500081990297,-7.1857076,4.5910015,4.5910015
1500081990362,-7.195282,4.6005764,4.5527034
1500081990426,-7.195282,4.581427,4.581427
1500081990489,-7.176133,4.6388745,4.581427
1500081990554,-7.195282,4.581427,4.5910015
1500081990617,-7.204857,4.5910015,4.581427
1500081990681,-7.195282,4.5718527,4.6005764
1500081990745,-7.1857076,4.581427,4.610151
1500081990809,-7.1857076,4.5910015,4.619725
1500081990872,-7.195282,4.619725,4.5622783
1500081990936,-7.204857,4.5910015,4.581427
1500081991000,-7.1857076,4.619725,4.581427
1500081991064,-7.1857076,4.5910015,4.5718527
1500081991128,-7.195282,4.5910015,4.6005764
1500081991192,-7.176133,4.619725,4.581427
1500081991255,-7.195282,4.619725,4.5910015
1500081991319,-7.176133,4.6005764,4.543129
1500081991383,-7.1857076,4.610151,4.5910015
1500081991447,-7.176133,4.6005764,4.581427
1500081991511,-7.204857,4.5910015,4.5718527
1500081991575,-7.1857076,4.543129,4.581427
1500081991639,-7.195282,4.5718527,4.6293
1500081991702,-7.195282,4.581427,4.581427
1500081991766,-7.195282,4.581427,4.5718527
1500081991830,-7.195282,4.610151,4.581427
1500081991894,-7.1857076,4.5718527,4.619725
1500081991959,-7.195282,4.5622783,4.610151
1500081992023,-7.176133,4.5718527,4.6005764
1500081992086,-7.204857,4.543129,4.6293
1500081992150,-7.1857076,4.5622783,4.6005764
1500081992214,-7.1857076,4.6005764,4.610151
1500081992277,-7.1665583,4.610151,4.5910015
1500081992342,-7.204857,4.581427,4.581427
1500081992405,-7.1857076,4.5527034,4.5910015
1500081992470,-7.195282,4.581427,4.6005764
1500081992534,-7.176133,4.5718527,4.619725
1500081992597,-7.195282,4.610151,4.5718527
1500081992660,-7.195282,4.5718527,4.6005764
1500081992724,-7.195282,4.5910015,4.5910015
1500081992788,-7.1665583,4.610151,4.5910015
1500081992852,-7.204857,4.5718527,4.610151
1500081992916,-7.2144313,4.5527034,4.5910015
1500081992979,-7.1857076,4.581427,4.6293
1500081993043,-7.176133,4.581427,4.610151
1500081993107,-7.204857,4.6005764,4.5910015
1500081993171,-7.195282,4.5527034,4.5718527
1500081993235,-7.204857,4.5527034,4.581427
1500081993299,-7.1857076,4.6005764,4.6005764
1500081993364,-7.195282,4.6388745,4.543129
1500081993427,-7.1857076,4.5910015,4.581427
1500081993491,-7.1857076,4.5622783,4.5910015
1500081993555,-7.156984,4.619725,4.581427
1500081993618,-7.1857076,4.581427,4.6005764
1500081993682,-7.1857076,4.581427,4.581427
1500081993746,-7.195282,4.5718527,4.619725
1500081993810,-7.1857076,4.610151,4.5718527
1500081993874,-7.2144313,4.581427,4.5910015
1500081993938,-7.195282,4.5527034,4.6005764
1500081994001,-7.204857,4.5622783,4.619725
1500081994065,-7.204857,4.581427,4.619725
1500081994129,-7.176133,4.4186597,4.801642
1500081994193,-7.195282,4.2175937,5.021857
1500081994257,-7.5399666,4.466532,4.7537694
1500081994321,-7.2335806,4.5527034,3.9686553
1500081994385,-6.9080453,4.6388745,3.8537605
1500081994448,-7.348475,4.811217,3.126094
1500081994512,-6.9559183,5.835695,3.0686467
1500081994576,-6.611234,7.329326,2.88673
1500081994640,-6.113357,8.564445,3.078221
1500081994704,-6.639958,5.433563,1.9005502
1500081994768,-6.592085,5.7782474,3.518651
1500081994832,-6.2952733,7.156984,4.169721
1500081994896,-6.2474008,6.0463347,3.8633351
1500081994959,-6.0080366,6.4197426,2.9250283
1500081995023,-5.739949,6.936769,4.284616
1500081995087,-5.912291,7.5303917,3.6335456
1500081995151,-5.2707953,6.697405,4.7441945
1500081995215,-5.414414,6.3527207,3.9782298
1500081995278,-5.873993,8.018694,3.8154624
1500081995342,-5.692076,6.783576,3.7101421
1500081995406,-5.653778,6.7931504,3.8154624
1500081995470,-5.7686725,6.7740016,3.7963133
1500081995534,-5.500585,7.0708127,4.2654667
1500081995598,-5.9218655,6.563361,3.930357
1500081995662,-5.912291,5.5580325,3.9878044
1500081995726,-5.6250544,6.1612296,5.38569
1500081995790,-5.845269,5.7782474,4.1409974
1500081995854,-5.5101595,6.697405,5.0122824
1500081995917,-5.7016506,6.1420803,4.610151
1500081995981,-5.586756,6.37187,4.6771727
1500081996046,-5.4048395,6.5346375,4.782493
1500081996109,-5.500585,6.5537868,4.543129
1500081996173,-5.481436,6.592085,4.5910015
1500081996237,-5.49101,6.515488,4.648449
1500081996301,-5.4431376,6.5537868,4.619725
1500081996364,-5.481436,6.611234,4.6675982
1500081996428,-5.538883,6.285699,4.6675982
1500081996492,-5.462287,6.5729356,5.0122824
1500081996556,-5.672927,5.787822,4.3324885
1500081996620,-5.5963306,6.4293175,4.782493
1500081996684,-5.605905,6.3527207,4.6867476
1500081996748,-5.605905,6.2761245,4.7058964
1500081996811,-5.567607,6.304848,4.73462
1500081996875,-5.529309,6.391019,4.8303657
1500081996939,-5.5580325,6.3431463,4.581427
1500081997003,-5.672927,6.180379,4.696322
1500081997067,-5.7208,6.151655,4.7537694
1500081997131,-5.5963306,6.113357,5.041006
1500081997195,-5.5484576,6.065484,4.9739842
1500081997259,-5.462287,6.4293175,4.811217
1500081997331,-5.5484576,6.37187,4.772918
1500081997386,-5.605905,6.410168,4.543129
1500081997450,-5.7016506,6.3144226,4.6005764
1500081997514,-5.7016506,6.2474008,4.6293
1500081997578,-5.672927,6.132506,4.926111
1500081997642,-5.634629,5.988888,4.916537
1500081997706,-5.5963306,6.0846334,4.96441
1500081997769,-5.6154795,6.1612296,4.868664
1500081997833,-5.634629,6.2091026,4.8303657
1500081997897,-5.644203,6.180379,4.782493
1500081997961,-5.653778,6.1612296,4.83994
1500081998025,-5.6154795,6.151655,4.772918
1500081998089,-5.567607,6.2761245,4.868664
1500081998153,-5.644203,6.113357,4.801642
1500081998216,-5.5963306,6.2474008,4.772918
1500081998280,-5.5101595,6.4005938,4.7537694
1500081998344,-5.5101595,6.391019,4.6867476
1500081998408,-5.538883,6.3622956,4.763344
1500081998472,-5.5484576,6.323997,4.696322
1500081998536,-5.567607,6.333572,4.696322
1500081998600,-5.5580325,6.37187,4.7250457
1500081998664,-5.529309,6.3431463,4.7058964
1500081998727,-5.529309,6.37187,4.7250457
1500081998791,-5.5580325,6.3431463,4.715471
1500081998855,-5.529309,6.3622956,4.715471
1500081998919,-5.538883,6.3431463,4.7058964
1500081998983,-5.519734,6.391019,4.7250457
1500081999047,-5.529309,6.3431463,4.763344
1500081999111,-5.5484576,6.3144226,4.7441945
1500081999174,-5.519734,6.3622956,4.7250457
1500081999238,-5.586756,6.2665496,4.763344
1500081999302,-5.5771813,6.285699,4.7441945
1500081999366,-5.5771813,6.3144226,4.73462
1500081999430,-5.567607,6.2952733,4.7441945
1500081999494,-5.5963306,6.2378263,4.772918
1500081999558,-5.5771813,6.2474008,4.801642
1500081999622,-5.5963306,6.2474008,4.7920675
1500081999685,-5.586756,6.2378263,4.7920675
1500081999749,-5.586756,6.218677,4.7920675
1500081999813,-5.586756,6.256975,4.782493
1500081999877,-5.5963306,6.2282515,4.7537694
1500081999941,-5.5771813,6.256975,4.849515
1500082000005,-5.567607,6.2091026,4.801642
1500082000068,-5.605905,6.1612296,4.8303657
1500082000132,-5.5484576,6.3431463,4.772918
1500082000196,-5.5580325,6.3622956,4.7441945
1500082000260,-5.567607,6.323997,4.7441945
1500082000333,-5.5580325,6.2952733,4.7441945
1500082000388,-5.519734,6.323997,4.7537694
1500082000452,-5.5484576,6.2761245,4.811217
1500082000516,-5.529309,6.2952733,4.7441945
1500082000579,-5.5484576,6.323997,4.7537694
1500082000643,-5.538883,6.333572,4.7441945
1500082000707,-5.5580325,6.323997,4.7537694
1500082000771,-5.538883,6.3144226,4.7537694
1500082000835,-5.5484576,6.304848,4.772918
1500082000899,-5.5484576,6.323997,4.763344
1500082000963,-5.529309,6.2761245,4.763344
1500082001026,-5.5484576,6.2952733,4.763344
1500082001090,-5.538883,6.323997,4.763344
1500082001154,-5.5484576,6.2952733,4.7920675
1500082001218,-5.538883,6.285699,4.763344
1500082001282,-5.5771813,6.3144226,4.782493
1500082001346,-5.5580325,6.304848,4.7537694
1500082001410,-5.5580325,6.2378263,4.811217
1500082001474,-5.5484576,6.2761245,4.811217
1500082001537,-5.5771813,6.2474008,4.801642
1500082001601,-5.567607,6.285699,4.772918
1500082001665,-5.567607,6.285699,4.8207912
1500082001729,-5.5771813,6.2474008,4.772918
1500082001793,-5.567607,6.256975,4.811217
1500082001857,-5.5771813,6.2282515,4.7920675
1500082001921,-5.529309,6.2665496,4.8207912
1500082001984,-5.605905,6.2091026,4.849515
1500082002048,-5.5484576,6.2761245,4.763344
1500082002112,-5.5771813,6.2378263,4.83994
1500082002177,-5.5580325,6.2474008,4.811217
1500082002241,-5.586756,6.2665496,4.7920675
1500082002305,-5.5484576,6.2665496,4.801642
1500082002368,-5.5771813,6.2282515,4.8207912
1500082002432,-5.5484576,6.2665496,4.8303657
1500082002496,-5.5580325,6.2665496,4.782493
1500082002559,-5.567607,6.2665496,4.7920675
1500082002623,-5.567607,6.256975,4.811217
1500082002687,-5.5771813,6.256975,4.811217
1500082002751,-5.538883,6.2952733,4.801642
1500082002815,-5.5771813,6.2474008,4.811217
1500082002879,-5.567607,6.285699,4.7920675
1500082002943,-5.5484576,6.2761245,4.7920675
1500082003006,-5.5580325,6.2665496,4.782493
1500082003071,-5.5484576,6.2952733,4.811217
1500082003134,-5.5484576,6.285699,4.801642
1500082003198,-5.5484576,6.2474008,4.772918
1500082003263,-5.5484576,6.2761245,4.782493
1500082003334,-5.5580325,6.304848,4.7920675
1500082003390,-5.538883,6.2665496,4.7920675
1500082003453,-5.538883,6.285699,4.7920675
1500082003517,-5.5580325,6.2665496,4.801642
1500082003581,-5.529309,6.3144226,4.811217
1500082003645,-5.5484576,6.2378263,4.811217
1500082003709,-5.5771813,6.2952733,4.772918
1500082003773,-5.567607,6.2665496,4.782493
1500082003836,-5.5580325,6.256975,4.83994
1500082003901,-5.5484576,6.2474008,4.782493
1500082003964,-5.5580325,6.304848,4.8207912
1500082004028,-5.586756,6.218677,4.801642
1500082004092,-5.567607,6.256975,4.801642
1500082004156,-5.567607,6.256975,4.83994
1500082004220,-5.567607,6.2378263,4.8207912
1500082004284,-5.567607,6.2282515,4.83994
1500082004348,-5.586756,6.1899533,4.8207912
1500082004411,-5.529309,6.2761245,4.849515
1500082004475,-5.5963306,6.1995277,4.83994
1500082004539,-5.5484576,6.2282515,4.811217
1500082004603,-5.5771813,6.2282515,4.868664
1500082004667,-5.567607,6.218677,4.8207912
1500082004731,-5.567607,6.256975,4.8590894
1500082004795,-5.5580325,6.2282515,4.8207912
1500082004859,-5.586756,6.1899533,4.83994
1500082004922,-5.5580325,6.2378263,4.8590894
1500082004986,-5.567607,6.2378263,4.8303657
1500082005050,-5.567607,6.2474008,4.811217
1500082005114,-5.567607,6.218677,4.849515
1500082005178,-5.5771813,6.2282515,4.8303657
1500082005242,-5.5484576,6.2761245,4.8207912
1500082005305,-5.567607,6.1899533,4.83994
1500082005369,-5.567607,6.2474008,4.8303657
1500082005433,-5.5771813,6.2378263,4.782493
1500082005497,-5.5484576,6.2474008,4.8590894
1500082005561,-5.5484576,6.256975,4.811217
1500082005625,-5.586756,6.256975,4.8207912
1500082005689,-5.5484576,6.2378263,4.801642
1500082005752,-5.567607,6.2282515,4.849515
1500082005816,-5.567607,6.256975,4.83994
1500082005880,-5.567607,6.2474008,4.7920675
1500082005944,-5.5771813,6.2378263,4.8303657
1500082006008,-5.5771813,6.2378263,4.8303657
1500082006072,-5.567607,6.2474008,4.811217
1500082006136,-5.567607,6.218677,4.8207912
1500082006200,-5.586756,6.218677,4.8303657
1500082006264,-5.538883,6.2665496,4.8590894
1500082006327,-5.6250544,6.151655,4.849515
1500082006391,-5.5484576,6.285699,4.782493
1500082006455,-5.5963306,6.2091026,4.8590894
1500082006519,-5.567607,6.2091026,4.83994
1500082006583,-5.5771813,6.2474008,4.8207912
1500082006647,-5.586756,6.218677,4.801642
1500082006711,-5.5771813,6.1899533,4.8782387
1500082006775,-5.567607,6.1995277,4.849515
1500082006838,-5.5484576,6.2474008,4.83994
1500082006902,-5.567607,6.2378263,4.83994
1500082006966,-5.586756,6.2091026,4.8303657
1500082007030,-5.5771813,6.218677,4.83994
1500082007094,-5.567607,6.2282515,4.83994
1500082007158,-5.567607,6.2091026,4.849515
1500082007221,-5.586756,6.2378263,4.8207912
1500082007286,-5.567607,6.1899533,4.83994
1500082007350,-5.5771813,6.2474008,4.849515
1500082007414,-5.567607,6.218677,4.811217
1500082007486,-5.5580325,6.2282515,4.8590894
1500082007541,-5.567607,6.218677,4.83994
1500082007605,-5.5771813,6.2474008,4.8590894
1500082007669,-5.567607,6.2282515,4.801642
1500082007733,-5.586756,6.218677,4.83994
1500082007796,-5.5484576,6.2282515,4.8590894
1500082007860,-5.5580325,6.2378263,4.8207912
1500082007924,-5.567607,6.2282515,4.8207912
1500082007988,-5.5771813,6.218677,4.849515
1500082008052,-5.567607,6.2282515,4.849515
1500082008117,-5.567607,6.218677,4.83994
1500082008180,-5.586756,6.218677,4.849515
1500082008243,-5.538883,6.2282515,4.83994
1500082008307,-5.605905,6.1995277,4.868664
1500082008371,-5.5484576,6.2378263,4.811217
1500082008435,-5.586756,6.2091026,4.8590894
1500082008499,-5.567607,6.2091026,4.849515
1500082008563,-5.567607,6.2665496,4.8590894
1500082008627,-5.5771813,6.1995277,4.849515
1500082008691,-5.5771813,6.1899533,4.8590894
1500082008754,-5.5771813,6.2091026,4.868664
1500082008818,-5.5580325,6.2282515,4.8590894
1500082008882,-5.567607,6.2091026,4.8590894
1500082008946,-5.5771813,6.180379,4.868664
1500082009010,-5.567607,6.2091026,4.868664
1500082009073,-5.567607,6.1899533,4.8782387
1500082009138,-5.5484576,6.218677,4.887813
1500082009201,-5.567607,6.180379,4.8590894
1500082009265,-5.567607,6.218677,4.8590894
1500082009329,-5.5771813,6.1899533,4.8590894
1500082009393,-5.5580325,6.1899533,4.887813
1500082009457,-5.567607,6.2378263,4.8590894
1500082009521,-5.586756,6.2282515,4.8590894
1500082009585,-5.5771813,6.170804,4.8207912
1500082009649,-5.567607,6.218677,4.8782387
1500082009712,-5.5580325,6.218677,4.868664
1500082009776,-5.567607,6.1995277,4.849515
1500082009840,-5.5580325,6.2282515,4.8590894
1500082009904,-5.5771813,6.1995277,4.8590894
1500082009968,-5.5580325,6.218677,4.8590894
1500082010032,-5.5484576,6.2378263,4.8782387
1500082010096,-5.567607,6.180379,4.8782387
1500082010159,-5.567607,6.2474008,4.83994
1500082010223,-5.5771813,6.1899533,4.849515
1500082010287,-5.5484576,6.218677,4.868664
1500082010351,-5.5580325,6.2282515,4.849515
1500082010415,-5.586756,6.2282515,4.849515
1500082010479,-5.5771813,6.180379,4.849515
1500082010543,-5.567607,6.2091026,4.8782387
1500082010607,-5.5484576,6.2282515,4.8782387
1500082010670,-5.567607,6.2091026,4.83994
1500082010734,-5.5771813,6.2091026,4.8590894
1500082010798,-5.567607,6.218677,4.8782387
1500082010862,-5.5580325,6.1995277,4.8590894
1500082010926,-5.567607,6.2282515,4.8590894
1500082010990,-5.5484576,6.2091026,4.887813
1500082011053,-5.6250544,6.1229315,4.916537
1500082011118,-5.538883,6.218677,4.8590894
1500082011181,-5.5771813,6.170804,4.916537
1500082011245,-5.567607,6.180379,4.887813
1500082011309,-5.586756,6.2091026,4.8973875
1500082011373,-5.567607,6.151655,4.8590894
1500082011437,-5.567607,6.170804,4.926111
1500082011501,-5.5580325,6.1899533,4.926111
1500082011565,-5.5580325,6.1899533,4.868664
1500082011628,-5.567607,6.1995277,4.8973875
1500082011692,-5.5771813,6.151655,4.8973875
1500082011756,-5.567607,6.1995277,4.916537
1500082011820,-5.5771813,6.151655,4.8782387
1500082011884,-5.5580325,6.1899533,4.935686
1500082011948,-5.5963306,6.132506,4.916537
1500082012012,-5.567607,6.2091026,4.8782387
1500082012075,-5.5771813,6.1612296,4.8973875
1500082012139,-5.5580325,6.180379,4.9069624
1500082012203,-5.567607,6.2091026,4.887813
1500082012267,-5.5771813,6.170804,4.887813
1500082012331,-5.567607,6.170804,4.887813
1500082012396,-5.5484576,6.180379,4.9069624
1500082012459,-5.5580325,6.1995277,4.8973875
1500082012523,-5.5580325,6.1995277,4.8590894
1500082012586,-5.5771813,6.1899533,4.916537
1500082012650,-5.5484576,6.1995277,4.868664
1500082012714,-5.5580325,6.1995277,4.887813
1500082012778,-5.567607,6.1612296,4.9069624
1500082012842,-5.5484576,6.1995277,4.8973875
1500082012906,-5.605905,6.151655,4.926111
1500082012970,-5.5484576,6.1995277,4.8303657
1500082013033,-5.5771813,6.180379,4.935686
1500082013097,-5.567607,6.151655,4.916537
1500082013162,-5.5771813,6.1899533,4.887813
1500082013226,-5.5771813,6.180379,4.8973875
1500082013290,-5.586756,6.132506,4.9069624
1500082013362,-5.5771813,6.1612296,4.926111
1500082013417,-5.5580325,6.180379,4.9069624
1500082013481,-5.567607,6.170804,4.926111
1500082013544,-5.5771813,6.1229315,4.9069624
1500082013608,-5.567607,6.1612296,4.916537
1500082013672,-5.567607,6.1612296,4.916537
1500082013736,-5.567607,6.1612296,4.916537
1500082013800,-5.567607,6.151655,4.916537
1500082013864,-5.567607,6.170804,4.9069624
1500082013928,-5.567607,6.151655,4.916537
1500082013991,-5.5580325,6.1420803,4.954835
1500082014055,-5.5771813,6.170804,4.9069624
1500082014119,-5.5771813,6.180379,4.9452605
1500082014183,-5.5771813,6.065484,4.916537
1500082014247,-5.567607,6.1612296,4.9835587
1500082014311,-5.5580325,6.151655,4.935686
1500082014375,-5.586756,6.1229315,4.916537
1500082014439,-5.567607,6.1420803,4.96441
1500082014502,-5.567607,6.113357,4.954835
1500082014566,-5.567607,6.170804,4.926111
1500082014630,-5.5484576,6.1899533,4.935686
1500082014694,-5.5580325,6.113357,4.9739842
1500082014758,-5.538883,6.180379,4.916537
1500082014822,-5.567607,6.132506,4.9452605
1500082014886,-5.538883,6.1612296,4.926111
1500082014950,-5.529309,6.1899533,4.935686
1500082015013,-5.586756,6.1420803,4.9452605
1500082015077,-5.567607,6.132506,4.9069624
1500082015141,-5.5963306,6.132506,4.96441
1500082015205,-5.5580325,6.151655,4.954835
1500082015269,-5.586756,6.151655,4.926111
1500082015333,-5.586756,6.1229315,4.96441
1500082015396,-5.5963306,6.103782,4.96441
1500082015460,-5.586756,6.1229315,4.96441
1500082015524,-5.567607,6.113357,4.96441
1500082015588,-5.5963306,6.065484,5.002708
1500082015652,-5.567607,6.113357,4.96441
1500082015716,-5.5963306,6.0846334,4.96441
1500082015780,-5.586756,6.065484,4.993133
1500082015844,-5.567607,6.113357,4.9739842
1500082015908,-5.586756,6.113357,4.96441
1500082015971,-5.5963306,6.0559096,4.9739842
1500082016035,-5.5771813,6.0846334,5.002708
1500082016099,-5.567607,6.1229315,4.9835587
1500082016163,-5.5963306,6.094208,4.96441
1500082016227,-5.5963306,6.113357,4.9835587
1500082016291,-5.5963306,6.065484,4.993133
1500082016355,-5.567607,6.1420803,4.9835587
1500082016418,-5.586756,6.0750585,5.002708
1500082016482,-5.5963306,6.0846334,4.96441
1500082016546,-5.586756,6.103782,4.9835587
1500082016610,-5.567607,6.0846334,4.9835587
1500082016674,-5.567607,6.132506,4.96441
1500082016738,-5.586756,6.1420803,4.954835
1500082016802,-5.567607,6.1229315,4.9452605
1500082016866,-5.5771813,6.113357,4.96441
1500082016929,-5.5580325,6.132506,4.9739842
1500082016994,-5.5580325,6.132506,4.96441
1500082017057,-5.5580325,6.1420803,4.9452605
1500082017122,-5.5484576,6.132506,4.9739842
1500082017186,-5.5771813,6.132506,4.96441
1500082017249,-5.567607,6.1420803,4.954835
1500082017313,-5.6250544,6.0846334,4.954835
1500082017377,-5.5963306,6.1229315,4.935686
1500082017440,-5.586756,6.113357,4.954835
1500082017506,-5.5771813,6.094208,4.96441
1500082017568,-5.5771813,6.132506,4.9739842
1500082017632,-5.6250544,6.0846334,4.9739842
1500082017696,-5.6154795,6.0559096,4.96441
1500082017760,-5.6154795,6.0559096,4.993133
1500082017824,-5.605905,6.0463347,5.0122824
1500082017888,-5.5963306,6.0846334,4.9739842
1500082017952,-5.5963306,6.0559096,4.993133
1500082018016,-5.605905,6.0559096,5.002708
1500082018086,-5.5963306,6.094208,4.954835
1500082018143,-5.5771813,6.103782,4.993133
1500082018207,-5.6250544,6.0367603,5.021857
1500082018271,-5.586756,6.094208,4.954835
1500082018343,-5.5963306,6.065484,5.041006
1500082018399,-5.5771813,6.0750585,4.96441
1500082018462,-5.605905,6.1229315,4.96441
1500082018526,-5.586756,6.094208,4.9452605
1500082018590,-5.5963306,6.103782,4.9835587
1500082018654,-5.5771813,6.103782,4.993133
1500082018718,-5.567607,6.113357,4.954835
1500082018782,-5.586756,6.1229315,4.954835
1500082018846,-5.5771813,6.1229315,4.954835
1500082018909,-5.586756,6.113357,4.9452605
1500082018973,-5.567607,6.170804,4.96441
1500082019037,-5.567607,6.0846334,4.9739842
1500082019101,-5.586756,6.1229315,4.954835
1500082019165,-5.586756,6.1229315,4.935686
1500082019229,-5.567607,6.103782,4.954835
1500082019293,-5.5580325,6.1420803,4.9739842
1500082019356,-5.605905,6.132506,4.96441
1500082019421,-5.5771813,6.103782,4.9452605
1500082019484,-5.586756,6.1229315,4.96441
1500082019548,-5.5771813,6.094208,4.9835587
1500082019612,-5.5771813,6.132506,4.9452605
1500082019676,-5.605905,6.1229315,4.96441
1500082019740,-5.586756,6.0846334,4.954835
1500082019804,-5.5771813,6.1229315,4.9739842
1500082019868,-5.5963306,6.0846334,4.9835587
1500082019932,-5.5580325,6.113357,4.954835
1500082019995,-5.644203,6.065484,5.0314317
1500082020059,-5.567607,6.132506,4.926111
1500082020123,-5.5963306,6.0750585,5.002708
1500082020187,-5.5771813,6.0750585,4.96441
1500082020251,-5.5963306,6.1229315,4.954835
1500082020315,-5.567607,6.103782,4.96441
1500082020380,-5.5963306,6.0463347,5.002708
1500082020443,-5.5771813,6.103782,4.993133
1500082020506,-5.586756,6.113357,4.9739842
1500082020570,-5.5771813,6.113357,4.9739842
1500082020634,-5.5963306,6.0846334,4.954835
1500082020698,-5.605905,6.103782,4.9835587
1500082020762,-5.5771813,6.132506,4.96441
1500082020826,-5.586756,6.065484,4.9835587
1500082020890,-5.6154795,6.0846334,4.954835
1500082020954,-5.586756,6.1229315,4.954835
1500082021017,-5.586756,6.0846334,4.9739842
1500082021081,-5.567607,6.1229315,4.96441
1500082021145,-5.5963306,6.1229315,4.9835587
1500082021209,-5.5771813,6.0750585,4.935686
1500082021273,-5.5963306,6.113357,4.993133
1500082021337,-5.5484576,6.1229315,4.954835
1500082021401,-5.586756,6.094208,4.993133
1500082021465,-5.567607,6.1229315,4.9739842
1500082021529,-5.5771813,6.094208,4.9739842
1500082021592,-5.567607,6.1420803,5.0122824
1500082021656,-5.567607,6.094208,4.9452605
1500082021720,-5.586756,6.2665496,4.782493
1500082021784,-5.605905,6.103782,4.9835587
1500082021848,-5.653778,6.151655,4.887813
1500082021912,-5.567607,6.180379,4.9452605
1500082021976,-5.634629,5.9697385,5.002708
1500082022040,-5.644203,6.0367603,4.993133
1500082022104,-5.672927,5.998462,4.954835
1500082022167,-5.672927,5.9314404,5.0601554
1500082022233,-5.6633525,6.027186,4.9835587
1500082022295,-5.644203,6.0463347,5.002708
1500082022359,-5.653778,6.0463347,4.954835
1500082022423,-5.672927,5.998462,5.021857
1500082022487,-5.653778,5.988888,5.0314317
1500082022550,-5.644203,6.027186,4.9739842
1500082022615,-5.739949,5.988888,4.9835587
1500082022679,-5.653778,6.0750585,4.96441
1500082022743,-5.692076,6.017611,4.9069624
1500082022806,-5.6633525,6.0750585,4.954835
1500082022870,-5.692076,5.9027166,5.0601554
1500082022934,-5.7016506,5.873993,5.0505805
1500082022998,-5.7016506,5.960164,5.0122824
1500082023061,-5.682502,5.9697385,4.9739842
1500082023125,-5.644203,6.103782,4.96441
1500082023190,-5.653778,6.094208,4.9452605
1500082023253,-5.644203,6.113357,4.9069624
1500082023317,-5.6154795,6.094208,5.002708
1500082023381,-5.672927,5.988888,4.935686
1500082023445,-5.6633525,6.1995277,4.8207912
1500082023509,-5.653778,6.1420803,4.887813
1500082023573,-5.634629,6.094208,4.916537
1500082023637,-5.586756,6.0846334,5.021857
1500082023700,-5.692076,5.941015,4.9452605
1500082023764,-5.5963306,6.132506,4.9739842
1500082023828,-5.644203,6.0080366,4.9739842
1500082023892,-5.5963306,6.1995277,4.8973875
1500082023956,-5.5963306,6.113357,4.954835
1500082024020,-5.634629,5.988888,5.002708
1500082024084,-5.634629,6.180379,4.8590894
1500082024147,-5.586756,6.1995277,4.9069624
1500082024211,-5.672927,6.0559096,4.9739842
1500082024275,-5.605905,6.180379,4.8973875
1500082024339,-5.6633525,5.941015,5.021857
1500082024403,-5.653778,6.017611,4.993133
1500082024467,-5.653778,6.065484,4.954835
1500082024531,-5.634629,6.0080366,5.0122824
1500082024595,-5.634629,6.0846334,4.935686
1500082024658,-5.6633525,6.0750585,4.96441
1500082024722,-5.644203,6.0463347,4.993133
1500082024786,-5.653778,5.9697385,5.002708
1500082024850,-5.6633525,6.0559096,4.935686
1500082024914,-5.634629,6.1229315,4.9835587
1500082024978,-5.7016506,5.979313,4.993133
1500082025042,-5.5963306,6.132506,4.9452605
1500082025105,-5.682502,5.950589,4.9835587
1500082025169,-5.653778,5.9697385,5.0314317
1500082025233,-5.653778,6.0367603,4.993133
1500082025297,-5.653778,6.0559096,4.954835
1500082025361,-5.644203,6.0463347,4.9739842
1500082025425,-5.644203,6.103782,4.954835
1500082025489,-5.644203,6.0367603,4.9835587
1500082025553,-5.6250544,6.0750585,4.96441
1500082025616,-5.682502,5.9697385,5.002708
1500082025680,-5.653778,6.065484,4.96441
1500082025744,-5.653778,6.017611,4.96441
1500082025808,-5.6250544,6.065484,4.9739842
1500082025872,-5.6154795,6.132506,4.9069624
1500082025936,-5.6154795,6.1229315,4.9452605
1500082026000,-5.6633525,6.027186,4.887813
1500082026064,-5.6250544,6.1995277,4.916537
1500082026128,-5.6154795,6.0750585,4.9069624
1500082026192,-5.605905,6.094208,4.993133
1500082026255,-5.6154795,6.113357,4.9452605
1500082026319,-5.6250544,6.094208,4.916537
1500082026383,-5.6154795,6.113357,4.935686
1500082026447,-5.634629,6.094208,4.935686
1500082026511,-5.634629,6.0750585,4.9452605
1500082026575,-5.6250544,6.103782,4.935686
1500082026639,-5.6154795,6.0750585,4.954835
1500082026703,-5.682502,6.065484,4.954835
1500082026766,-5.644203,6.0846334,4.926111
1500082026830,-5.6250544,6.0750585,4.9835587
1500082026894,-5.634629,6.027186,4.9835587
1500082026958,-5.6633525,6.065484,4.9739842
1500082027022,-5.644203,6.0463347,4.926111
1500082027086,-5.644203,6.0463347,4.9739842
1500082027150,-5.644203,6.0559096,4.993133
1500082027214,-5.6250544,6.0559096,4.9739842
1500082027277,-5.634629,6.0750585,4.9452605
1500082027341,-5.653778,6.027186,4.9739842
1500082027405,-5.644203,6.065484,4.9739842
1500082027469,-5.634629,6.094208,4.926111
1500082027533,-5.605905,6.065484,4.9835587
1500082027597,-5.692076,5.998462,4.9739842
1500082027661,-5.634629,6.094208,4.916537
1500082027725,-5.634629,6.065484,4.96441
1500082027788,-5.6154795,6.0750585,4.9452605
1500082027852,-5.653778,6.103782,4.935686
1500082027916,-5.644203,6.0463347,4.916537
1500082027980,-5.644203,6.0750585,4.954835
1500082028044,-5.6250544,6.0750585,4.954835
1500082028108,-5.644203,6.0846334,4.935686
1500082028172,-5.644203,6.0846334,4.916537
1500082028235,-5.644203,6.0750585,4.9452605
1500082028299,-5.644203,6.103782,4.926111
1500082028363,-5.644203,6.094208,4.9452605
1500082028427,-5.6154795,6.0750585,4.9452605
1500082028491,-5.653778,6.0846334,4.96441
1500082028555,-5.644203,6.065484,4.9069624
1500082028619,-5.6250544,6.094208,4.96441
1500082028683,-5.634629,6.094208,4.935686
1500082028746,-5.644203,6.094208,4.935686
1500082028810,-5.644203,6.0750585,4.916537
1500082028874,-5.644203,6.0846334,4.954835
1500082028938,-5.6250544,6.065484,4.9452605
1500082029002,-5.634629,6.0750585,4.954835
1500082029066,-5.644203,6.0750585,4.935686
1500082029130,-5.634629,6.0750585,4.9452605
1500082029194,-5.644203,6.065484,4.9835587
1500082029257,-5.653778,6.0559096,4.9452605
1500082029321,-5.605905,6.0750585,4.993133
1500082029385,-5.692076,6.0080366,4.9739842
1500082029449,-5.6154795,6.0846334,4.916537
1500082029513,-5.653778,6.065484,4.9739842
1500082029577,-5.634629,6.0463347,4.9739842
1500082029641,-5.653778,6.0750585,4.954835
1500082029705,-5.634629,6.065484,4.9452605
1500082029768,-5.653778,6.027186,4.9835587
1500082029832,-5.6250544,6.0750585,4.9739842
1500082029896,-5.634629,6.0750585,4.954835
1500082029960,-5.634629,6.065484,4.9452605
1500082030024,-5.653778,6.0367603,4.9835587
1500082030088,-5.644203,6.065484,4.9452605
1500082030152,-5.6250544,6.0750585,4.9739842
1500082030216,-5.653778,6.0367603,4.9739842
1500082030279,-5.644203,6.0846334,4.926111
1500082030343,-5.644203,6.0750585,4.96441
1500082030407,-5.634629,6.065484,4.926111
1500082030471,-5.6154795,6.132506,4.9452605
1500082030535,-5.634629,6.0559096,4.954835
1500082030600,-5.644203,6.0750585,4.9452605
1500082030663,-5.644203,6.0463347,4.9452605
1500082030727,-5.6250544,6.103782,4.9452605
1500082030790,-5.634629,6.094208,4.9452605
1500082030854,-5.634629,6.065484,4.954835
1500082030918,-5.644203,6.0846334,4.926111
1500082030982,-5.6250544,6.113357,4.9452605
1500082031046,-5.644203,6.027186,4.9452605
1500082031110,-5.653778,6.113357,4.96441
1500082031174,-5.653778,6.0463347,4.916537
1500082031237,-5.6250544,6.065484,4.9739842
1500082031301,-5.634629,6.0846334,4.9452605
1500082031365,-5.653778,6.065484,4.96441
1500082031429,-5.644203,6.0367603,4.935686
1500082031493,-5.644203,6.0750585,4.9739842
1500082031557,-5.653778,6.065484,4.9739842
1500082031621,-5.644203,6.0750585,4.926111
1500082031685,-5.644203,6.065484,4.96441
1500082031749,-5.644203,6.0559096,4.954835
1500082031812,-5.644203,6.0463347,4.9739842
1500082031876,-5.6250544,6.103782,4.954835
1500082031940,-5.6633525,6.0080366,4.9739842
1500082032005,-5.6154795,6.113357,4.9452605
1500082032068,-5.653778,6.027186,4.935686
1500082032132,-5.6250544,6.065484,4.993133
1500082032196,-5.634629,6.0846334,4.96441
1500082032259,-5.644203,6.0750585,4.954835
1500082032323,-5.653778,6.027186,4.954835
1500082032387,-5.644203,6.065484,4.9739842
1500082032451,-5.6250544,6.0750585,4.9835587
1500082032515,-5.634629,6.103782,4.926111
1500082032579,-5.6633525,6.0367603,4.954835
1500082032643,-5.634629,6.0750585,4.96441
1500082032706,-5.644203,6.0559096,4.9452605
1500082032770,-5.6154795,6.0846334,4.96441
1500082032834,-5.6633525,6.027186,4.954835
1500082032899,-5.6250544,6.113357,4.916537
1500082032963,-5.634629,6.103782,4.96441
1500082033026,-5.634629,6.0463347,4.9452605
1500082033090,-5.634629,6.132506,4.9452605
1500082033154,-5.634629,6.0846334,4.926111
1500082033218,-5.644203,6.065484,4.954835
1500082033281,-5.6250544,6.065484,4.9452605
1500082033345,-5.6154795,6.113357,4.9452605
1500082033409,-5.634629,6.065484,4.9452605
1500082033473,-5.634629,6.094208,4.954835
1500082033537,-5.6250544,6.0750585,4.9452605
1500082033601,-5.644203,6.0750585,4.954835
1500082033665,-5.6154795,6.113357,4.9452605
1500082033728,-5.6633525,6.017611,4.96441
1500082033792,-5.6250544,6.1229315,4.916537
1500082033856,-5.644203,6.0559096,4.96441
1500082033920,-5.6250544,6.0463347,4.954835
1500082033984,-5.644203,6.1229315,4.954835
1500082034048,-5.644203,6.065484,4.935686
1500082034112,-5.653778,6.027186,4.9739842
1500082034176,-5.634629,6.065484,4.9835587
1500082034239,-5.6250544,6.065484,4.9739842
1500082034303,-5.634629,6.0846334,4.96441
1500082034367,-5.634629,6.0367603,4.96441
1500082034431,-5.644203,6.0367603,4.9739842
1500082034495,-5.6154795,6.0846334,4.993133
1500082034559,-5.6250544,6.0367603,4.96441
1500082034623,-5.634629,6.0846334,4.9835587
1500082034687,-5.6250544,6.027186,4.96441
1500082034750,-5.644203,6.0750585,4.993133
1500082034814,-5.634629,6.0559096,4.954835
1500082034878,-5.634629,6.0463347,4.993133
1500082034942,-5.634629,6.0750585,4.9739842
1500082035006,-5.653778,6.065484,4.96441
1500082035071,-5.644203,6.027186,4.954835
1500082035134,-5.644203,6.0463347,4.9835587
1500082035198,-5.6250544,6.0750585,4.9739842
1500082035261,-5.634629,6.065484,4.9452605
1500082035325,-5.644203,6.0559096,4.954835
1500082035389,-5.653778,6.0559096,4.9739842
1500082035453,-5.644203,6.0463347,4.96441
1500082035517,-5.634629,6.0750585,4.9835587
1500082035581,-5.644203,6.0463347,4.9452605
1500082035644,-5.6154795,6.094208,4.96441
1500082035708,-5.6633525,6.0367603,4.9739842
1500082035772,-5.644203,6.0750585,4.9069624
1500082035836,-5.644203,6.0846334,4.993133
1500082035900,-5.6154795,6.0367603,4.954835
1500082035964,-5.644203,6.103782,4.9739842
1500082036028,-5.634629,6.065484,4.935686
1500082036092,-5.644203,6.0559096,4.96441
1500082036156,-5.6250544,6.065484,4.954835
1500082036220,-5.6250544,6.094208,4.96441
1500082036283,-5.634629,6.0750585,4.926111
1500082036347,-5.634629,6.0846334,4.954835
1500082036411,-5.644203,6.0559096,4.9739842
1500082036475,-5.6250544,6.0750585,4.954835
1500082036539,-5.644203,6.027186,4.9739842
1500082036603,-5.6250544,6.103782,4.9739842
1500082036667,-5.634629,6.017611,4.9835587
1500082036731,-5.644203,6.103782,4.9739842
1500082036796,-5.653778,6.017611,4.96441
1500082036858,-5.634629,6.0367603,4.9835587
1500082036922,-5.634629,6.094208,4.9739842
1500082036986,-5.653778,6.0559096,4.9739842
1500082037050,-5.644203,6.017611,4.96441
1500082037114,-5.644203,6.065484,5.002708
1500082037178,-5.634629,6.0559096,4.9835587
1500082037242,-5.6250544,6.065484,4.954835
1500082037305,-5.634629,6.0463347,4.9739842
1500082037369,-5.634629,6.0367603,4.9835587
1500082037433,-5.634629,6.065484,4.9835587
1500082037497,-5.5963306,6.0750585,4.993133
1500082037561,-5.672927,6.0080366,5.002708
1500082037625,-5.6250544,6.0750585,4.954835
1500082037689,-5.644203,6.0463347,5.002708
1500082037753,-5.6154795,6.0463347,4.9835587
1500082037816,-5.653778,6.0750585,4.9739842
1500082037880,-5.634629,6.0367603,4.9452605
1500082037945,-5.644203,6.0559096,5.0122824
1500082038008,-5.644203,6.017611,4.9739842
1500082038073,-5.6250544,6.0750585,4.9835587
1500082038136,-5.634629,6.065484,4.96441
1500082038200,-5.653778,6.0463347,4.993133
1500082038263,-5.6250544,6.0750585,4.935686
1500082038327,-5.6154795,6.0367603,4.993133
1500082038391,-5.644203,6.065484,4.993133
1500082038455,-5.653778,6.0463347,4.926111
1500082038519,-5.6250544,6.0750585,4.993133
1500082038583,-5.6250544,6.0559096,4.954835
1500082038647,-5.653778,6.094208,4.9739842
1500082038711,-5.634629,6.0463347,4.935686
1500082038775,-5.644203,6.0559096,4.9835587
1500082038838,-5.6250544,6.065484,4.9739842
1500082038902,-5.6250544,6.0846334,4.96441
1500082038966,-5.634629,6.0846334,4.9452605
1500082039030,-5.653778,6.0463347,4.9739842
1500082039094,-5.6250544,6.065484,4.9739842
1500082039158,-5.634629,6.094208,4.9739842
1500082039222,-5.644203,5.998462,4.993133
1500082039286,-5.644203,6.103782,4.96441
1500082039349,-5.644203,6.0463347,4.954835
1500082039413,-5.634629,5.998462,5.002708
1500082039477,-5.6154795,6.103782,4.9835587
1500082039541,-5.653778,6.0463347,4.993133
1500082039605,-5.644203,6.027186,4.9452605
1500082039669,-5.653778,6.0463347,5.0122824
1500082039733,-5.605905,6.0559096,4.9835587
1500082039797,-5.634629,6.0559096,4.9739842
1500082039860,-5.634629,6.0463347,4.96441
1500082039924,-5.644203,6.0367603,5.002708
1500082039989,-5.6250544,6.0559096,4.993133
1500082040053,-5.6250544,6.0559096,4.9739842
1500082040116,-5.6250544,6.0367603,4.9835587
1500082040180,-5.644203,6.0559096,5.002708
1500082040244,-5.634629,6.017611,4.954835
1500082040308,-5.6154795,6.065484,5.021857
1500082040371,-5.634629,6.0463347,4.9739842
1500082040435,-5.653778,6.0846334,4.993133
1500082040499,-5.634629,6.017611,4.954835
1500082040563,-5.644203,6.065484,4.993133
1500082040627,-5.634629,6.065484,4.993133
1500082040691,-5.6250544,6.065484,4.9452605
1500082040755,-5.644203,6.0559096,4.9739842
1500082040819,-5.634629,6.0559096,4.9835587
1500082040882,-5.6250544,6.065484,4.9739842
1500082040946,-5.634629,6.0559096,4.9739842
1500082041010,-5.6154795,6.0846334,4.9739842
1500082041074,-5.644203,6.0367603,4.9835587
1500082041138,-5.6250544,6.103782,4.954835
1500082041202,-5.634629,6.065484,4.9739842
1500082041266,-5.6154795,6.0463347,4.96441
1500082041330,-5.6250544,6.103782,4.954835
1500082041393,-5.653778,6.065484,4.9739842
1500082041457,-5.6250544,6.0750585,4.9452605
1500082041521,-5.6250544,6.0750585,4.993133
1500082041585,-5.6154795,6.103782,4.9739842
1500082041649,-5.644203,6.065484,4.926111
1500082041713,-5.634629,6.0846334,4.9739842
1500082041777,-5.634629,6.065484,4.954835
1500082041841,-5.6250544,6.065484,4.9739842
1500082041904,-5.644203,6.065484,4.9739842
1500082041968,-5.644203,6.0463347,4.9739842
1500082042032,-5.6154795,6.065484,4.993133
1500082042097,-5.692076,5.998462,4.993133
1500082042161,-5.605905,6.094208,4.9452605
1500082042225,-5.644203,6.027186,5.0122824
1500082042288,-5.6250544,6.0367603,4.9739842
1500082042352,-5.634629,6.0750585,4.96441
1500082042415,-5.634629,6.0463347,4.9835587
1500082042479,-5.634629,6.017611,4.9739842
1500082042543,-5.634629,6.0559096,4.993133
1500082042607,-5.6154795,6.065484,4.9739842
1500082042671,-5.6250544,6.065484,4.9739842
1500082042735,-5.634629,6.0463347,4.993133
1500082042799,-5.6250544,6.0559096,4.9835587
1500082042862,-5.644203,6.0367603,4.993133
1500082042926,-5.6250544,6.0750585,4.954835
1500082042990,-5.634629,6.027186,4.9835587
1500082043054,-5.634629,6.0846334,4.993133
1500082043118,-5.653778,6.0367603,4.926111
1500082043182,-5.6250544,6.0846334,4.993133
1500082043246,-5.6250544,6.0750585,4.954835
1500082043310,-5.644203,6.0846334,4.96441
1500082043373,-5.6250544,6.0559096,4.935686
1500082043437,-5.6250544,6.0846334,4.96441
1500082043501,-5.634629,6.0750585,4.9739842
1500082043565,-5.6250544,6.0846334,4.9452605
1500082043629,-5.634629,6.094208,4.954835
1500082043693,-5.634629,6.065484,4.9452605
1500082043757,-5.6154795,6.103782,4.9452605
1500082043821,-5.6250544,6.094208,4.954835
1500082043884,-5.6154795,6.0367603,4.9739842
1500082043948,-5.644203,6.094208,4.96441
1500082044012,-5.634629,6.0463347,4.926111
1500082044076,-5.6154795,6.0750585,4.96441
1500082044140,-5.634629,6.0846334,4.9739842
1500082044204,-5.644203,6.0750585,4.96441
1500082044268,-5.644203,6.0463347,4.935686
1500082044332,-5.634629,6.0463347,4.993133
1500082044395,-5.6250544,6.065484,4.9739842
1500082044459,-5.644203,6.0463347,4.96441
1500082044523,-5.634629,6.0750585,4.9835587
1500082044587,-5.644203,6.0559096,4.96441
1500082044651,-5.6250544,6.0559096,4.993133
1500082044715,-5.6250544,6.0559096,4.9739842
1500082044779,-5.605905,6.0559096,5.002708
1500082044843,-5.672927,6.027186,5.0122824
1500082044906,-5.6250544,6.0463347,4.935686
1500082044970,-5.6250544,6.0559096,5.0122824
1500082045034,-5.634629,6.0463347,4.9739842
1500082045098,-5.644203,6.0846334,4.9739842
1500082045162,-5.6250544,6.027186,4.9452605
1500082045226,-5.644203,6.0559096,5.0122824
1500082045290,-5.644203,6.0559096,4.96441
1500082045354,-5.6154795,6.0846334,4.9835587
1500082045417,-5.634629,6.0367603,4.96441
1500082045490,-5.634629,6.0559096,4.9835587
1500082045545,-5.644203,6.065484,4.96441
1500082045609,-5.644203,6.0750585,4.935686
1500082045673,-5.6154795,6.0559096,4.9739842
1500082045736,-5.634629,6.065484,4.993133
1500082045800,-5.634629,6.0559096,4.9069624
1500082045864,-5.5963306,6.170804,4.9452605
1500082045928,-5.6154795,6.0750585,4.954835
1500082045992,-5.6250544,6.1420803,4.935686
1500082046056,-5.634629,6.0750585,4.916537
1500082046120,-5.605905,6.094208,4.9835587
1500082046184,-5.6250544,6.0750585,4.9452605
1500082046248,-5.605905,6.094208,4.954835
1500082046312,-5.634629,6.094208,4.954835
1500082046375,-5.634629,6.0750585,4.954835
1500082046439,-5.634629,6.0750585,4.9739842
1500082046503,-5.634629,6.0750585,4.954835
1500082046567,-5.6250544,6.065484,4.9739842
1500082046631,-5.6250544,6.0367603,4.9739842
1500082046695,-5.644203,6.0750585,4.9835587
1500082046759,-5.644203,6.0367603,4.954835
1500082046823,-5.6154795,6.0559096,5.002708
1500082046886,-5.6154795,6.0559096,4.9739842
1500082046950,-5.653778,6.0750585,4.9739842
1500082047014,-5.644203,6.017611,4.9739842
1500082047078,-5.634629,6.0463347,5.0122824
1500082047142,-5.6250544,6.065484,4.9835587
1500082047206,-5.6154795,6.0750585,4.9739842
1500082047270,-5.634629,6.0559096,4.954835
1500082047334,-5.6250544,6.0463347,5.002708
1500082047397,-5.6250544,6.0463347,4.96441
1500082047462,-5.605905,6.0846334,4.993133
1500082047526,-5.634629,6.0080366,4.9739842
1500082047589,-5.644203,6.0846334,4.993133
1500082047653,-5.644203,6.0463347,4.954835
1500082047716,-5.6154795,6.0463347,5.002708
1500082047781,-5.6250544,6.0750585,4.9835587
1500082047844,-5.644203,6.0750585,4.9835587
1500082047908,-5.644203,6.027186,4.9452605
1500082047972,-5.634629,6.0463347,4.993133
1500082048037,-5.6250544,6.0750585,4.9835587
1500082048100,-5.6154795,6.0750585,4.9452605
1500082048164,-5.634629,6.0750585,4.993133
1500082048227,-5.634629,6.0559096,4.9739842
1500082048292,-5.644203,6.0846334,4.96441
1500082048355,-5.605905,6.094208,4.9835587
1500082048419,-5.634629,6.027186,4.9835587
1500082048483,-5.6154795,6.1229315,4.9452605
1500082048547,-5.6250544,6.0750585,4.9739842
1500082048611,-5.634629,6.027186,4.9835587
1500082048675,-5.6250544,6.113357,4.96441
1500082048739,-5.653778,6.0559096,4.96441
1500082048802,-5.644203,6.0367603,4.9452605
1500082048866,-5.6250544,6.065484,4.993133
1500082048930,-5.6154795,6.0750585,4.993133
1500082048994,-5.634629,6.0559096,4.96441
1500082049058,-5.644203,6.0559096,4.9739842
1500082049122,-5.644203,6.0559096,4.9835587
1500082049186,-5.6250544,6.0750585,4.9835587
1500082049249,-5.634629,6.027186,4.993133
1500082049313,-5.5963306,6.0750585,4.993133
1500082049377,-5.692076,5.998462,5.002708
1500082049441,-5.605905,6.0846334,4.954835
1500082049505,-5.644203,6.027186,5.002708
1500082049569,-5.6154795,6.0367603,4.993133
1500082049633,-5.644203,6.0846334,4.96441
1500082049697,-5.6250544,6.0559096,4.9835587
1500082049760,-5.644203,5.9697385,5.0314317
1500082049824,-5.6250544,6.0559096,4.993133
1500082049888,-5.6250544,6.0750585,4.9835587
1500082049952,-5.634629,6.0463347,4.96441
1500082050016,-5.644203,6.0367603,4.993133
1500082050080,-5.644203,6.0367603,4.9835587
1500082050144,-5.644203,6.0846334,4.954835
1500082050207,-5.605905,6.0367603,4.993133
1500082050272,-5.644203,6.0463347,4.993133
1500082050336,-5.6250544,6.0750585,4.954835
1500082050400,-5.6250544,6.0559096,4.9739842
1500082050464,-5.6154795,6.0846334,4.9835587
1500082050527,-5.634629,6.0750585,4.9739842
1500082050591,-5.6250544,6.0463347,4.954835
1500082050655,-5.6250544,6.0846334,4.993133
1500082050718,-5.6154795,6.065484,4.9739842
1500082050782,-5.6154795,6.0846334,4.96441
1500082050846,-5.6154795,6.0750585,4.9835587
1500082050910,-5.634629,6.0559096,4.96441
1500082050974,-5.6250544,6.0750585,4.9835587
1500082051038,-5.634629,6.027186,4.9835587
1500082051102,-5.5963306,6.0367603,5.021857
1500082051166,-5.672927,6.0080366,5.002708
1500082051229,-5.6154795,6.065484,4.954835
1500082051293,-5.6250544,6.0367603,5.0122824
1500082051357,-5.6154795,6.0463347,5.002708
1500082051421,-5.653778,6.0559096,4.9739842
1500082051485,-5.634629,6.017611,4.993133
1500082051549,-5.644203,6.0080366,5.0122824
1500082051613,-5.6154795,6.0463347,5.002708
1500082051677,-5.6250544,6.0463347,4.993133
1500082051740,-5.6250544,6.065484,4.96441
1500082051804,-5.644203,6.0080366,5.0122824
1500082051868,-5.6250544,6.0559096,5.002708
1500082051932,-5.605905,6.0559096,4.993133
1500082051996,-5.644203,6.017611,5.0122824
1500082052060,-5.634629,6.065484,4.9835587
1500082052124,-5.653778,6.017611,4.9739842
1500082052188,-5.6250544,6.027186,5.0122824
1500082052251,-5.634629,6.0750585,4.993133
1500082052315,-5.644203,6.0367603,4.9835587
1500082052379,-5.634629,6.0463347,4.993133
1500082052443,-5.644203,6.0080366,5.0122824
1500082052507,-5.6154795,6.065484,4.993133
1500082052571,-5.634629,6.0463347,4.9835587
1500082052635,-5.644203,6.027186,4.9835587
1500082052699,-5.634629,6.0463347,5.002708
1500082052762,-5.6154795,6.0846334,4.954835
1500082052826,-5.6154795,6.017611,4.9835587
1500082052890,-5.644203,6.065484,5.0122824
1500082052954,-5.634629,6.0367603,4.954835
1500082053018,-5.6154795,6.0559096,5.0122824
1500082053082,-5.6250544,6.0463347,4.9835587
1500082053146,-5.634629,6.0846334,5.002708
1500082053210,-5.6250544,6.027186,4.96441
1500082053274,-5.6250544,6.0559096,5.0122824
1500082053337,-5.6250544,6.0559096,4.993133
1500082053402,-5.634629,6.065484,4.96441
1500082053465,-5.644203,6.0367603,5.002708
1500082053529,-5.634629,6.027186,5.0122824
1500082053593,-5.634629,6.0367603,4.9835587
1500082053657,-5.6250544,6.027186,5.002708
1500082053721,-5.6154795,6.0559096,5.002708
1500082053784,-5.653778,5.988888,5.0122824
1500082053848,-5.605905,6.0846334,4.9835587
1500082053912,-5.644203,6.0080366,5.002708
1500082053976,-5.634629,6.017611,5.021857
1500082054040,-5.6154795,6.0846334,4.9739842
1500082054104,-5.634629,6.027186,5.0122824
1500082054168,-5.634629,5.988888,5.002708
1500082054231,-5.634629,6.0367603,5.021857
1500082054295,-5.605905,6.0559096,4.993133
1500082054359,-5.634629,6.0463347,4.993133
1500082054423,-5.634629,6.0367603,5.002708
1500082054487,-5.6250544,6.0463347,5.0122824
1500082054551,-5.644203,6.027186,4.993133
1500082054615,-5.6250544,6.0463347,5.0122824
1500082054679,-5.6633525,6.0080366,5.0122824
1500082054742,-5.6250544,6.0463347,4.9739842
1500082054806,-5.644203,6.0367603,5.021857
1500082054870,-5.6250544,6.0367603,4.9835587
1500082054934,-5.6250544,6.0846334,4.954835
1500082054998,-5.634629,6.0367603,5.002708
1500082055062,-5.6250544,6.0463347,4.993133
1500082055126,-5.6154795,6.0463347,4.9835587
1500082055189,-5.6154795,6.0750585,5.002708
1500082055253,-5.6250544,6.0750585,4.96441
1500082055317,-5.634629,6.0463347,4.993133
1500082055381,-5.5963306,6.0750585,4.9739842
1500082055445,-5.6154795,6.0846334,4.9739842
1500082055509,-5.6154795,6.027186,5.002708
1500082055573,-5.653778,6.0750585,4.993133
1500082055636,-5.6633525,6.0080366,4.9835587
1500082055700,-5.5963306,6.0463347,5.0122824
1500082055764,-5.644203,6.0080366,5.021857
1500082055828,-5.672927,6.065484,4.96441
1500082055892,-5.653778,6.0367603,4.9452605
1500082055956,-5.653778,5.960164,5.021857
1500082056020,-5.634629,6.0367603,5.0122824
1500082056084,-5.653778,6.094208,4.96441
1500082056148,-5.7016506,5.998462,5.0314317
1500082056211,-5.644203,6.0463347,5.002708
1500082056275,-5.653778,6.2378263,4.8590894
1500082056339,-5.5771813,6.1995277,4.9835587
1500082056403,-5.5963306,6.285699,5.17505
1500082056467,-5.6154795,5.941015,5.1654754
1500082056531,-5.7208,5.309094,5.49101
1500082056595,-5.6250544,5.299519,5.9027166
1500082056659,-5.8548436,5.347392,6.1899533
1500082056722,-6.2952733,5.692076,5.538883
1500082056786,-6.4963393,6.668681,5.366541
1500082056850,-6.8027253,8.171887,4.6867476
1500082056914,-7.3197513,7.549541,3.518651
1500082056978,-6.017611,7.3867736,4.2941904
1500082057042,-5.222923,9.454879,5.5101595
1500082057106,-5.194199,8.6697645,4.9739842
1500082057170,-4.6771727,8.258059,4.3803616
1500082057233,-3.2505634,2.9154537,2.7718353
1500082057297,-1.7856555,-1.3930986,1.1824582
1500082057361,0.7228793,0.49308985,1.9101248
1500082057425,4.4090853,1.7377827,2.9537518
1500082057489,4.169721,-1.6707608,8.650616
1500082057553,2.408002,-8.889979,15.525149
1500082057617,-1.7186337,-13.907049,19.594337
1500082057681,-2.5228968,-7.4442205,11.82937
1500082057744,-1.3356512,-4.2463174,5.366541
1500082057808,-1.6803354,-3.0494976,4.658024
1500082057872,-3.5282254,-1.7473572,5.2133484
1500082057936,-3.8633351,-0.043085523,8.11444
1500082058000,-2.0441687,2.5420458,9.598496
1500082058064,0.56968635,4.4473834,8.372953
1500082058128,2.015445,7.156984,7.46337
1500082058192,1.9579976,9.64637,5.960164
1500082058255,1.3356512,9.407005,5.873993
1500082058319,0.6845811,6.9271946,6.1229315
1500082058384,0.40691882,6.5059137,6.285699
1500082058447,0.7228793,8.32508,7.4729443
1500082058512,0.77075213,7.176133,7.204857
1500082058575,0.19627848,7.9420977,8.028269
1500082058638,-1.79523,4.0644007,6.3527207
1500082058702,-2.5516202,5.567607,8.143164
1500082058766,-3.9399316,3.7675896,7.5303917
1500082058830,-5.041006,2.867581,6.1612296
1500082058894,-8.957002,4.4186597,5.9697385
1500082058958,-4.6771727,-1.7282082,5.672927
1500082059005,-8.698488,-0.8760723,9.033598
1500082059021,-5.8548436,0.15798025,8.439975
1500082059037,-3.7101421,1.1633091,7.434646
1500082059054,-6.017611,0.19627848,7.4729443
1500082059069,-7.8846507,2.8963046,5.4431376
1500082059085,-8.21976,5.529309,6.486765
1500082059102,-7.741032,5.797396,6.5537868
1500082059118,-7.46337,4.2175937,5.8548436
1500082059134,-7.2240057,3.9782298,5.941015
1500082059149,-6.716554,5.376116,5.5771813
1500082059165,-6.256975,5.82612,5.2420716
1500082059181,-6.151655,4.811217,5.06973
1500082059197,-6.1612296,4.150572,4.9739842
1500082059213,-6.5346375,4.0356774,4.6005764
1500082059229,-6.783576,3.7484405,4.1888704
1500082059245,-6.6495323,3.8824842,4.131423
1500082059261,-6.850598,4.8973875,3.9686553
1500082059277,-5.8548436,5.194199,4.0069537
1500082059293,-5.0122824,5.1176023,4.2654667
1500082059309,-5.376116,5.605905,4.1026993
1500082059325,-5.49101,5.634629,3.8154624
1500082059341,-5.8165455,5.5484576,3.1548176
1500082059357,-5.2037735,4.9069624,2.8580062
1500082059373,-4.6388745,5.0984535,2.6569405
1500082059389,-4.198445,5.5484576,2.3697038
1500082059405,-4.0069537,5.7016506,1.9675722
1500082059421,-3.8346114,5.835695,2.0250196
1500082059437,-3.2026904,7.003791,2.8771553
1500082059453,-2.972901,8.822957,3.9399316
1500082059469,-1.8814012,7.2240057,3.0686467
1500082059485,-7.6261373,7.3389006,-2.5228968
1500082059500,-5.979313,3.930357,-0.4164934
1500082059517,-1.14416,3.2697124,3.173967
1500082059532,-0.77075213,6.3527207,4.322914
1500082059548,0.64628285,8.066567,6.304848
1500082059565,1.2782038,9.62722,8.746361
1500082059580,1.7569319,9.426155,8.085716
1500082059596,0.9718179,9.579348,12.442142
1500082059612,0.56011176,11.982562,17.708149
1500082059628,1.7473572,12.470865,17.689001
1500082059644,1.2877784,9.952756,14.0793915
1500082059660,0.10053288,6.869747,9.952756
1500082059676,-0.54096264,5.692076,7.511243
1500082059692,-0.49308985,6.1995277,5.7495236
1500082059708,-0.2920241,6.697405,5.2516465
1500082059724,-0.93351966,7.4920936,5.0601554
1500082059740,-0.8090504,6.764427,5.1367517
1500082059756,0.17712937,5.3378177,5.672927
1500082059772,-0.4835153,5.634629,6.0750585
1500082059788,-0.9526688,6.9559183,6.486765
1500082059804,-0.014361841,7.089962,6.6495323
1500082059820,0.10053288,7.2623043,6.304848
1500082059836,-0.30159867,7.7314577,5.912291
1500082059852,-0.6558574,8.181462,5.682502
1500082059868,-0.7420284,8.23891,5.3378177
1500082059884,-0.85692316,7.549541,5.328243
1500082059900,-1.2016073,6.8793216,5.4239883
1500082059916,-0.90479594,6.9559183,5.8931417
1500082059932,-0.3398969,7.6069884,6.2761245
1500082059948,-0.13883112,7.5591154,6.486765
1500082059964,-0.5888355,7.089962,6.2952733
1500082059980,-0.50266445,7.02294,6.2474008
1500082059996,-0.23457673,7.1474094,6.323997
1500082060011,-0.10053288,7.2240057,6.3527207
1500082060027,-0.0718092,7.2910275,6.323997
1500082060043,0.00478728,7.3676243,6.1612296
1500082060059,0.17712937,7.4920936,6.0846334
1500082060075,0.20585304,7.482519,6.0463347
1500082060091,0.18670394,7.3389006,6.113357
