1500078978651,0.2441513,-5.079304,8.00912
1500078978715,0.25372586,-4.389936,8.056993
1500078978779,-0.2154276,-4.303765,9.119769
1500078978843,0.50266445,-7.156984,8.861256
1500078978906,-0.3877697,-1.0771381,13.083637
1500078978970,-16.750694,-8.095291,4.849515
1500078979033,-7.769756,-2.149489,-0.54096264
1500078979097,-2.3697038,-4.2463174,2.6760898
1500078979161,4.045252,-3.0877957,9.272962
1500078979225,7.9037995,-3.930357,8.171887
1500078979288,-13.974071,-1.3356512,4.935686
1500078979352,-4.4186597,-5.7208,4.121848
1500078979416,-8.794233,-2.4175766,4.351638
1500078979479,-8.066567,-3.126094,4.303765
1500078979543,-7.8655014,-3.7005677,4.131423
1500078979607,-7.721883,-4.0644007,4.351638
1500078979671,-7.788905,-4.016528,4.0931244
1500078979734,-7.788905,-3.758015,4.3803616
1500078979798,-8.229335,-2.88673,3.825037
1500078979862,-8.34423,-1.9101248,4.322914
1500078979925,-8.583593,-0.8473486,4.284616
1500078979989,-8.152739,-2.561195,4.342063
1500078980053,-8.248484,-2.3314054,4.284616
1500078980117,-8.1623125,-2.6760898,4.476107
1500078980180,-7.7984796,-2.1590633,5.06973
1500078980244,-8.056993,-2.9250283,4.658024
1500078980308,-8.641041,-2.1399143,5.1176023
1500078980371,-10.393186,0.42606795,5.7495236
1500078980435,-11.321918,1.1633091,1.0196906
1500078980499,-12.518738,-1.3930986,-2.7431116
1500078980562,-14.893229,-7.2718787,-0.6750065
1500078980626,-12.020861,-6.764427,2.8101335
1500078980690,-5.1367517,-7.1186857,5.041006
1500078980754,-2.3792782,-7.0133657,6.4197426
1500078980817,-3.2026904,-7.6740103,6.4005938
1500078980881,-3.2601378,-8.286782,4.8973875
1500078980945,-3.3558834,-8.171887,0.69415563
1500078981008,-3.4420545,-8.889979,-2.2165108
1500078981072,-5.155901,-8.11444,1.4888442
1500078981136,-6.218677,-5.998462,-1.3739494
1500078981200,-8.870831,-5.4718614,-1.469695
1500078981263,-6.2761245,-7.7984796,-1.6037389
1500078981327,-6.103782,-9.253813,-1.1728836
1500078981391,-4.2941904,-8.641041,-3.4803526
1500078981454,-6.180379,-7.2718787,-2.819708
1500078981518,-6.630383,-6.5346375,-1.469695
1500078981582,-6.2378263,-7.0708127,-1.6133134
1500078981646,-4.9452605,-6.4484663,1.4601204
1500078981709,-6.9271946,-8.765511,3.384607
1500078981773,-9.876159,-7.846352,-0.5505372
1500078981837,-9.091045,-6.5729356,-3.1548176
1500078981901,-7.961247,-5.261221,-2.3505547
1500078981965,-6.5825105,-5.194199,-2.8292825
1500078982028,-6.2282515,-6.017611,-1.2590547
1500078982092,-5.7112255,-6.678256,0.8856468
1500078982156,-5.366541,-7.693159,1.6420372
1500078982219,-4.7441945,-8.028269,1.8143792
1500078982283,-4.9835587,-8.085716,1.7569319
1500078982346,-5.7208,-6.831449,2.0250196
1500078982411,-7.4059224,-5.682502,1.7569319
1500078982475,-9.598496,-5.079304,1.5558661
1500078982539,-11.187874,-1.7569319,1.2590547
1500078982601,-13.753856,2.7431116,5.500585
1500078982665,-10.096374,-4.016528,1.383524
1500078982729,-6.745278,-6.180379,3.8729098
1500078982792,-2.647366,-6.0080366,5.28037
1500078982856,-3.0111992,-4.610151,5.2420716
1500078982920,-4.8590894,-3.3080106,4.610151
1500078982984,-7.961247,-3.0111992,4.868664
1500078983047,-10.795317,-2.9824755,5.021857
1500078983111,-11.28362,-1.709059,4.3707867
1500078983176,-9.407005,-0.76117754,3.844186
1500078983238,-7.922949,-0.28244954,3.020774
1500078983302,-7.195282,-0.043085523,2.6952388
1500078983366,-7.5208173,0.19627848,0.20585304
1500078983429,-13.255979,0.90479594,-2.2165108
1500078983493,-13.830453,-3.1165195,9.5889225
1500078983557,-6.9080453,-3.1165195,2.5420458
1500078983620,-9.368708,-1.5079932,2.6377914
1500078983684,-9.129343,-1.0196906,2.7622607
1500078983748,-9.091045,-2.254809,2.149489
1500078983812,-9.378282,-1.469695,2.1111906
1500078983876,-9.31126,-1.6899099,1.9867213
1500078983939,-9.29211,-1.776081,2.0537431
1500078984004,-9.225089,-1.6611862,2.015445
1500078984066,-9.29211,-1.4888442,2.2452345
1500078984130,-9.234664,-1.6803354,2.168638
1500078984194,-9.20594,-1.0388398,2.7909844
1500078984258,-9.014449,-1.6037389,2.7048132
1500078984321,-8.995299,-1.4218222,2.9346027
1500078984385,-8.889979,-1.6324625,3.2697124
1500078984449,-8.918703,-1.6994845,3.0686467
1500078984512,-8.9761505,-1.4122477,3.0111992
1500078984576,-8.9761505,-2.0633178,2.6090677
1500078984640,-9.043172,-2.2356598,2.6090677
1500078984703,-9.014449,-2.3314054,2.3792782
1500078984767,-8.803808,-2.8484318,2.647366
1500078984831,-8.55487,-2.9633265,3.3080106
1500078984895,-8.363379,-3.1452432,3.3558834
1500078984958,-8.028269,-3.825037,3.5090764
1500078985022,-7.664436,-4.6388745,3.844186
1500078985086,-7.9516726,-3.6814184,3.9495063
1500078985149,-8.315506,-3.6526947,3.4612036
1500078985213,-8.612317,-3.6239712,2.34098
1500078985277,-8.708063,-3.6335456,2.4175766
1500078985340,-8.755936,-3.4707782,1.8048047
1500078985404,-8.909128,-3.231414,2.0824668
1500078985468,-9.0814705,-3.0494976,1.8143792
1500078985532,-8.641041,-3.0494976,1.2494801
1500078985595,-8.995299,-2.1973617,1.948423
1500078985659,-8.889979,-2.5994933,2.7909844
1500078985723,-8.708063,-3.5665238,2.7814097
1500078985786,-8.708063,-2.9441774,2.9920502
1500078985850,-8.6697645,-2.9346027,3.020774
1500078985914,-8.487848,-3.6622694,2.666515
1500078985978,-8.497422,-3.499502,2.88673
1500078986041,-8.439975,-3.3558834,3.1356685
1500078986105,-8.353804,-3.5282254,3.3080106
1500078986169,-8.439975,-3.3750327,3.2026904
1500078986232,-8.487848,-3.193116,3.173967
1500078986296,-8.5740185,-3.126094,3.059072
1500078986360,-8.650616,-3.039923,2.8963046
1500078986424,-8.650616,-2.9920502,2.972901
1500078986487,-8.803808,-2.5994933,2.7909844
1500078986551,-8.794233,-2.647366,2.8771553
1500078986615,-8.842107,-2.3697038,2.9250283
1500078986678,-8.861256,-2.254809,2.8771553
1500078986742,-8.889979,-2.1590633,3.0111992
1500078986806,-8.832532,-2.1782124,3.0111992
1500078986870,-8.918703,-2.015445,2.905879
1500078986933,-8.822957,-2.2931073,2.9824755
1500078986997,-8.928278,-2.2643836,2.8484318
1500078987061,-8.861256,-2.427151,2.7431116
1500078987124,-8.679339,-2.8388572,3.1069448
1500078987188,-8.353804,-3.1452432,3.451629
1500078987252,-8.152739,-3.5282254,3.7867386
1500078987315,-8.037844,-3.758015,3.9782298
1500078987379,-8.00912,-3.5569491,3.9590807
1500078987443,-7.9420977,-3.8824842,3.7388659
1500078987506,-7.9133744,-4.2654667,3.7484405
1500078987570,-8.171887,-3.451629,3.671844
1500078987634,-8.11444,-3.5856729,3.7388659
1500078987698,-8.143164,-3.7484405,3.5282254
1500078987761,-8.21976,-3.4037561,3.4324799
1500078987825,-8.439975,-2.8963046,3.7101421
1500078987889,-8.583593,-3.0494976,3.1835413
1500078987953,-8.765511,-2.666515,3.173967
1500078988016,-9.024023,-3.1069448,3.1548176
1500078988080,-11.15915,-2.6856642,2.800559
1500078988144,-15.458128,1.1728836,-3.8729098
1500078988208,-13.495343,2.8963046,0.11968201
1500078988271,-10.153821,1.5654407,1.929274
1500078988335,-5.835695,2.2069361,2.427151
1500078988398,-3.193116,2.9920502,4.437809
1500078988462,-6.8027253,4.73462,3.5569491
1500078988526,-7.4442205,3.2026904,3.9686553
1500078988590,-3.2888615,3.9590807,5.1654754
1500078988653,-1.929274,1.5079932,6.611234
1500078988717,-2.752686,1.6324625,8.545295
1500078988781,-4.3324885,5.5771813,11.49426
1500078988844,-2.972901,2.0441687,9.043172
1500078988908,-2.9633265,4.4090853,8.152739
1500078988973,-2.4654493,3.2984362,7.6452866
1500078989036,-2.8771553,1.929274,9.339984
1500078989108,-2.6569405,0.70373017,9.493176
1500078989163,-2.5516202,2.3026817,9.349558
1500078989227,-2.3505547,0.49308985,9.684668
1500078989290,-2.7239625,2.5420458,10.115523
1500078989354,-2.34098,3.671844,9.560199
1500078989418,-1.9962958,9.301685,7.9516726
1500078989481,-1.8814012,10.144247,6.975067
1500078989545,-1.4122477,7.7123084,6.7740016
1500078989609,-0.71330476,5.0505805,6.027186
1500078989672,-0.110107444,3.2601378,6.0367603
1500078989736,0.3877697,0.8186249,6.180379
1500078989800,-0.062234644,-0.70373017,6.9463434
1500078989864,-0.13883112,-1.5175679,8.928278
1500078989927,0.00478728,-2.1303396,9.809137
1500078989991,-0.5792609,3.039923,12.298523
1500078990055,0.69415563,6.4197426,6.7357035
1500078990118,0.8473486,8.334655,0.00478728
1500078990182,0.44521707,9.703817,-2.3314054
1500078990246,0.25372586,9.579348,-4.0069537
1500078990310,-1.0675635,9.158067,-6.285699
1500078990373,-0.6845811,11.379365,-6.065484
1500078990437,-1.6037389,10.019777,-6.5729356
1500078990501,-1.7473572,8.430401,-8.564445
1500078990565,0.59841,5.682502,-6.1612296
1500078990628,-1.0388398,8.851681,-3.384607
1500078990692,-0.014361841,3.4133308,-5.3569665
1500078990756,2.0058703,3.7867386,-9.98148
1500078990819,0.5888355,9.18679,-9.215514
1500078990883,-0.2920241,4.7537694,-9.435729
1500078990947,-0.59841,3.8537605,-7.788905
1500078991010,0.27287498,1.6133134,-9.770839
1500078991074,-0.33032233,2.800559,-9.665519
1500078991138,-0.39734426,4.0548263,-9.445304
1500078991202,-1.14416,2.9537518,-10.153821
1500078991265,-2.0250196,1.929274,-11.130426
1500078991329,-1.1250108,2.101616,-10.747444
1500078991393,-0.5888355,1.8048047,-10.555953
1500078991456,-0.14840569,2.1207652,-9.761265
1500078991520,-0.49308985,2.6282167,-9.780414
1500078991584,-1.0962871,4.0644007,-8.861256
1500078991648,-1.5558661,4.1122737,-8.9761505
1500078991711,-1.5558661,4.6771727,-9.215514
1500078991775,-1.9579976,4.8207912,-9.119769
1500078991839,-2.101616,3.8920588,-8.899554
1500078991902,-1.7665064,4.2080193,-8.851681
1500078991966,-1.5079932,3.8537605,-9.397431
1500078992030,-1.1154363,4.1122737,-9.138918
1500078992094,-1.3165021,3.5856729,-9.512326
1500078992158,-1.4888442,3.451629,-9.349558
1500078992222,-1.9005502,3.604822,-9.426155
1500078992285,-2.0537431,3.5665238,-9.426155
1500078992348,-1.79523,3.9782298,-9.253813
1500078992413,-1.4601204,3.6239712,-9.225089
1500078992476,-1.4792696,3.6335456,-9.263388
1500078992540,-1.4313968,3.365458,-9.5219
1500078992604,-1.7377827,2.7048132,-9.636795
1500078992667,-1.6611862,3.193116,-9.330409
1500078992731,-2.1111906,3.020774,-9.148493
1500078992794,-2.034594,3.2409887,-8.755936
1500078992858,-1.948423,3.7675896,-9.014449
1500078992922,-2.2643836,3.3558834,-9.474028
1500078992985,-2.34098,3.0973704,-9.29211
1500078993049,-2.3697038,4.2080193,-9.091045
1500078993113,-2.561195,5.3952646,-8.717637
1500078993177,-2.6760898,5.82612,-9.234664
1500078993240,-4.1409974,3.9399316,-9.0814705
1500078993304,-4.1601467,5.06973,-7.434646
1500078993368,-4.0548263,5.2707953,-7.7793303
1500078993432,-4.3803616,6.323997,-7.2240057
1500078993495,-4.9452605,7.7984796,-6.5059137
1500078993559,-6.5825105,6.3527207,-5.414414
1500078993623,-7.8176284,7.3389006,-1.5558661
1500078993686,-8.545295,6.151655,-4.284616
1500078993750,-7.5399666,1.9867213,-3.1165195
1500078993814,-6.458041,1.929274,-0.00478728
1500078993877,-5.5771813,1.5462915,0.22500217
1500078993941,-11.82937,-4.5718527,-3.173967
1500078994006,-11.685751,3.8346114,1.383524
1500078994069,-8.516571,-4.3324885,2.8580062
1500078994133,-8.564445,-4.4473834,3.0016246
1500078994205,-8.746361,-3.5760984,3.1069448
1500078994260,-9.29211,-2.494173,3.758015
1500078994323,-7.9325233,-2.5994933,3.844186
1500078994387,-6.094208,-1.6324625,3.7867386
1500078994451,-6.333572,-1.8335283,3.5952475
1500078994514,-8.372953,-3.6526947,1.929274
1500078994578,-13.179382,-4.7058964,6.458041
1500078994642,-6.8601727,-2.9824755,4.0356774
1500078994705,-8.32508,-4.0069537,3.6526947
1500078994769,-7.9133744,-4.303765,3.777164
1500078994833,-8.133589,-4.0548263,3.4612036
1500078994897,-8.11444,-4.1888704,3.2505634
1500078994960,-7.9899707,-4.3803616,3.2218397
1500078995024,-7.9133744,-4.476107,3.1452432
1500078995088,-7.922949,-4.504831,3.0877957
1500078995151,-7.9037995,-4.4090853,3.231414
1500078995215,-7.9420977,-4.236743,3.4803526
1500078995279,-7.9037995,-4.3133397,3.5569491
1500078995343,-8.066567,-4.303765,3.2505634
1500078995406,-8.152739,-4.2463174,3.0303483
1500078995470,-8.459125,-3.6526947,2.7239625
1500078995534,-8.679339,-3.231414,2.714388
1500078995597,-8.851681,-3.0686467,2.5324712
1500078995661,-8.937852,-2.2356598,2.5994933
1500078995725,-9.033598,-1.7282082,2.867581
1500078995788,-8.909128,-1.4888442,3.1069448
1500078995852,-8.995299,-1.0771381,3.1835413
1500078995916,-9.119769,-1.2207564,2.7431116
1500078995980,-9.043172,-1.2590547,2.9920502
1500078996043,-9.033598,-1.1154363,3.020774
1500078996107,-8.889979,-1.6994845,3.1548176
1500078996171,-8.985725,-1.2494801,3.0494976
1500078996235,-8.880404,-1.3739494,3.3080106
1500078996298,-8.842107,-1.1920328,3.3941817
1500078996362,-8.832532,-1.1824582,3.4420545
1500078996426,-8.851681,-1.2303311,3.518651
1500078996489,-9.474028,-1.8431029,3.2697124
1500078996553,-10.230418,-1.2494801,3.4707782
1500078996617,-9.655944,0.014361841,3.4133308
1500078996680,-4.1888704,-0.17712937,-0.03351096
1500078996744,-10.220843,0.28244954,6.094208
1500078996808,-10.5080805,-0.64628285,3.126094
1500078996872,-8.564445,-2.0824668,2.6090677
1500078996935,-9.024023,-1.5558661,3.078221
1500078996999,-9.234664,-1.3356512,2.494173
1500078997063,-9.18679,-0.7994758,2.905879
1500078997126,-9.100619,-1.9196993,2.561195
1500078997190,-8.794233,-2.2452345,3.2218397
1500078997254,-8.851681,-2.3122563,2.8388572
1500078997317,-8.641041,-2.867581,3.126094
1500078997381,-8.832532,-1.948423,3.0686467
1500078997445,-8.755936,-1.7473572,3.499502
1500078997509,-8.602742,-2.1399143,3.6143966
1500078997572,-8.688913,-1.9675722,3.518651
1500078997636,-8.765511,-2.0728924,3.2792869
1500078997700,-8.612317,-2.2356598,3.5569491
1500078997763,-8.6697645,-1.9771467,3.5090764
1500078997827,-8.736787,-1.9579976,3.4133308
1500078997891,-8.727212,-2.015445,3.4803526
1500078997955,-8.6697645,-2.0633178,3.5090764
1500078998018,-8.6697645,-2.0728924,3.5856729
1500078998082,-8.679339,-1.9196993,3.5665238
1500078998146,-8.679339,-2.101616,3.4612036
1500078998210,-8.66019,-1.9388485,3.5569491
1500078998273,-8.736787,-1.9101248,3.4707782
1500078998337,-8.66019,-2.2452345,3.451629
1500078998401,-8.746361,-1.8909757,3.4037561
1500078998465,-8.803808,-1.8048047,3.346309
1500078998528,-8.832532,-1.8526775,3.3271596
1500078998592,-8.717637,-1.8909757,3.451629
1500078998655,-8.7750845,-1.9196993,3.365458
1500078998719,-8.7750845,-1.862252,3.365458
1500078998783,-8.803808,-1.8335283,3.3175852
1500078998847,-8.870831,-1.7186337,3.2601378
1500078998910,-8.870831,-1.4888442,3.173967
1500078998974,-8.937852,-1.7282082,3.1452432
1500078999038,-8.842107,-2.2931073,3.0111992
1500078999102,-9.033598,-1.7665064,3.059072
1500078999167,-8.918703,-1.79523,3.020774
1500078999229,-8.7750845,-1.709059,3.3175852
1500078999293,-8.870831,-1.4505459,3.2026904
1500078999356,-8.870831,-1.7473572,3.2505634
1500078999429,-8.937852,-1.6611862,3.0686467
1500078999484,-8.880404,-1.6516117,3.1165195
1500078999547,-8.909128,-1.7377827,3.078221
1500078999611,-8.870831,-1.5462915,3.173967
1500078999675,-8.765511,-1.9579976,3.1069448
1500078999738,-8.736787,-2.5324712,3.3271596
1500078999802,-8.937852,-2.015445,2.9441774
1500078999866,-9.014449,-1.7282082,2.8771553
1500078999930,-8.928278,-1.7856555,3.0686467
1500078999993,-8.822957,-1.8814012,3.1548176
1500079000057,-8.928278,-1.79523,3.020774
1500079000121,-8.9761505,-2.1111906,3.0111992
1500079000185,-9.033598,-1.4792696,3.212265
1500079000248,-9.483603,-1.8431029,2.9537518
1500079000312,-10.010203,-0.5792609,4.3612123
1500079000376,-10.517654,2.819708,6.9271946
1500079000439,-6.9080453,-1.5845897,0.19627848
1500079000503,-4.2175937,-4.1601467,-1.1058618
1500079000567,-9.943181,-0.6750065,6.1995277
1500079000630,-12.087883,2.015445,5.519734
1500079000694,-8.018694,-2.513322,1.929274
1500079000758,-8.957002,-1.7856555,4.0548263
1500079000821,-9.100619,-1.5462915,3.020774
1500079000885,-9.320834,-0.9718179,2.494173
1500079000949,-8.985725,-1.6803354,3.059072
1500079001013,-8.918703,-1.4313968,3.078221
1500079001076,-8.851681,-1.9196993,3.1069448
1500079001140,-8.899554,-1.9101248,3.1356685
1500079001204,-8.851681,-1.8239537,3.193116
1500079001267,-8.822957,-1.7569319,3.2697124
1500079001331,-8.889979,-1.622888,3.2026904
1500079001395,-8.861256,-1.5271424,3.3175852
1500079001458,-8.813383,-1.4888442,3.4707782
1500079001522,-8.889979,-0.6750065,3.4037561
1500079001586,-8.870831,-0.69415563,3.4420545
1500079001650,-8.832532,-0.5505372,3.4707782
1500079001713,-8.995299,-0.13883112,3.2984362
1500079001777,-9.033598,-0.28244954,3.2218397
1500079001841,-8.947427,-0.512239,3.3367343
1500079001905,-8.928278,-0.77075213,3.3558834
1500079001969,-9.014449,-0.71330476,3.2697124
1500079002033,-8.966576,-0.78032666,3.2792869
1500079002096,-9.062322,-0.39734426,3.2218397
1500079002159,-8.842107,-1.0962871,3.231414
1500079002223,-8.5740185,-2.819708,3.2026904
1500079002287,-8.650616,-3.3558834,2.6186423
1500079002350,-8.5740185,-3.8346114,2.5516202
1500079002415,-8.459125,-4.045252,1.9196993
1500079002478,-8.181462,-5.002708,1.9867213
1500079002542,-7.999545,-5.222923,1.8526775
1500079002605,-7.693159,-5.5484576,2.0920415
1500079002669,-7.482519,-5.7112255,2.4654493
1500079002733,-7.3676243,-5.7495236,2.867581
1500079002796,-7.310177,-5.806971,2.8771553
1500079002860,-7.4920936,-5.7112255,2.3505547
1500079002924,-7.501668,-5.82612,2.187787
1500079002987,-7.635712,-5.605905,2.2356598
1500079003051,-7.721883,-5.500585,2.1590633
1500079003115,-7.8655014,-5.5101595,1.8335283
1500079003180,-8.076141,-5.146326,1.4409714
1500079003242,-8.21976,-4.935686,1.4601204
1500079003306,-8.32508,-4.7537694,1.6420372
1500079003370,-8.459125,-4.2463174,2.0824668
1500079003434,-8.545295,-4.0548263,1.9196993
1500079003497,-8.717637,-3.5952475,2.0824668
1500079003561,-8.746361,-3.384607,2.5324712
1500079003625,-8.861256,-2.8580062,2.6569405
1500079003688,-8.947427,-2.015445,2.7909844
1500079003752,-9.100619,-0.9430942,2.8771553
1500079003816,-8.985725,-1.3643749,3.1069448
1500079003879,-9.024023,-1.3452257,2.9441774
1500079003943,-8.918703,-1.0101161,3.1835413
1500079004007,-8.9761505,-0.46436617,3.3367343
1500079004071,-8.966576,-0.6750065,3.2505634
1500079004134,-8.918703,-1.0675635,3.2505634
1500079004198,-9.014449,-0.70373017,3.212265
1500079004263,-9.004874,-0.93351966,3.212265
1500079004326,-9.0814705,-1.1537346,3.0686467
1500079004390,-8.822957,-1.5175679,3.231414
1500079004453,-8.813383,-1.8909757,3.2218397
1500079004516,-8.535721,-2.4367256,3.059072
1500079004580,-8.363379,-3.8346114,3.231414
1500079004644,-8.382527,-3.5760984,2.6760898
1500079004708,-8.34423,-4.2463174,2.7048132
1500079004771,-8.056993,-4.5144053,2.733537
1500079004835,-7.875076,-5.2133484,2.733537
1500079004899,-7.9420977,-5.079304,2.3792782
1500079004962,-7.875076,-4.9835587,2.0920415
1500079005026,-7.7123084,-5.1654754,2.800559
1500079005090,-7.6261373,-5.309094,2.9346027
1500079005153,-7.635712,-5.2420716,2.905879
1500079005217,-7.7123084,-5.17505,2.752686
1500079005281,-7.7601814,-5.2707953,2.4845984
1500079005345,-7.8655014,-5.146326,2.427151
1500079005408,-7.961247,-5.041006,2.2931073
1500079005472,-8.095291,-4.849515,2.1303396
1500079005536,-8.181462,-4.4856815,2.494173
1500079005600,-8.363379,-3.7867386,2.9346027
1500079005663,-8.516571,-3.2601378,3.0111992
1500079005727,-8.842107,-2.88673,2.7048132
1500079005791,-8.688913,-2.5037475,2.9537518
1500079005854,-8.7750845,-1.4601204,3.3367343
1500079005918,-9.014449,-1.1633091,3.1548176
1500079005982,-8.861256,-1.5941644,3.4133308
1500079006045,-8.7750845,-1.469695,3.4324799
1500079006109,-9.091045,-0.45479164,3.1643922
1500079006173,-9.014449,-0.8952214,3.2505634
1500079006237,-8.813383,-1.3739494,3.3558834
1500079006300,-9.024023,-1.2111819,3.173967
1500079006364,-8.985725,-1.2399056,3.193116
1500079006428,-8.727212,-2.4175766,3.2409887
1500079006491,-8.55487,-2.8963046,2.5707695
1500079006555,-8.822957,-1.8718265,4.236743
1500079006619,-8.34423,-2.9346027,2.9441774
1500079006683,-8.353804,-4.2080193,2.7814097
1500079006746,-8.124015,-4.73462,2.5037475
1500079006810,-7.8655014,-4.926111,2.3026817
1500079006874,-7.7601814,-5.2899446,2.475024
1500079006937,-7.56869,-5.4718614,2.4463003
1500079007001,-7.5208173,-5.462287,2.7909844
1500079007065,-7.702734,-5.376116,2.5899186
1500079007129,-7.721883,-5.3952646,2.7048132
1500079007192,-7.8272033,-5.0984535,2.647366
1500079007256,-8.028269,-4.887813,2.2452345
1500079007320,-8.095291,-4.619725,2.2835326
1500079007383,-8.171887,-4.466532,2.513322
1500079007447,-8.277207,-4.476107,2.2356598
1500079007511,-8.506997,-3.8824842,2.3888528
1500079007575,-8.612317,-3.173967,2.733537
1500079007638,-8.861256,-2.9346027,2.5899186
1500079007702,-8.966576,-1.9867213,2.8388572
1500079007766,-8.985725,-1.4792696,3.0494976
1500079007829,-9.043172,-0.50266445,3.0877957
1500079007893,-8.842107,-1.0005416,3.346309
1500079007957,-8.957002,-0.44521707,3.6143966
1500079008021,-9.110194,-0.09095833,3.1643922
1500079008084,-8.870831,-0.512239,3.5665238
1500079008148,-8.851681,-1.0962871,3.365458
1500079008212,-9.004874,-0.54096264,3.3175852
1500079008275,-8.966576,-0.56968635,3.3271596
1500079008339,-8.995299,-1.3930986,3.231414
1500079008403,-8.918703,-1.6516117,3.1452432
1500079008467,-8.784659,-2.1207652,3.1356685
1500079008530,-8.439975,-2.800559,3.231414
1500079008594,-8.593168,-3.0016246,3.1069448
1500079008658,-8.392102,-4.322914,2.6282167
1500079008721,-8.34423,-4.4090853,2.187787
1500079008785,-7.9708214,-5.2037735,2.1111906
1500079008849,-7.808054,-5.414414,1.8909757
1500079008912,-7.7793303,-5.222923,2.4175766
1500079008976,-7.501668,-5.739949,2.4175766
1500079009040,-7.501668,-5.5580325,2.7718353
1500079009104,-7.549541,-5.5771813,2.561195
1500079009168,-7.6740103,-5.4718614,2.3888528
1500079009231,-7.808054,-5.309094,2.1111906
1500079009296,-7.7506065,-5.088879,2.7239625
1500079009359,-7.894225,-4.73462,2.9441774
1500079009423,-8.076141,-4.3803616,3.078221
1500079009495,-8.296356,-4.495256,2.2452345
1500079009550,-8.2676325,-4.131423,2.7718353
1500079009613,-8.439975,-3.3750327,3.365458
1500079009677,-8.583593,-2.7239625,3.3558834
1500079009741,-8.641041,-2.2260852,3.2984362
1500079009804,-8.794233,-1.2303311,3.3558834
1500079009868,-8.803808,-1.0196906,3.7675896
1500079009932,-9.20594,0.2154276,3.1069448
1500079009996,-8.928278,-0.7228793,3.212265
1500079010059,-8.880404,-1.0867126,3.384607
1500079010123,-8.937852,-0.8473486,3.3558834
1500079010187,-8.880404,-0.9718179,3.451629
1500079010250,-8.928278,-1.0005416,3.4037561
1500079010314,-8.918703,-0.9622433,3.4133308
1500079010378,-8.899554,-0.91437054,3.346309
1500079010442,-8.822957,-1.2111819,3.4803526
1500079010505,-8.813383,-1.6803354,3.3080106
1500079010569,-8.650616,-2.6377914,3.3558834
1500079010633,-8.727212,-2.0824668,3.0016246
1500079010696,-8.621892,-2.752686,3.039923
1500079010760,-8.32508,-4.1888704,3.1643922
1500079010824,-7.999545,-5.041006,2.867581
1500079010888,-8.018694,-4.696322,2.1111906
1500079010951,-7.808054,-5.232497,2.2835326
1500079011015,-7.7123084,-5.5771813,1.9675722
1500079011079,-7.5782647,-5.7112255,2.1973617
1500079011142,-7.482519,-5.692076,2.5516202
1500079011206,-7.635712,-5.605905,2.254809
1500079011270,-7.664436,-5.653778,2.0537431
1500079011333,-7.7123084,-5.4718614,2.2452345
1500079011397,-7.808054,-5.17505,2.5324712
1500079011461,-7.9420977,-4.993133,2.4558747
1500079011525,-8.1623125,-4.6771727,2.2739582
1500079011588,-8.372953,-4.2080193,2.360129
1500079011652,-8.631466,-3.5090764,2.5707695
1500079011716,-8.679339,-3.0973704,2.6856642
1500079011779,-8.889979,-2.427151,2.7048132
1500079011843,-8.784659,-2.5228968,3.2409887
1500079011907,-8.564445,-0.42606795,4.0644007
1500079011971,-9.119769,-0.043085523,3.231414
1500079012035,-8.928278,-0.9622433,3.4037561
1500079012099,-8.7750845,-0.4356425,3.6143966
1500079012163,-9.024023,0.3877697,3.384607
1500079012226,-8.880404,-0.7228793,3.4899273
1500079012290,-8.870831,-0.61755913,3.499502
1500079012353,-8.985725,-0.2920241,3.3941817
1500079012418,-8.889979,-0.69415563,3.4324799
1500079012480,-8.957002,-0.71330476,3.3558834
1500079012545,-8.995299,-0.8856468,3.3175852
1500079012609,-8.679339,-2.3505547,3.2697124
1500079012672,-8.861256,-1.7186337,3.1165195
1500079012735,-8.966576,-1.6037389,3.0303483
1500079012799,-8.5740185,-3.5282254,2.8388572
1500079012863,-8.497422,-3.5378,3.0016246
1500079012926,-8.439975,-3.7388659,2.8388572
1500079012990,-8.55487,-3.9782298,1.9005502
1500079013054,-8.353804,-4.782493,2.0058703
1500079013117,-8.104865,-4.763344,2.0920415
1500079013181,-7.9899707,-4.9835587,2.4845984
1500079013245,-7.9516726,-5.3378177,1.7186337
1500079013309,-7.9325233,-5.4431376,1.6707608
1500079013372,-7.9325233,-5.2707953,2.0633178
1500079013436,-8.047418,-4.954835,2.2069361
1500079013500,-7.9899707,-4.9452605,1.9867213
1500079013563,-8.056993,-4.8782387,2.3697038
1500079013627,-8.104865,-4.9452605,2.1973617
1500079013691,-8.258059,-4.4473834,2.34098
1500079013755,-8.487848,-3.9686553,2.1303396
1500079013818,-8.7750845,-3.3080106,2.3122563
1500079013882,-8.813383,-2.5707695,2.8101335
1500079013946,-8.995299,-1.9962958,2.8388572
1500079014009,-8.937852,-1.7377827,2.8292825
1500079014073,-8.947427,-0.751603,3.2697124
1500079014137,-8.947427,-0.59841,3.4037561
1500079014201,-8.880404,-0.6750065,3.5473747
1500079014264,-8.985725,-0.47394073,3.3367343
1500079014328,-8.985725,-0.61755913,3.2601378
1500079014393,-8.957002,-0.2441513,3.4037561
1500079014456,-8.937852,-0.7228793,3.2792869
1500079014520,-8.889979,-1.0867126,3.3558834
1500079014592,-8.937852,-0.8664977,3.3175852
1500079014647,-8.928278,-0.90479594,3.3175852
1500079014710,-8.918703,-0.90479594,3.3941817
1500079014774,-8.937852,-0.8760723,3.3367343
1500079014838,-8.947427,-0.8473486,3.3558834
1500079014901,-8.937852,-0.7994758,3.3367343
1500079014965,-8.937852,-1.0101161,3.3941817
1500079015029,-8.851681,-1.3452257,3.2792869
1500079015093,-8.822957,-1.5654407,3.2026904
1500079015156,-8.822957,-2.7718353,2.9250283
1500079015220,-8.583593,-3.193116,2.714388
1500079015284,-8.439975,-3.3367343,2.8101335
1500079015347,-8.210186,-4.4186597,3.0111992
1500079015411,-7.961247,-4.7058964,2.6090677
1500079015475,-7.961247,-5.0122824,2.7909844
1500079015539,-7.8367777,-5.2133484,2.2165108
1500079015602,-7.654861,-5.3952646,2.3984275
1500079015666,-7.5782647,-5.5963306,2.4367256
1500079015730,-7.5974135,-5.605905,2.4175766
1500079015793,-7.6835847,-5.481436,2.5037475
1500079015857,-7.654861,-5.376116,2.4463003
1500079015921,-7.9037995,-5.2707953,1.9962958
1500079015985,-7.9133744,-5.1176023,2.3026817
1500079016048,-7.9803963,-4.926111,2.4845984
1500079016112,-8.076141,-4.7250457,2.5994933
1500079016176,-8.363379,-4.275041,2.494173
1500079016239,-8.631466,-3.6239712,2.580344
1500079016303,-8.736787,-2.5324712,2.6282167
1500079016367,-8.957002,-2.6186423,2.2165108
1500079016431,-8.918703,-1.3930986,3.2792869
1500079016494,-8.803808,-1.1824582,3.3941817
1500079016558,-8.832532,-0.8856468,3.2888615
1500079016622,-9.004874,-0.12925656,3.4612036
1500079016685,-8.899554,-1.1154363,3.2792869
1500079016749,-8.957002,-0.7228793,3.4133308
1500079016813,-8.937852,-0.7420284,3.3750327
1500079016877,-8.832532,-1.2782038,3.4037561
1500079016940,-8.889979,-1.0867126,3.384607
1500079017004,-8.909128,-1.1920328,3.365458
1500079017068,-8.889979,-1.3548003,3.3941817
1500079017131,-8.9761505,-0.92394507,3.2601378
1500079017195,-8.755936,-1.6707608,3.2409887
1500079017259,-8.602742,-3.0877957,3.3080106
1500079017322,-8.688913,-2.5420458,3.0686467
1500079017386,-8.526146,-2.88673,3.078221
1500079017450,-8.21976,-3.8346114,3.1452432
1500079017514,-8.152739,-4.4090853,3.0303483
1500079017577,-8.085716,-4.5910015,2.7909844
1500079017641,-7.9325233,-4.7537694,2.8101335
1500079017705,-7.7314577,-5.108028,2.9633265
1500079017768,-7.788905,-5.021857,2.8292825
1500079017832,-7.7793303,-5.021857,2.8771553
1500079017896,-7.808054,-5.0122824,2.8292825
1500079017960,-7.875076,-4.8782387,2.7622607
1500079018023,-7.9899707,-4.581427,2.9154537
1500079018087,-8.076141,-4.4473834,2.7909844
1500079018151,-8.430401,-3.7963133,2.9441774
1500079018214,-8.688913,-3.3558834,2.4558747
1500079018278,-8.803808,-2.2931073,2.7909844
1500079018342,-8.717637,-1.7856555,3.4229054
1500079018406,-8.746361,-1.0005416,3.7197168
1500079018469,-8.870831,0.03351096,3.6526947
1500079018533,-8.870831,-1.0388398,3.4803526
1500079018597,-8.7750845,-1.3452257,3.6143966
1500079018660,-8.899554,-0.8473486,3.4707782
1500079018724,-8.832532,-1.3260766,3.451629
1500079018788,-8.842107,-1.2303311,3.4133308
1500079018852,-8.909128,-1.0196906,3.3271596
1500079018915,-8.822957,-1.3548003,3.4612036
1500079018979,-8.803808,-1.2686293,3.4707782
1500079019043,-8.899554,-0.93351966,3.4133308
1500079019106,-8.880404,-0.98139244,3.4324799
1500079019170,-8.851681,-1.1250108,3.4324799
1500079019234,-8.880404,-0.9526688,3.4324799
1500079019298,-8.813383,-1.0484143,3.5090764
1500079019361,-8.861256,-1.0005416,3.4803526
1500079019425,-8.880404,-1.0005416,3.4324799
1500079019490,-8.880404,-1.0675635,3.4612036
1500079019553,-8.842107,-1.0292653,3.518651
1500079019616,-8.870831,-0.98139244,3.4420545
1500079019681,-8.861256,-0.9430942,3.451629
1500079019744,-8.851681,-1.1058618,3.4803526
1500079019807,-8.889979,-0.9622433,3.4133308
1500079019871,-8.861256,-1.0101161,3.4612036
1500079019935,-8.842107,-1.0388398,3.451629
1500079019999,-8.870831,-1.0962871,3.451629
1500079020062,-8.861256,-1.0962871,3.4612036
1500079020126,-8.851681,-1.0484143,3.4420545
1500079020190,-8.842107,-1.1154363,3.4707782
1500079020253,-8.842107,-1.0196906,3.518651
1500079020317,-8.861256,-1.0101161,3.4612036
1500079020381,-8.822957,-1.0292653,3.518651
1500079020445,-8.851681,-1.0388398,3.4612036
1500079020508,-8.861256,-1.0771381,3.4707782
1500079020572,-8.870831,-1.0005416,3.4803526
1500079020636,-8.851681,-0.9526688,3.4803526
1500079020699,-8.842107,-1.0196906,3.5090764
1500079020763,-8.794233,-1.0388398,3.604822
1500079020827,-8.870831,-0.8856468,3.499502
1500079020891,-8.832532,-1.0101161,3.518651
1500079020954,-8.794233,-1.0292653,3.6143966
1500079021018,-8.851681,-0.9526688,3.518651
1500079021082,-8.822957,-0.92394507,3.5473747
1500079021145,-8.803808,-1.0196906,3.5952475
1500079021209,-8.803808,-1.0005416,3.6143966
1500079021273,-8.803808,-0.8856468,3.604822
1500079021337,-8.813383,-1.0292653,3.604822
1500079021400,-8.822957,-1.0292653,3.5090764
1500079021464,-8.755936,-1.0101161,3.7292912
1500079021528,-8.765511,-0.8664977,3.7101421
1500079021591,-8.784659,-0.9622433,3.671844
1500079021655,-8.784659,-0.99096704,3.6526947
1500079021719,-8.794233,-1.0196906,3.6335456
1500079021783,-8.794233,-0.98139244,3.6239712
1500079021847,-8.755936,-1.0484143,3.671844
1500079021912,-8.784659,-0.99096704,3.6335456
1500079021974,-8.784659,-1.0292653,3.6431203
1500079022037,-8.813383,-0.93351966,3.6239712
1500079022101,-8.851681,-0.7994758,3.5569491
1500079022165,-8.631466,-1.3260766,3.8346114
1500079022229,-8.650616,-1.3930986,3.8824842
1500079022292,-8.5740185,-1.622888,3.8633351
1500079022356,-8.535721,-2.321831,3.690993
1500079022420,-8.688913,-2.2452345,3.451629
1500079022483,-8.564445,-2.6186423,3.2792869
1500079022547,-8.487848,-3.020774,3.3367343
1500079022611,-8.401677,-3.3271596,3.2601378
1500079022675,-8.363379,-3.499502,3.1643922
1500079022738,-8.353804,-3.825037,3.059072
1500079022802,-8.32508,-3.8920588,2.9441774
1500079022866,-8.258059,-3.9878044,2.9920502
1500079022930,-8.191036,-4.2463174,2.8963046
1500079022993,-8.210186,-4.2654667,2.8580062
1500079023057,-8.171887,-4.2654667,2.8484318
1500079023121,-8.133589,-4.3133397,2.8771553
1500079023185,-8.124015,-4.342063,2.88673
1500079023248,-8.152739,-4.3133397,2.867581
1500079023312,-8.152739,-4.3803616,2.8292825
1500079023376,-8.181462,-4.389936,2.7239625
1500079023439,-8.143164,-4.389936,2.752686
1500079023503,-8.133589,-4.466532,2.714388
1500079023567,-8.11444,-4.5910015,2.5707695
1500079023630,-8.085716,-4.7250457,2.5037475
1500079023694,-7.961247,-4.811217,2.647366
1500079023758,-7.808054,-5.0505805,2.7909844
1500079023822,-7.788905,-5.0984535,2.752686
1500079023885,-7.7793303,-5.146326,2.6952388
1500079023949,-7.8367777,-5.1176023,2.6090677
1500079024013,-7.9037995,-5.0314317,2.5324712
1500079024076,-7.9133744,-4.8973875,2.580344
1500079024140,-7.9708214,-4.782493,2.733537
1500079024204,-8.018694,-4.648449,2.7048132
1500079024268,-8.047418,-4.658024,2.666515
1500079024332,-8.104865,-4.6771727,2.4175766
1500079024395,-8.056993,-4.7250457,2.6090677
1500079024459,-8.056993,-4.763344,2.5516202
1500079024522,-7.9516726,-4.916537,2.475024
1500079024586,-7.8655014,-5.146326,2.5707695
1500079024651,-7.808054,-5.17505,2.321831
1500079024714,-7.7314577,-5.28037,2.5994933
1500079024786,-7.7793303,-5.2037735,2.5516202
1500079024841,-7.8272033,-5.2133484,2.4845984
1500079024905,-7.8655014,-5.0601554,2.5707695
1500079024969,-7.9325233,-5.002708,2.4845984
1500079025032,-7.999545,-4.8973875,2.4175766
1500079025096,-7.9899707,-4.8207912,2.5707695
1500079025161,-8.00912,-4.73462,2.666515
1500079025223,-7.9708214,-4.7441945,2.6090677
1500079025287,-7.9899707,-4.954835,2.5516202
1500079025351,-7.9899707,-4.926111,2.3888528
1500079025415,-7.961247,-5.041006,2.2643836
1500079025478,-7.8176284,-5.17505,2.4463003
1500079025542,-7.7314577,-5.2707953,2.494173
1500079025606,-7.6740103,-5.433563,2.6856642
1500079025669,-7.6740103,-5.2899446,2.8101335
1500079025733,-7.788905,-5.261221,2.3888528
1500079025797,-7.9133744,-5.0601554,2.3984275
1500079025861,-7.9516726,-5.021857,2.3792782
1500079025924,-7.9803963,-4.83994,2.6186423
1500079025988,-7.961247,-4.782493,2.6090677
1500079026052,-8.056993,-4.801642,2.3888528
1500079026115,-8.143164,-4.715471,2.427151
1500079026179,-8.133589,-4.5910015,2.5994933
1500079026243,-8.171887,-4.7250457,2.2069361
1500079026307,-8.104865,-4.658024,2.2739582
1500079026370,-8.028269,-4.849515,2.4463003
1500079026434,-7.961247,-5.0601554,2.5324712
1500079026498,-7.9803963,-4.993133,2.4367256
1500079026561,-8.028269,-4.9835587,2.2643836
1500079026625,-8.095291,-4.8590894,2.1782124
1500079026689,-8.104865,-4.658024,2.4175766
1500079026753,-8.124015,-4.715471,2.3505547
1500079026816,-8.1623125,-4.6293,2.3792782
1500079026880,-8.210186,-4.437809,2.494173
1500079026944,-8.2676325,-4.4090853,2.2835326
1500079027008,-8.286782,-4.476107,2.2739582
1500079027071,-8.152739,-4.5622783,2.5228968
1500079027135,-8.11444,-4.7250457,2.408002
1500079027199,-8.047418,-4.8973875,2.2260852
1500079027262,-7.9037995,-5.088879,2.475024
1500079027326,-7.8655014,-5.1654754,2.4654493
1500079027390,-7.875076,-5.17505,2.321831
1500079027454,-7.9133744,-5.06973,2.5420458
1500079027517,-7.9708214,-4.993133,2.3314054
1500079027581,-8.047418,-4.916537,2.2356598
1500079027645,-8.152739,-4.73462,2.3026817
1500079027708,-8.104865,-4.7441945,2.2452345
1500079027772,-8.037844,-4.849515,2.494173
1500079027836,-8.00912,-4.926111,2.3122563
1500079027899,-7.999545,-4.993133,2.3792782
1500079027963,-7.9516726,-5.06973,2.3314054
1500079028027,-7.9899707,-4.9835587,2.3505547
1500079028091,-8.028269,-4.9452605,2.2452345
1500079028154,-8.11444,-4.83994,2.2835326
1500079028218,-8.152739,-4.7920675,2.0920415
1500079028282,-8.152739,-4.6867476,2.3697038
1500079028345,-8.258059,-4.504831,2.3984275
1500079028409,-8.44955,-4.1601467,2.2165108
1500079028473,-8.478273,-3.825037,2.3792782
1500079028537,-8.641041,-3.5856729,2.3888528
1500079028600,-8.717637,-3.3271596,2.3505547
1500079028664,-8.746361,-2.6760898,2.9346027
1500079028728,-8.755936,-1.8143792,3.3367343
1500079028791,-8.861256,-1.776081,3.2218397
1500079028855,-8.918703,-1.3069274,3.231414
1500079028919,-8.870831,-1.5941644,3.3558834
1500079028983,-9.014449,-0.8952214,3.193116
1500079029046,-8.842107,-1.469695,3.2984362
1500079029110,-8.889979,-1.2303311,3.384607
1500079029174,-8.985725,-0.99096704,3.193116
1500079029238,-8.832532,-1.3260766,3.365458
1500079029301,-8.889979,-1.3165021,3.3367343
1500079029365,-8.957002,-1.0388398,3.2888615
1500079029429,-8.9761505,-1.2303311,3.212265
1500079029492,-8.765511,-1.3069274,3.5569491
1500079029556,-8.755936,-1.3356512,3.690993
1500079029620,-8.650616,-1.1824582,3.8346114
1500079029683,-8.392102,-1.0196906,4.3995104
1500079029747,-8.535721,0.11968201,4.504831
1500079029811,-9.004874,0.751603,3.1643922
1500079029875,-9.091045,1.3165021,2.1782124
1500079029938,-8.995299,1.5750152,2.7718353
1500079030002,-9.100619,1.0675635,2.8388572
1500079030066,-9.119769,0.512239,3.0686467
1500079030129,-9.052747,0.7420284,3.0303483
1500079030193,-9.004874,0.54096264,3.0877957
1500079030257,-9.100619,0.34947145,3.059072
1500079030321,-8.966576,0.062234644,3.193116
1500079030384,-8.947427,-0.19627848,3.2601378
1500079030457,-9.043172,-0.44521707,3.193116
1500079030512,-9.043172,-0.49308985,3.1643922
1500079030575,-8.947427,-0.49308985,3.3080106
1500079030639,-8.909128,-0.6845811,3.4612036
1500079030703,-8.909128,-0.69415563,3.4133308
1500079030766,-8.899554,-0.665432,3.451629
1500079030830,-8.832532,-0.8760723,3.499502
1500079030894,-8.870831,-0.8952214,3.4803526
1500079030958,-8.842107,-0.8664977,3.4899273
1500079031021,-8.861256,-0.8664977,3.499502
1500079031085,-8.909128,-0.63670826,3.384607
1500079031149,-8.889979,-0.71330476,3.4133308
1500079031213,-8.966576,-0.45479164,3.3080106
1500079031276,-8.937852,-0.47394073,3.365458
1500079031340,-8.937852,-0.54096264,3.346309
1500079031404,-8.9761505,-0.5792609,3.3080106
1500079031467,-9.100619,-0.26330042,3.0973704
1500079031531,-8.918703,-0.4835153,3.5378
1500079031595,-8.765511,-1.1537346,3.4133308
1500079031659,-8.813383,-1.9196993,3.1548176
1500079031722,-8.880404,-2.1111906,2.9920502
1500079031786,-8.746361,-2.3792782,3.1165195
1500079031850,-8.66019,-2.5516202,3.2792869
1500079031913,-8.593168,-2.6760898,3.4420545
1500079031977,-8.478273,-2.9250283,3.499502
1500079032041,-8.392102,-2.9633265,3.7101421
1500079032105,-8.420826,-3.0686467,3.5378
1500079032168,-8.420826,-3.059072,3.4324799
1500079032232,-8.44955,-3.0111992,3.4229054
1500079032296,-8.420826,-3.3367343,3.3558834
1500079032359,-8.353804,-3.3750327,3.518651
1500079032423,-8.32508,-3.5090764,3.2984362
1500079032487,-8.229335,-3.5473747,3.2697124
1500079032550,-8.181462,-3.930357,3.3271596
1500079032614,-8.00912,-4.2463174,3.1548176
1500079032678,-7.9325233,-4.275041,3.4229054
1500079032742,-7.7601814,-4.6293,3.604822
1500079032805,-7.808054,-4.5527034,3.384607
1500079032869,-7.788905,-4.3324885,3.7101421
1500079032933,-7.855927,-4.2558923,3.518651
1500079032997,-8.066567,-3.9399316,3.5760984
1500079033060,-8.133589,-3.8154624,3.499502
1500079033124,-8.315506,-3.5090764,3.231414
1500079033188,-8.459125,-3.2601378,3.0494976
1500079033251,-8.593168,-2.9250283,3.2409887
1500079033315,-8.641041,-2.494173,3.3080106
1500079033379,-8.727212,-2.4558747,3.1835413
1500079033443,-8.698488,-2.321831,3.3367343
1500079033506,-8.755936,-1.469695,3.4899273
1500079033570,-8.889979,-0.9622433,3.3367343
1500079033634,-8.899554,-0.92394507,3.518651
1500079033697,-8.842107,-1.1154363,3.5090764
1500079033761,-8.842107,-1.2111819,3.4037561
1500079033825,-8.937852,-0.751603,3.346309
1500079033889,-8.870831,-0.91437054,3.4324799
1500079033952,-8.889979,-0.93351966,3.4133308
1500079034016,-8.880404,-0.91437054,3.4037561
1500079034080,-8.880404,-0.8760723,3.4707782
1500079034143,-8.880404,-1.0196906,3.4324799
1500079034207,-8.909128,-0.98139244,3.4133308
1500079034271,-8.870831,-1.0484143,3.4229054
1500079034335,-8.909128,-1.0675635,3.3558834
1500079034398,-8.717637,-1.9675722,3.451629
1500079034462,-8.66019,-2.2165108,3.4707782
1500079034526,-8.66019,-2.0824668,3.346309
1500079034590,-8.593168,-3.059072,3.0973704
1500079034653,-8.535721,-3.173967,3.078221
1500079034717,-8.4686985,-3.2984362,3.1643922
1500079034782,-8.420826,-3.6526947,3.039923
1500079034845,-8.296356,-3.7005677,3.2026904
1500079034909,-8.11444,-4.016528,3.2505634
1500079034972,-8.133589,-4.0261025,3.346309
1500079035036,-8.00912,-4.1122737,3.4707782
1500079035099,-7.9803963,-4.2463174,3.3750327
1500079035163,-7.9325233,-4.2558923,3.5090764
1500079035227,-7.9899707,-4.2271686,3.4133308
1500079035290,-7.999545,-4.275041,3.3080106
1500079035354,-8.076141,-4.08355,3.346309
1500079035418,-8.133589,-3.8633351,3.5473747
1500079035482,-8.23891,-3.7197168,3.4133308
1500079035545,-8.372953,-3.5665238,3.0111992
1500079035609,-8.372953,-3.384607,3.2984362
1500079035673,-8.392102,-3.231414,3.5282254
1500079035736,-8.401677,-3.1548176,3.1835413
1500079035800,-8.439975,-3.5569491,3.0303483
1500079035864,-8.171887,-3.499502,3.7005677
1500079035928,-8.104865,-3.6622694,3.690993
1500079035991,-7.999545,-3.9782298,3.6622694
1500079036055,-7.894225,-4.198445,3.7101421
1500079036119,-7.9708214,-4.342063,3.4133308
1500079036183,-7.999545,-3.8824842,3.7675896
1500079036246,-8.047418,-3.9878044,3.4324799
1500079036310,-8.143164,-4.0261025,3.2601378
1500079036374,-8.143164,-3.7484405,3.5090764
1500079036437,-8.32508,-3.5282254,3.2792869
1500079036501,-8.4686985,-3.2697124,3.193116
1500079036565,-8.506997,-3.0973704,3.173967
1500079036628,-8.55487,-3.2026904,2.9824755
1500079036692,-8.4686985,-3.2697124,3.1548176
1500079036756,-8.430401,-3.3271596,3.1835413
1500079036820,-8.411251,-3.4229054,3.1643922
1500079036883,-8.248484,-3.8346114,3.2026904
1500079036947,-8.200611,-3.7867386,3.4803526
1500079037011,-8.200611,-4.0261025,3.1643922
1500079037075,-8.248484,-4.169721,2.9537518
1500079037138,-8.1623125,-3.9686553,3.2984362
1500079037202,-8.34423,-3.5473747,3.1643922
1500079037266,-8.506997,-3.2888615,3.0016246
1500079037329,-8.526146,-3.0877957,3.1069448
1500079037393,-8.593168,-3.039923,3.059072
1500079037457,-8.602742,-2.9154537,3.1548176
1500079037520,-8.55487,-3.059072,3.039923
1500079037584,-8.545295,-3.1356685,3.1643922
1500079037648,-8.44955,-3.1835413,3.1548176
1500079037712,-8.286782,-3.451629,3.3367343
1500079037775,-8.191036,-3.911208,3.4229054
1500079037839,-8.1623125,-3.8920588,3.346309
1500079037903,-8.076141,-3.997379,3.4229054
1500079037967,-8.171887,-3.9782298,3.2697124
1500079038030,-8.104865,-3.690993,3.7292912
1500079038094,-8.181462,-3.8346114,3.451629
1500079038158,-8.5740185,-3.6335456,2.4558747
1500079038221,-8.545295,-3.5856729,2.408002
1500079038285,-8.315506,-3.6431203,3.1835413
1500079038349,-8.305931,-3.844186,3.173967
1500079038413,-8.2676325,-4.016528,2.88673
1500079038476,-8.258059,-4.016528,2.9537518
1500079038540,-8.305931,-3.9590807,2.9441774
1500079038604,-8.2676325,-3.8058877,3.231414
1500079038667,-8.296356,-3.8346114,3.126094
1500079038731,-8.487848,-3.3750327,3.126094
1500079038795,-8.602742,-3.0111992,3.020774
1500079038859,-8.708063,-2.360129,3.231414
1500079038922,-8.765511,-2.0633178,3.193116
1500079038986,-8.6697645,-1.6611862,3.6335456
1500079039050,-8.765511,-0.110107444,3.9686553
1500079039113,-8.861256,-0.5505372,3.5473747
1500079039177,-8.803808,-0.93351966,3.6143966
1500079039241,-9.014449,-0.2920241,3.2026904
1500079039305,-9.024023,-0.44521707,3.1643922
1500079039368,-8.966576,-0.56968635,3.3175852
1500079039432,-9.062322,-0.33032233,3.020774
1500079039496,-9.062322,-0.49308985,3.059072
1500079039559,-9.014449,-0.5218136,3.0877957
1500079039623,-9.033598,-0.512239,3.1452432
1500079039687,-8.966576,-0.5888355,3.3175852
1500079039751,-9.004874,-0.46436617,3.173967
