1500080044512,-2.5516202,-5.567607,7.5974135
1500080044576,-2.5324712,-5.605905,7.4442205
1500080044641,-2.6186423,-5.519734,7.482519
1500080044704,-2.6760898,-5.4718614,7.4250717
1500080044768,-2.666515,-5.519734,7.5208173
1500080044832,-2.6856642,-5.481436,7.4537954
1500080044895,-2.7718353,-5.529309,7.35805
1500080044958,-2.6952388,-5.519734,7.4442205
1500080045022,-2.6569405,-5.519734,7.664436
1500080045086,-2.6090677,-5.5771813,7.5782647
1500080045149,-2.6569405,-5.2420716,7.4154973
1500080045213,-2.800559,-5.1367517,7.654861
1500080045277,-2.8388572,-5.146326,7.6261373
1500080045341,-2.8101335,-5.108028,7.56869
1500080045404,-2.580344,-5.347392,7.6261373
1500080045468,-2.733537,-5.002708,7.9803963
1500080045532,-2.88673,-5.041006,7.5782647
1500080045595,-2.6090677,-5.2420716,7.6069884
1500080045659,-2.6760898,-5.1271772,7.7601814
1500080045723,-2.647366,-5.1846247,7.7601814
1500080045787,-2.714388,-5.194199,7.664436
1500080045850,-2.666515,-5.088879,7.6835847
1500080045914,-2.8484318,-4.6388745,7.7506065
1500080045978,-2.6569405,-5.82612,7.3867736
1500080046041,-2.561195,-5.644203,7.5591154
1500080046105,-2.733537,-5.452712,7.511243
1500080046169,-2.6186423,-5.49101,7.482519
1500080046233,-2.8388572,-5.1846247,7.6452866
1500080046296,-2.8388572,-5.1654754,7.6261373
1500080046360,-2.7814097,-5.261221,7.7123084
1500080046424,-2.6090677,-5.6250544,7.3676243
1500080046487,-2.4558747,-5.797396,7.3006024
1500080046551,-2.6952388,-5.3569665,7.5303917
1500080046615,-2.6569405,-5.414414,7.5399666
1500080046679,-2.5037475,-5.5580325,7.549541
1500080046742,-2.5707695,-5.462287,7.5303917
1500080046806,-2.513322,-5.5101595,7.511243
1500080046870,-2.6090677,-5.38569,7.5591154
1500080046933,-2.5420458,-5.38569,7.635712
1500080046997,-2.5324712,-5.49101,7.501668
1500080047061,-2.3122563,-5.692076,7.4920936
1500080047125,-2.4463003,-5.5484576,7.56869
1500080047188,-2.561195,-5.376116,7.6740103
1500080047252,-2.7431116,-5.17505,7.6835847
1500080047316,-2.6760898,-5.2899446,7.5208173
1500080047380,-2.5707695,-5.634629,7.4059224
1500080047443,-2.800559,-5.462287,7.482519
1500080047507,-2.752686,-5.529309,7.35805
1500080047570,-2.7909844,-5.452712,7.4059224
1500080047634,-2.8963046,-5.1846247,7.769756
1500080047699,-2.752686,-5.452712,7.549541
1500080047762,-2.3505547,-6.0846334,7.176133
1500080047826,-2.8580062,-5.529309,7.4059224
1500080047890,-2.666515,-5.605905,7.3006024
1500080047954,-2.7048132,-5.7112255,7.2335806
1500080048017,-2.7048132,-5.644203,7.4059224
1500080048080,-2.714388,-5.49101,7.549541
1500080048144,-2.8484318,-5.452712,7.482519
1500080048209,-2.4845984,-6.180379,6.9463434
1500080048273,-2.6569405,-5.6633525,7.4059224
1500080048336,-2.7814097,-5.567607,7.4154973
1500080048400,-2.800559,-5.6250544,7.195282
1500080048463,-2.7048132,-5.759098,7.2335806
1500080048527,-2.714388,-5.5101595,7.5208173
1500080048590,-2.5420458,-5.797396,7.310177
1500080048654,-2.4558747,-5.9314404,7.204857
1500080048718,-2.5994933,-5.529309,7.511243
1500080048781,-2.6090677,-5.644203,7.4250717
1500080048845,-2.561195,-5.7686725,7.2144313
1500080048909,-2.3697038,-5.452712,7.5782647
1500080048973,-2.4367256,-5.644203,7.4920936
1500080049036,-2.5899186,-5.28037,7.654861
1500080049100,-2.4845984,-5.1654754,7.8655014
1500080049164,-2.7909844,-4.715471,7.855927
1500080049227,-2.427151,-5.82612,7.4250717
1500080049291,-2.7622607,-5.299519,7.46337
1500080049355,-2.5994933,-5.586756,7.35805
1500080049419,-2.819708,-4.916537,7.894225
1500080049482,-2.3984275,-5.462287,7.6740103
1500080049546,-2.6090677,-5.347392,7.5208173
1500080049610,-2.513322,-5.3378177,7.7314577
1500080049674,-2.6282167,-5.155901,7.635712
1500080049738,-2.561195,-5.328243,7.6261373
1500080049802,-2.752686,-4.926111,7.846352
1500080049866,-2.5228968,-5.4239883,7.5782647
1500080049928,-2.7048132,-5.3378177,7.6069884
1500080049992,-2.4845984,-5.682502,7.3867736
1500080050056,-2.475024,-5.5580325,7.501668
1500080050119,-2.5516202,-5.3952646,7.693159
1500080050183,-2.5707695,-5.481436,7.501668
1500080050247,-2.5994933,-5.414414,7.5303917
1500080050311,-2.6282167,-5.433563,7.4920936
1500080050374,-2.6282167,-5.414414,7.56869
1500080050438,-2.1207652,-6.094208,7.2335806
1500080050502,-2.4367256,-5.8644185,7.3197513
1500080050565,-2.3314054,-5.998462,7.2527294
1500080050629,-2.4367256,-5.979313,7.1857076
1500080050693,-2.3888528,-6.027186,7.1857076
1500080050757,-2.3984275,-5.998462,7.137835
1500080050820,-2.3505547,-6.0367603,7.195282
1500080050884,-2.321831,-5.9697385,7.310177
1500080050948,-2.1782124,-6.1420803,7.1857076
1500080051011,-2.2356598,-6.0463347,7.2527294
1500080051075,-2.2739582,-6.113357,7.1474094
1500080051139,-2.2356598,-6.132506,7.1091113
1500080051203,-2.4845984,-5.912291,7.1857076
1500080051267,-2.3122563,-6.0463347,7.2144313
1500080051330,-2.2452345,-6.017611,7.1857076
1500080051394,-2.34098,-5.7303743,7.501668
1500080051458,-2.3122563,-5.8548436,7.396348
1500080051521,-2.2643836,-5.960164,7.281453
1500080051585,-2.3984275,-5.8165455,7.3389006
1500080051649,-2.3026817,-5.9218655,7.3006024
1500080051712,-2.321831,-6.0463347,7.1474094
1500080051776,-2.2643836,-5.979313,7.281453
1500080051840,-2.3026817,-5.9027166,7.348475
1500080051904,-2.34098,-5.912291,7.243155
1500080051967,-2.2739582,-5.9027166,7.3197513
1500080052031,-2.4175766,-5.692076,7.4442205
1500080052095,-2.1973617,-5.8548436,7.4154973
1500080052159,-2.34098,-5.7112255,7.46337
1500080052222,-2.149489,-5.950589,7.3389006
1500080052286,-2.1590633,-5.9218655,7.3006024
1500080052350,-2.1782124,-5.7495236,7.46337
1500080052413,-2.0824668,-5.8165455,7.5591154
1500080052477,-2.1782124,-5.9027166,7.348475
1500080052541,-2.254809,-6.027186,7.12826
1500080052605,-2.2835326,-5.845269,7.396348
1500080052668,-2.321831,-5.692076,7.4442205
1500080052732,-2.4558747,-5.6154795,7.511243
1500080052796,-2.2356598,-5.8835673,7.2623043
1500080052859,-2.1973617,-5.7782474,7.396348
1500080052923,-2.2260852,-5.6154795,7.6452866
1500080052987,-1.948423,-5.9314404,7.482519
1500080053051,-2.0250196,-5.941015,7.329326
1500080053114,-1.9867213,-5.912291,7.4729443
1500080053178,-2.0824668,-5.672927,7.5303917
1500080053242,-2.4175766,-5.605905,7.4154973
1500080053305,-2.034594,-5.6633525,7.4059224
1500080053369,-2.0824668,-5.500585,7.741032
1500080053433,-1.8718265,-5.8165455,7.6261373
1500080053497,-1.9771467,-5.7495236,7.6069884
1500080053561,-2.0920415,-5.797396,7.434646
1500080053624,-2.0920415,-5.653778,7.501668
1500080053688,-2.1111906,-5.347392,7.741032
1500080053751,-2.101616,-5.3952646,7.7793303
1500080053815,-2.1207652,-5.49101,7.616563
1500080053879,-2.149489,-5.366541,7.9037995
1500080053943,-2.2165108,-5.4048395,7.511243
1500080054006,-2.1973617,-5.414414,7.6261373
1500080054070,-2.580344,-5.0984535,7.7123084
1500080054134,-2.0824668,-5.797396,7.6069884
1500080054198,-2.0441687,-5.998462,7.3006024
1500080054261,-2.2643836,-5.739949,7.4250717
1500080054325,-2.1590633,-5.8165455,7.482519
1500080054389,-2.254809,-5.529309,7.549541
1500080054452,-2.3314054,-5.3952646,7.654861
1500080054516,-2.2069361,-5.8165455,7.4059224
1500080054581,-2.1973617,-6.094208,7.2144313
1500080054644,-2.2643836,-5.8835673,7.310177
1500080054707,-2.2356598,-5.9697385,7.2718787
1500080054771,-2.2165108,-5.797396,7.46337
1500080054835,-2.2356598,-5.941015,7.243155
1500080054898,-2.0537431,-5.998462,7.3389006
1500080054962,-2.1207652,-5.787822,7.501668
1500080055026,-2.0537431,-5.8835673,7.482519
1500080055090,-2.034594,-5.960164,7.3676243
1500080055153,-2.168638,-5.9027166,7.5399666
1500080055217,-2.168638,-6.2761245,7.003791
1500080055281,-2.2931073,-6.218677,6.9176197
1500080055344,-2.3314054,-6.103782,7.0803876
1500080055417,-2.2931073,-5.988888,7.3389006
1500080055472,-2.3314054,-6.0367603,7.2527294
1500080055536,-2.3984275,-6.1420803,7.0325146
1500080055599,-2.5324712,-5.8644185,7.243155
1500080055663,-2.2165108,-6.0750585,7.2144313
1500080055727,-2.3888528,-6.0080366,7.2144313
1500080055790,-2.3697038,-6.0080366,7.2240057
1500080055854,-2.3697038,-6.017611,7.176133
1500080055918,-2.4654493,-5.873993,7.2910275
1500080055982,-2.3026817,-5.988888,7.243155
1500080056045,-2.34098,-6.0080366,7.1857076
1500080056109,-2.2739582,-5.8931417,7.3867736
1500080056173,-2.321831,-5.941015,7.281453
1500080056236,-2.3122563,-5.950589,7.281453
1500080056300,-2.2165108,-5.950589,7.329326
1500080056364,-2.2931073,-5.8835673,7.329326
1500080056428,-2.2643836,-6.0080366,7.2335806
1500080056491,-2.2643836,-5.998462,7.2335806
1500080056555,-2.3314054,-5.845269,7.35805
1500080056619,-2.34098,-5.835695,7.348475
1500080056683,-2.2835326,-5.9027166,7.281453
1500080056746,-2.168638,-5.9218655,7.35805
1500080056810,-2.149489,-5.835695,7.4537954
1500080056874,-2.1782124,-5.7686725,7.5399666
1500080056937,-2.2931073,-5.8644185,7.3006024
1500080057001,-2.254809,-5.941015,7.2623043
1500080057065,-2.2356598,-5.9218655,7.3389006
1500080057129,-2.2835326,-5.835695,7.3867736
1500080057192,-2.2260852,-5.960164,7.3197513
1500080057256,-2.1973617,-6.103782,7.1665583
1500080057320,-2.2356598,-5.9697385,7.310177
1500080057383,-2.2069361,-6.0750585,7.204857
1500080057447,-2.1207652,-6.1995277,7.12826
1500080057511,-2.1782124,-6.113357,7.204857
1500080057575,-2.1590633,-6.2091026,7.1186857
1500080057638,-2.101616,-6.323997,7.0803876
1500080057702,-2.494173,-5.7782474,7.3197513
1500080057766,-2.34098,-6.017611,7.1857076
1500080057829,-2.168638,-6.1420803,7.1665583
1500080057893,-2.2931073,-5.941015,7.310177
1500080057958,-2.1399143,-6.1229315,7.2335806
1500080058021,-2.2069361,-6.103782,7.176133
1500080058084,-2.149489,-6.065484,7.2718787
1500080058148,-2.2643836,-5.960164,7.2910275
1500080058213,-2.2931073,-6.017611,7.2144313
1500080058276,-2.3888528,-5.8644185,7.281453
1500080058340,-2.3122563,-5.9218655,7.3197513
1500080058403,-2.3026817,-5.988888,7.2527294
1500080058467,-2.3888528,-5.82612,7.3389006
1500080058530,-2.360129,-5.759098,7.46337
1500080058594,-2.168638,-6.094208,7.176133
1500080058658,-2.254809,-6.017611,7.281453
1500080058722,-2.3122563,-6.017611,7.281453
1500080058785,-2.3026817,-6.1995277,7.0325146
1500080058849,-2.1973617,-6.1612296,7.310177
1500080058913,-2.3314054,-6.151655,6.9559183
1500080058976,-2.8580062,-5.950589,7.0325146
1500080059040,-2.8580062,-5.979313,6.869747
1500080059104,-2.8292825,-5.692076,7.2144313
1500080059168,-2.8292825,-5.82612,7.3867736
1500080059231,-2.6952388,-5.998462,7.1474094
1500080059295,-2.905879,-5.7495236,7.137835
1500080059359,-2.7048132,-6.0463347,6.9463434
1500080059422,-2.8292825,-5.605905,7.3867736
1500080059486,-2.7431116,-5.299519,7.702734
1500080059550,-3.059072,-5.1846247,7.5591154
1500080059614,-3.0111992,-5.0314317,7.4537954
1500080059677,-2.9537518,-5.3186684,7.2623043
1500080059741,-2.5228968,-6.1612296,7.3676243
1500080059805,-2.7814097,-5.653778,7.6069884
1500080059869,-2.8292825,-5.414414,7.6452866
1500080059932,-3.1643922,-4.7920675,7.5974135
1500080059996,-3.1643922,-4.7441945,7.511243
1500080060060,-3.2409887,-4.648449,7.808054
1500080060123,-3.020774,-4.772918,7.693159
1500080060187,-3.0877957,-4.811217,7.8846507
1500080060252,-3.212265,-4.5910015,7.635712
1500080060315,-3.3271596,-4.322914,7.654861
1500080060379,-2.6952388,-5.414414,7.654861
1500080060451,-2.6856642,-5.452712,7.8367777
1500080060506,-2.647366,-5.672927,7.2335806
1500080060569,-2.714388,-5.5771813,7.434646
1500080060633,-2.647366,-5.433563,7.702734
1500080060697,-2.9154537,-4.954835,7.7793303
1500080060761,-3.0303483,-4.9835587,7.616563
1500080060824,-2.6090677,-5.9697385,7.1091113
1500080060888,-2.800559,-5.845269,7.204857
1500080060952,-2.6760898,-5.8835673,7.204857
1500080061015,-2.647366,-5.988888,7.1091113
1500080061079,-2.8771553,-5.414414,7.4250717
1500080061143,-2.9824755,-5.261221,7.6069884
1500080061207,-2.494173,-6.094208,7.12826
1500080061270,-2.5324712,-6.1420803,7.0325146
1500080061334,-2.6856642,-6.323997,6.697405
1500080061398,-2.3984275,-6.2665496,6.936769
1500080061461,-2.905879,-5.3569665,7.721883
1500080061525,-2.867581,-5.7112255,7.3006024
1500080061589,-2.5707695,-6.4293175,6.611234
1500080061653,-2.513322,-6.2665496,6.9559183
1500080061716,-2.6856642,-6.0080366,7.137835
1500080061780,-2.7239625,-5.9218655,7.0803876
1500080061844,-2.5324712,-6.0463347,7.1091113
1500080061907,-2.714388,-5.7016506,7.482519
1500080061971,-2.5516202,-6.151655,6.984642
1500080062035,-2.6377914,-6.0559096,7.042089
1500080062099,-2.6952388,-6.0750585,7.003791
1500080062162,-2.494173,-6.180379,7.042089
1500080062226,-2.513322,-6.151655,7.156984
1500080062290,-2.5707695,-6.017611,7.0133657
1500080062353,-2.972901,-5.414414,7.4442205
1500080062417,-2.7909844,-5.787822,7.2240057
1500080062481,-2.5420458,-5.941015,7.281453
1500080062545,-2.7239625,-5.8931417,7.12826
1500080062608,-2.752686,-5.845269,7.1665583
1500080062672,-2.714388,-5.787822,7.2527294
1500080062736,-2.88673,-5.2899446,7.5974135
1500080062799,-2.88673,-5.433563,7.434646
1500080062863,-2.714388,-5.672927,7.329326
1500080062927,-2.8388572,-5.529309,7.4154973
1500080062991,-2.8292825,-5.49101,7.4059224
1500080063054,-2.8388572,-5.366541,7.482519
1500080063118,-2.9633265,-5.4239883,7.4250717
1500080063182,-2.5899186,-6.103782,7.089962
1500080063246,-2.5899186,-6.065484,7.1186857
1500080063309,-2.867581,-5.7303743,7.2144313
1500080063373,-2.8963046,-5.692076,7.2240057
1500080063437,-2.7622607,-5.8835673,7.089962
1500080063500,-2.972901,-5.5101595,7.396348
1500080063564,-2.7431116,-5.835695,7.204857
1500080063628,-2.5899186,-5.8931417,7.243155
1500080063692,-2.7622607,-5.5484576,7.4537954
1500080063755,-2.8101335,-5.1846247,7.654861
1500080063819,-2.733537,-5.4048395,7.434646
1500080063883,-2.8771553,-5.376116,7.4729443
1500080063946,-2.714388,-5.5963306,7.3771987
1500080064010,-2.733537,-5.605905,7.4059224
1500080064074,-2.7048132,-5.6633525,7.3676243
1500080064138,-2.494173,-5.7782474,7.4059224
1500080064201,-2.905879,-5.414414,7.4250717
1500080064265,-2.7622607,-5.462287,7.3389006
1500080064329,-2.6952388,-5.452712,7.5591154
1500080064392,-2.714388,-5.538883,7.5208173
1500080064456,-2.6377914,-5.672927,7.4154973
1500080064520,-2.6282167,-5.873993,7.1665583
1500080064584,-2.752686,-5.759098,7.176133
1500080064647,-2.8101335,-5.6250544,7.35805
1500080064711,-2.6856642,-5.692076,7.348475
1500080064775,-2.733537,-5.7303743,7.281453
1500080064838,-2.7048132,-5.644203,7.434646
1500080064902,-2.9537518,-5.2516465,7.549541
1500080064966,-2.819708,-5.692076,7.281453
1500080065031,-2.5228968,-6.2474008,6.8793216
1500080065095,-2.8101335,-5.8548436,7.1665583
1500080065157,-2.7814097,-5.7303743,7.281453
1500080065221,-2.6569405,-5.9697385,7.1186857
1500080065284,-2.7431116,-5.797396,7.2623043
1500080065348,-2.733537,-5.835695,7.243155
1500080065412,-2.8101335,-5.806971,7.176133
1500080065476,-2.6760898,-6.0367603,6.9559183
1500080065539,-2.6760898,-5.873993,7.2335806
1500080065603,-2.714388,-5.835695,7.2527294
1500080065667,-2.647366,-5.8644185,7.2623043
1500080065730,-2.5420458,-5.960164,7.176133
1500080065794,-2.7814097,-5.672927,7.3197513
1500080065858,-2.5994933,-5.8931417,7.204857
1500080065922,-2.5899186,-5.8548436,7.2240057
1500080065985,-2.6377914,-5.8548436,7.310177
1500080066049,-2.8101335,-5.672927,7.2527294
1500080066113,-2.666515,-5.82612,7.1857076
1500080066176,-2.5899186,-5.797396,7.348475
1500080066240,-2.647366,-5.634629,7.4920936
1500080066304,-2.7909844,-5.5101595,7.281453
1500080066368,-2.5324712,-5.7208,7.4154973
1500080066431,-2.905879,-5.0984535,7.769756
1500080066495,-2.5420458,-6.017611,7.0708127
1500080066559,-2.5324712,-6.0559096,7.089962
1500080066622,-2.7622607,-5.653778,7.4537954
1500080066686,-2.6377914,-5.9218655,7.195282
1500080066750,-2.714388,-6.027186,6.9463434
1500080066813,-2.7814097,-5.82612,7.2144313
1500080066877,-2.6569405,-5.9314404,7.243155
1500080066941,-2.8580062,-5.8835673,7.12826
1500080067005,-2.6377914,-6.151655,6.9942164
1500080067068,-2.8771553,-6.027186,6.9654927
1500080067132,-2.8101335,-6.0463347,7.0133657
1500080067196,-2.8484318,-6.0367603,7.042089
1500080067259,-2.6090677,-6.3527207,6.831449
1500080067323,-2.7048132,-6.2091026,6.8888965
1500080067387,-2.819708,-6.1229315,6.984642
1500080067451,-2.7239625,-6.285699,6.8027253
1500080067514,-2.7239625,-6.1899533,6.9271946
1500080067578,-2.5707695,-6.438892,6.7357035
1500080067642,-2.6856642,-6.1420803,7.0325146
1500080067706,-3.212265,-5.328243,7.4059224
1500080067770,-2.9250283,-5.2133484,7.4250717
1500080067834,-3.0494976,-5.2420716,7.616563
1500080067896,-2.513322,-6.285699,7.042089
1500080067961,-2.8484318,-5.998462,6.9463434
1500080068025,-2.8101335,-5.82612,7.1665583
1500080068089,-2.7909844,-5.692076,7.2910275
1500080068151,-2.9250283,-5.682502,7.2335806
1500080068215,-2.7909844,-5.692076,7.3676243
1500080068280,-2.6760898,-5.682502,7.434646
1500080068343,-2.6856642,-5.7303743,7.2527294
1500080068406,-2.9920502,-5.519734,7.348475
1500080068471,-2.972901,-5.433563,7.329326
1500080068534,-2.6186423,-5.8835673,7.195282
1500080068597,-2.8484318,-5.462287,7.482519
1500080068661,-2.666515,-5.6154795,7.4442205
1500080068725,-2.800559,-5.6154795,7.2240057
1500080068788,-2.9250283,-5.28037,7.5782647
1500080068852,-2.7622607,-5.644203,7.3771987
1500080068916,-2.8580062,-5.5484576,7.348475
1500080068980,-2.819708,-5.538883,7.396348
1500080069043,-2.752686,-5.672927,7.310177
1500080069107,-2.6856642,-5.7686725,7.243155
1500080069171,-2.714388,-5.692076,7.4059224
1500080069235,-2.733537,-5.7495236,7.348475
1500080069298,-2.5707695,-6.0750585,7.003791
1500080069362,-2.800559,-5.7782474,7.2527294
1500080069426,-2.5420458,-6.0367603,7.1665583
1500080069489,-2.7048132,-6.0559096,6.9654927
1500080069553,-2.5228968,-6.0750585,7.156984
1500080069617,-2.647366,-5.960164,7.1665583
1500080069680,-2.6569405,-5.988888,7.0803876
1500080069744,-2.752686,-5.739949,7.243155
1500080069808,-2.714388,-5.835695,7.2335806
1500080069872,-2.5994933,-5.960164,7.176133
1500080069935,-2.5420458,-6.017611,7.1186857
1500080069999,-2.4654493,-5.988888,7.204857
1500080070063,-2.475024,-5.950589,7.2527294
1500080070126,-2.5228968,-5.9697385,7.1857076
1500080070190,-2.5228968,-5.960164,7.176133
1500080070255,-2.5707695,-5.998462,7.12826
1500080070318,-2.4845984,-6.017611,7.176133
1500080070382,-2.513322,-5.9218655,7.2623043
1500080070445,-2.5994933,-5.912291,7.176133
1500080070509,-2.5228968,-5.9314404,7.2144313
1500080070572,-2.5324712,-5.912291,7.2335806
1500080070636,-2.5420458,-5.8835673,7.3006024
1500080070700,-2.475024,-5.9697385,7.2527294
1500080070763,-2.5324712,-6.017611,7.0995364
1500080070827,-2.580344,-5.8931417,7.281453
1500080070891,-2.6282167,-5.9697385,7.1091113
1500080070955,-2.714388,-5.950589,7.089962
1500080071018,-2.6090677,-5.998462,7.176133
1500080071082,-2.7431116,-5.998462,7.02294
1500080071146,-2.580344,-6.113357,7.02294
1500080071209,-2.5516202,-6.1420803,6.984642
1500080071273,-2.5994933,-5.9218655,7.3006024
1500080071337,-2.3505547,-6.5059137,6.9271946
1500080071400,-2.88673,-5.146326,7.9133744
1500080071464,-3.193116,-5.1271772,7.2623043
1500080071528,-2.9824755,-5.2420716,7.3867736
1500080071592,-2.9920502,-5.462287,7.2335806
1500080071655,-3.0303483,-5.299519,7.808054
1500080071719,-2.6282167,-6.1420803,7.156984
1500080071783,-3.0303483,-5.797396,7.0612383
1500080071846,-3.2888615,-5.644203,6.8027253
1500080071910,-2.9920502,-5.682502,7.156984
1500080071974,-3.0016246,-5.4239883,7.5208173
1500080072037,-2.9537518,-5.567607,7.4729443
1500080072101,-2.88673,-5.538883,7.3389006
1500080072165,-3.0973704,-5.222923,7.434646
1500080072229,-3.1069448,-5.261221,7.35805
1500080072292,-2.8963046,-5.529309,7.46337
1500080072356,-2.5324712,-6.0750585,7.587839
1500080072420,-2.9920502,-6.1229315,6.6878304
1500080072484,-3.059072,-6.0463347,6.6495323
1500080072547,-3.2697124,-5.682502,7.0612383
1500080072611,-3.1069448,-5.8931417,7.089962
1500080072675,-3.0494976,-6.065484,6.8888965
1500080072738,-2.88673,-6.1899533,6.7931504
1500080072802,-2.9920502,-6.1229315,6.8888965
1500080072866,-2.972901,-6.132506,7.02294
1500080072929,-3.1835413,-6.065484,6.764427
1500080072993,-3.059072,-6.151655,6.697405
1500080073057,-2.972901,-6.2474008,6.8888965
1500080073120,-3.173967,-6.113357,6.8027253
1500080073184,-3.059072,-6.2091026,6.6208086
1500080073248,-3.1356685,-6.1612296,6.869747
1500080073312,-3.212265,-6.0846334,6.984642
1500080073375,-3.3367343,-6.170804,6.592085
1500080073448,-3.5856729,-6.0559096,6.544212
1500080073503,-3.4420545,-6.094208,6.8888965
1500080073566,-3.6622694,-6.323997,6.132506
1500080073630,-3.7484405,-6.2378263,6.094208
1500080073694,-3.9399316,-5.414414,7.195282
1500080073757,-4.0261025,-5.38569,6.8601727
1500080073821,-3.8346114,-6.0559096,6.37187
1500080073885,-4.6388745,-4.811217,7.1857076
1500080073949,-3.8537605,-5.82612,6.630383
1500080074012,-4.0739756,-5.835695,6.5059137
1500080074076,-4.5527034,-5.2899446,6.668681
1500080074140,-3.911208,-5.835695,6.7548523
1500080074204,-4.2654667,-5.414414,7.02294
1500080074267,-4.131423,-5.845269,6.285699
1500080074331,-4.3324885,-5.5771813,6.3814445
1500080074395,-4.696322,-4.916537,6.9654927
1500080074458,-5.0314317,-4.696322,6.7069798
1500080074522,-4.610151,-5.347392,6.3814445
1500080074586,-4.6293,-5.309094,6.668681
1500080074649,-4.9069624,-4.1122737,7.501668
1500080074713,-5.433563,-3.5090764,6.898471
1500080074777,-5.2037735,-3.1643922,7.137835
1500080074841,-5.2420716,-3.4420545,7.329326
1500080074904,-4.610151,-5.041006,7.051664
1500080074968,-4.5335546,-5.605905,6.3527207
1500080075032,-5.2037735,-4.715471,6.4963393
1500080075095,-4.96441,-5.06973,6.4197426
1500080075159,-4.8207912,-5.1654754,6.525063
1500080075223,-5.2516465,-4.275041,6.831449
1500080075287,-4.9739842,-4.610151,6.831449
1500080075350,-4.8207912,-4.811217,6.8888965
1500080075414,-4.7441945,-4.9739842,6.7357035
1500080075478,-4.8303657,-4.9835587,6.6591067
1500080075541,-4.8303657,-5.1654754,6.5346375
1500080075605,-4.849515,-5.021857,6.630383
1500080075669,-4.96441,-4.96441,6.410168
1500080075732,-4.926111,-4.8973875,6.630383
1500080075796,-5.021857,-4.4856815,6.9654927
1500080075860,-4.8303657,-4.658024,6.8410234
1500080075924,-4.801642,-4.7441945,6.783576
1500080075987,-4.801642,-4.648449,7.051664
1500080076051,-4.6675982,-5.1271772,6.611234
1500080076115,-4.275041,-5.5771813,6.678256
1500080076178,-4.3707867,-5.672927,6.4676156
1500080076242,-3.9782298,-5.960164,6.3622956
1500080076306,-4.121848,-5.787822,6.5729356
1500080076369,-3.9590807,-5.960164,6.6016593
1500080076433,-3.930357,-5.950589,6.515488
1500080076497,-4.1122737,-5.759098,6.47719
1500080076561,-4.437809,-5.500585,6.5346375
1500080076624,-4.4186597,-5.366541,6.716554
1500080076688,-3.6622694,-5.912291,6.639958
1500080076752,-4.2175937,-5.2899446,7.0803876
1500080076815,-4.322914,-5.0505805,7.0133657
1500080076879,-3.9495063,-5.2133484,7.243155
1500080076943,-4.1888704,-5.366541,6.678256
1500080077007,-3.8824842,-5.519734,6.745278
1500080077070,-4.045252,-5.4718614,6.764427
1500080077134,-4.3803616,-5.2516465,6.8410234
1500080077198,-3.499502,-6.0559096,6.4676156
1500080077261,-3.9495063,-5.299519,7.329326
1500080077325,-4.581427,-4.495256,7.243155
1500080077389,-4.1026993,-5.1846247,6.975067
1500080077453,-3.8346114,-5.5771813,6.869747
1500080077516,-4.0548263,-5.2133484,6.975067
1500080077580,-4.131423,-5.0314317,7.4059224
1500080077644,-4.169721,-5.9697385,6.2474008
1500080077707,-3.9878044,-6.333572,6.170804
1500080077772,-4.495256,-5.8835673,6.2091026
1500080077835,-4.131423,-6.285699,5.9314404
1500080077899,-4.1888704,-6.7740016,5.3569665
1500080077962,-4.5144053,-6.4676156,5.5771813
1500080078026,-4.1888704,-6.2091026,6.2474008
1500080078090,-3.8920588,-6.6016593,5.979313
1500080078154,-4.2558923,-6.5346375,5.653778
1500080078217,-4.1409974,-6.3431463,5.912291
1500080078282,-4.0069537,-6.3622956,6.027186
1500080078345,-3.9207826,-6.2761245,6.1420803
1500080078409,-3.4324799,-6.630383,6.458041
1500080078473,-4.0069537,-5.806971,6.592085
1500080078536,-3.9016335,-5.873993,6.592085
1500080078599,-3.7197168,-6.065484,6.592085
1500080078663,-4.08355,-5.806971,6.4676156
1500080078727,-4.169721,-5.9697385,6.4005938
1500080078791,-3.9782298,-5.739949,6.869747
1500080078854,-4.0548263,-5.682502,6.630383
1500080078918,-4.236743,-5.644203,6.4484663
1500080078982,-4.4856815,-4.83994,6.9942164
1500080079045,-4.351638,-5.0601554,7.0612383
1500080079109,-4.0931244,-5.586756,6.6495323
1500080079173,-4.3133397,-5.1846247,6.8888965
1500080079237,-4.284616,-5.2037735,6.869747
1500080079301,-4.3324885,-5.328243,6.869747
1500080079373,-4.284616,-5.3952646,6.6016593
1500080079427,-4.3803616,-5.328243,6.668681
1500080079491,-4.2463174,-5.1367517,6.9176197
1500080079555,-3.9878044,-5.682502,6.764427
1500080079619,-4.169721,-4.935686,7.2527294
1500080079682,-3.8920588,-5.366541,6.9654927
1500080079746,-3.9399316,-5.4431376,7.0325146
1500080079810,-3.844186,-5.232497,7.12826
1500080079873,-3.9686553,-5.519734,6.7740016
1500080079937,-4.08355,-5.366541,6.9654927
1500080080001,-3.9495063,-5.6154795,6.5825105
1500080080065,-3.8346114,-5.5484576,6.8793216
1500080080128,-3.7963133,-5.49101,7.0612383
1500080080192,-3.8154624,-5.5771813,6.936769
1500080080256,-3.7867386,-5.672927,6.8888965
1500080080320,-3.5569491,-5.49101,6.8601727
1500080080384,-3.844186,-4.4856815,7.741032
1500080080447,-3.8920588,-4.3707867,7.769756
1500080080511,-3.8633351,-4.811217,7.310177
1500080080574,-3.777164,-4.9835587,7.2910275
1500080080638,-3.4037561,-5.366541,7.4920936
1500080080702,-3.4707782,-5.672927,6.984642
1500080080765,-3.604822,-5.5101595,6.8793216
1500080080829,-3.7101421,-5.3569665,7.137835
1500080080893,-3.6622694,-5.3569665,7.1665583
1500080080956,-3.7963133,-5.366541,7.0612383
1500080081020,-3.6239712,-5.567607,6.9080453
1500080081084,-3.5856729,-5.433563,7.243155
1500080081148,-3.4803526,-5.6250544,7.0133657
1500080081212,-3.6431203,-5.5484576,7.0612383
1500080081275,-3.5090764,-5.6250544,6.9271946
1500080081339,-3.4037561,-5.653778,7.0612383
1500080081402,-3.6143966,-5.3952646,7.3006024
1500080081466,-3.844186,-5.155901,7.0995364
1500080081530,-3.4037561,-5.653778,6.745278
1500080081594,-3.5090764,-5.4239883,7.2335806
1500080081657,-3.6526947,-5.146326,7.635712
1500080081721,-3.384607,-5.433563,7.204857
1500080081785,-3.3080106,-5.682502,6.9271946
1500080081848,-3.3941817,-5.634629,7.042089
1500080081912,-3.4420545,-5.481436,7.2144313
1500080081976,-3.346309,-5.605905,7.137835
1500080082040,-3.4229054,-5.4048395,7.2623043
1500080082103,-3.6239712,-5.2516465,7.1857076
1500080082167,-3.518651,-5.519734,6.9559183
1500080082231,-3.3080106,-5.5771813,7.176133
1500080082294,-3.365458,-5.5771813,7.281453
1500080082358,-3.451629,-5.414414,7.281453
1500080082422,-3.2888615,-5.6250544,7.02294
1500080082485,-3.5090764,-5.462287,7.156984
1500080082549,-3.5856729,-5.4239883,7.204857
1500080082613,-3.7005677,-5.2899446,7.1474094
1500080082677,-3.7867386,-5.3952646,6.7261286
1500080082740,-3.9590807,-4.954835,7.348475
1500080082805,-3.7197168,-5.1367517,7.3867736
1500080082869,-3.6431203,-5.6633525,6.8888965
1500080082932,-3.384607,-5.7686725,6.975067
1500080082995,-3.5473747,-5.672927,6.9942164
1500080083059,-3.4803526,-5.759098,6.9080453
1500080083123,-3.5856729,-5.759098,6.8027253
1500080083186,-3.6431203,-5.7495236,6.764427
1500080083250,-3.6143966,-5.481436,7.137835
1500080083314,-3.5569491,-5.538883,7.089962
1500080083377,-3.5378,-5.692076,6.9463434
1500080083441,-3.4803526,-5.567607,7.137835
1500080083505,-3.5665238,-5.3569665,7.1091113
1500080083568,-3.3750327,-5.692076,6.984642
1500080083632,-3.4324799,-5.5771813,7.0803876
1500080083696,-3.4803526,-5.500585,7.204857
1500080083760,-3.4803526,-5.586756,7.0995364
1500080083823,-3.3175852,-5.845269,7.0133657
1500080083887,-3.4420545,-5.7208,6.831449
1500080083951,-3.2505634,-5.787822,7.1186857
1500080084015,-3.4133308,-5.644203,7.0995364
1500080084078,-3.4229054,-5.7495236,6.9176197
1500080084142,-3.4037561,-5.739949,6.936769
1500080084206,-3.3750327,-5.682502,7.0803876
1500080084269,-3.3941817,-5.7208,6.975067
1500080084333,-3.3750327,-5.845269,6.9654927
1500080084397,-3.518651,-5.653778,6.9559183
1500080084460,-3.9016335,-4.9069624,7.2718787
1500080084524,-3.5665238,-5.452712,7.0803876
1500080084588,-3.6431203,-5.452712,7.176133
1500080084652,-3.3558834,-5.797396,6.9654927
1500080084715,-3.2792869,-5.835695,6.8888965
1500080084779,-3.6335456,-5.4239883,7.1091113
1500080084843,-3.231414,-5.759098,7.042089
1500080084907,-3.4229054,-5.672927,7.042089
1500080084970,-3.2984362,-5.7016506,7.1091113
1500080085034,-3.2984362,-5.6250544,7.051664
1500080085097,-3.3080106,-5.452712,7.35805
1500080085161,-3.9686553,-4.935686,7.348475
1500080085225,-3.5856729,-5.2899446,7.089962
1500080085289,-3.499502,-5.3378177,7.1474094
1500080085352,-3.5856729,-5.146326,7.4729443
1500080085416,-3.8346114,-5.088879,7.2623043
1500080085480,-3.5378,-5.5484576,6.9271946
1500080085544,-3.758015,-5.3569665,6.9080453
1500080085607,-3.6526947,-5.414414,7.0803876
1500080085671,-3.1548176,-5.7112255,7.204857
1500080085735,-3.231414,-5.5484576,7.4154973
1500080085798,-3.346309,-5.481436,7.2623043
1500080085862,-3.2984362,-5.49101,7.156984
1500080085926,-3.4803526,-5.3952646,7.2335806
1500080085989,-3.4899273,-5.309094,7.3389006
1500080086053,-4.016528,-4.8782387,7.3771987
1500080086117,-4.0739756,-4.954835,7.1474094
1500080086181,-4.5335546,-4.73462,6.9654927
1500080086245,-4.7250457,-4.7058964,6.783576
1500080086309,-5.3186684,-4.0548263,6.8027253
1500080086373,-4.8590894,-4.4186597,6.869747
1500080086436,-4.954835,-4.5910015,6.9463434
1500080086499,-3.5665238,-5.347392,7.0133657
1500080086563,-3.8154624,-5.17505,7.2240057
1500080086627,-3.8824842,-4.7920675,7.2910275
1500080086690,-3.4037561,-4.8782387,7.587839
1500080086754,-3.384607,-5.2516465,7.894225
1500080086818,-1.7569319,-5.9027166,7.7123084
1500080086881,-3.690993,-4.8207912,6.9271946
1500080086945,-4.284616,-4.4186597,7.4442205
1500080087009,-2.6952388,-5.605905,7.7601814
1500080087073,-2.580344,-5.586756,7.2718787
1500080087136,-3.8058877,-4.7441945,7.511243
1500080087200,-2.7718353,-5.38569,7.6452866
1500080087264,-2.9441774,-5.3569665,7.4250717
1500080087327,-3.3367343,-4.935686,7.6069884
1500080087391,-2.714388,-5.4431376,7.501668
1500080087455,-2.6952388,-5.414414,7.635712
1500080087518,-2.5707695,-5.28037,7.8655014
1500080087582,-2.6090677,-5.481436,7.5208173
1500080087646,-2.867581,-5.414414,7.281453
1500080087710,-2.9537518,-5.347392,7.2623043
1500080087773,-2.8292825,-5.3952646,7.46337
1500080087837,-2.9633265,-5.222923,7.6261373
1500080087901,-2.9154537,-5.28037,7.664436
1500080087965,-3.0877957,-5.079304,7.6069884
1500080088028,-3.1548176,-4.9835587,7.348475
1500080088092,-3.4229054,-4.6293,7.8176284
1500080088156,-2.9537518,-4.8782387,7.616563
1500080088219,-3.1548176,-4.7920675,7.788905
1500080088283,-2.867581,-4.801642,7.6835847
1500080088347,-2.9920502,-4.763344,7.329326
1500080088410,-3.0973704,-3.9016335,8.679339
1500080088474,-3.4324799,-3.2505634,8.526146
1500080088538,-2.5516202,-4.3803616,8.545295
1500080088602,-3.5952475,-4.0739756,7.7601814
1500080088665,-3.8537605,-3.911208,7.9037995
1500080088729,-3.231414,-4.3324885,7.9133744
1500080088793,-3.4420545,-3.7963133,8.277207
1500080088856,-3.6239712,-3.8154624,8.248484
1500080088920,-3.9782298,-3.365458,8.124015
1500080088984,-4.6005764,-2.6760898,8.1623125
1500080089047,-5.4718614,-2.3888528,8.028269
1500080089111,-4.6388745,-5.739949,5.1846247
1500080089175,-7.042089,-1.4313968,6.4676156
1500080089239,-6.9559183,-1.6707608,6.170804
1500080089302,-6.2091026,-0.70373017,6.3527207
1500080089366,-6.9080453,0.3877697,7.051664
1500080089430,-6.592085,1.5750152,6.2282515
1500080089493,-5.960164,2.561195,6.1899533
1500080089557,-5.873993,3.173967,7.2910275
1500080089621,-5.4048395,3.3941817,7.4154973
1500080089685,-5.261221,3.777164,7.156984
1500080089748,-5.155901,4.198445,6.697405
1500080089812,-5.194199,4.150572,6.668681
1500080089876,-5.021857,4.0356774,7.089962
1500080089939,-5.002708,3.9016335,7.3006024
1500080090003,-5.3569665,3.7867386,6.9463434
1500080090067,-5.519734,3.7005677,6.333572
1500080090131,-5.988888,2.9441774,6.5537868
1500080090194,-6.0463347,2.2069361,7.1091113
1500080090258,-5.912291,2.0824668,7.1665583
1500080090322,-5.653778,1.5462915,6.9271946
1500080090385,-5.328243,-0.26330042,7.855927
1500080090449,-4.437809,-1.1154363,8.506997
1500080090513,-4.3612123,-1.2494801,8.928278
1500080090577,-4.131423,-2.0250196,8.621892
1500080090640,-3.5282254,-3.1835413,8.305931
1500080090704,-3.3750327,-3.0494976,8.258059
1500080090768,-2.905879,-3.7484405,7.9803963
1500080090831,-3.2792869,-3.173967,8.602742
1500080090895,-3.7867386,-3.0686467,9.359133
1500080090959,-3.7101421,-2.7814097,8.621892
1500080091023,-2.1590633,-3.6526947,7.7984796
1500080091086,-6.7931504,-6.438892,6.410168
1500080091150,-3.6143966,-1.9388485,8.2676325
1500080091214,-2.867581,-3.5282254,6.592085
1500080091278,-2.6760898,-5.2420716,6.1229315
1500080091342,-3.078221,-4.3995104,7.195282
1500080091413,-4.275041,-6.304848,5.998462
1500080091468,-5.5484576,-6.094208,7.195282
1500080091532,-5.347392,-5.1367517,8.459125
1500080091596,-4.648449,-4.935686,8.612317
1500080091660,-4.1601467,-5.6154795,8.372953
1500080091723,-4.3707867,-6.8122997,7.156984
1500080091787,-4.7250457,-7.089962,6.438892
1500080091851,-4.3612123,-6.333572,6.017611
1500080091915,-4.0644007,-5.979313,6.458041
1500080091978,-3.7197168,-5.5580325,7.2144313
1500080092042,-3.1548176,-5.328243,7.9899707
1500080092106,-2.2739582,-4.993133,8.296356
1500080092169,-1.2782038,-4.428234,7.9803963
1500080092233,-0.9622433,-4.648449,7.348475
1500080092297,-0.5888355,-4.322914,7.0708127
1500080092360,-0.7324539,-4.4856815,7.2527294
1500080092424,-1.5175679,-4.351638,7.5303917
1500080092488,-2.4654493,-5.021857,7.02294
1500080092552,-2.867581,-5.079304,7.587839
1500080092615,-3.911208,-4.8782387,8.822957
1500080092679,-3.3080106,-5.538883,8.966576
1500080092743,-1.7665064,-4.619725,7.8367777
1500080092807,-2.905879,-4.811217,9.158067
1500080092870,-1.8335283,-5.0984535,7.549541
1500080092934,-1.622888,-5.2899446,7.3676243
1500080092998,-2.0824668,-5.347392,7.2335806
1500080093061,-1.3069274,-4.782493,8.439975
1500080093125,-0.91437054,-4.83994,8.909128
1500080093189,-0.751603,-4.2271686,8.305931
1500080093253,-0.09095833,-4.5910015,9.091045
1500080093316,-0.2920241,-4.3612123,8.803808
1500080093380,-0.4356425,-4.5527034,8.784659
1500080093444,-0.3111732,-4.2941904,8.851681
1500080093507,-1.1345854,-4.2271686,8.315506
1500080093571,-1.1824582,-4.342063,8.296356
1500080093635,-1.3069274,-4.476107,8.439975
1500080093699,-1.4409714,-4.504831,8.382527
1500080093762,-1.4218222,-4.4473834,8.4686985
1500080093826,-1.4792696,-4.351638,8.44955
1500080093890,-1.5558661,-4.3612123,8.248484
1500080093953,-1.4026731,-4.648449,8.679339
1500080094017,-1.8239537,-4.2941904,8.535721
1500080094081,-2.3026817,-4.016528,8.191036
1500080094145,-2.9154537,-2.3122563,10.125097
1500080094208,-3.0686467,-1.6899099,9.675094
1500080094272,-2.733537,-1.8239537,8.44955
1500080094336,-3.0877957,-0.28244954,8.717637
1500080094399,-1.5941644,-1.2494801,8.803808
1500080094463,-1.1728836,-2.1590633,9.904882
1500080094527,-0.44521707,-6.37187,9.512326
1500080094591,-1.0005416,-2.5994933,8.650616
1500080094654,-0.45479164,-5.2037735,6.6016593
1500080094718,-1.4218222,-4.6293,6.8410234
1500080094782,-3.8824842,-5.988888,10.278291
1500080094845,-3.6431203,-1.1824582,8.583593
1500080094909,-2.6569405,-3.671844,9.493176
1500080094973,-2.5037475,-2.015445,8.372953
1500080095037,-2.5228968,0.3398969,7.4059224
1500080095100,-3.4899273,-2.149489,8.784659
1500080095164,-0.78990126,-4.476107,9.933606
1500080095228,-2.6377914,-1.6611862,9.215514
1500080095292,-2.475024,-2.3026817,9.177217
1500080095355,-2.8580062,-1.3739494,8.803808
1500080095419,-2.8484318,-1.9867213,8.736787
1500080095482,-2.972901,-1.8239537,8.679339
1500080095546,-2.7239625,-2.015445,8.832532
1500080095610,-2.513322,-2.3505547,9.138918
1500080095675,-2.168638,-2.015445,8.899554
1500080095746,-2.2165108,-2.1973617,8.755936
1500080095801,-1.6133134,-2.733537,9.014449
1500080095865,-1.2016073,-3.9495063,9.18679
1500080095929,-1.7473572,-3.1069448,8.55487
1500080095992,-1.383524,-5.2707953,8.095291
1500080096056,-1.8814012,-3.825037,8.755936
1500080096120,-1.6611862,-4.1792955,8.66019
1500080096184,-1.3165021,-4.1792955,8.813383
1500080096247,-1.1345854,-4.169721,8.832532
1500080096311,-0.9526688,-4.0739756,8.842107
1500080096375,-0.751603,-3.9782298,8.842107
1500080096438,-0.8473486,-3.825037,8.909128
1500080096502,-1.0292653,-3.9495063,8.928278
1500080096566,-1.0771381,-3.7963133,9.617646
1500080096630,-0.91437054,-3.2026904,9.052747
1500080096693,-0.42606795,-3.7005677,9.445304
1500080096757,-0.63670826,-2.6377914,8.995299
1500080096821,-0.9622433,-2.1399143,8.372953
1500080096885,-0.6271337,-2.3697038,8.832532
1500080096948,-0.28244954,-2.0728924,8.765511
1500080097012,-1.9675722,-1.1250108,8.880404
1500080097076,-0.4835153,-5.7208,8.104865
1500080097139,-0.42606795,-4.715471,8.363379
1500080097203,-4.619725,-2.5228968,11.187874
1500080097267,-3.5090764,0.751603,7.137835
1500080097331,0.70373017,-5.309094,10.144247
1500080097394,-1.2207564,-3.7675896,8.095291
1500080097458,-2.6952388,-3.5090764,8.315506
1500080097522,-1.1154363,-4.2558923,8.641041
1500080097585,-1.4218222,-4.7058964,8.315506
1500080097649,-1.4984187,-5.347392,7.9803963
1500080097713,-0.70373017,-5.605905,7.7123084
1500080097777,-1.0484143,-5.28037,7.7793303
1500080097840,-1.2686293,-4.3324885,9.31126
1500080097904,-0.71330476,-3.6526947,9.138918
1500080097968,-1.1058618,-4.5718527,9.454879
1500080098031,-0.00478728,-3.193116,8.34423
1500080098095,-1.1920328,-2.6282167,7.8367777
1500080098159,-0.26330042,-2.2931073,9.167642
1500080098223,0.2154276,-3.604822,9.598496
1500080098286,-0.00478728,-3.5282254,9.828286
1500080098350,-0.28244954,-2.1590633,8.842107
1500080098414,-0.13883112,-2.0441687,8.803808
1500080098477,0.014361841,-2.0728924,9.177217
1500080098541,-0.22500217,-2.0728924,9.196365
1500080098605,-0.2154276,-2.5899186,9.31126
1500080098669,0.16755481,-2.0441687,9.41658
1500080098732,0.19627848,-1.8526775,9.3878565
1500080098796,0.359046,-2.101616,9.272962
1500080098860,0.46436617,-1.8718265,9.349558
1500080098923,0.63670826,-2.0058703,9.339984
1500080098987,0.6271337,-2.168638,9.301685
1500080099051,0.751603,-2.2165108,9.397431
1500080099115,1.0196906,-2.0920415,9.272962
1500080099178,0.8664977,-1.9579976,9.167642
1500080099242,1.4888442,-2.0441687,9.41658
1500080099306,1.3930986,-1.929274,9.253813
1500080099369,1.7186337,-2.0058703,9.550624
1500080099433,1.5750152,-1.8239537,9.435729
1500080099497,1.5941644,-1.2016073,9.368708
1500080099561,1.8718265,-2.1782124,9.31126
1500080099624,1.8048047,-2.580344,9.071896
1500080099688,2.1973617,-2.905879,9.158067
1500080099752,1.8431029,-2.5037475,8.861256
1500080099815,1.8335283,-3.0973704,8.631466
1500080099879,2.4463003,-4.2463174,8.545295
1500080099943,1.1058618,-4.696322,8.717637
1500080100007,1.8239537,-4.3133397,8.506997
1500080100071,1.3260766,-4.6771727,8.258059
1500080100134,1.4984187,-4.3133397,8.277207
1500080100198,1.8431029,-4.4473834,8.104865
1500080100261,1.2686293,-4.96441,7.5399666
1500080100325,0.77075213,-5.4048395,8.191036
1500080100389,1.3643749,-5.2516465,8.076141
1500080100453,1.6803354,-5.692076,7.9899707
1500080100516,1.8909757,-5.5963306,8.018694
1500080100580,1.7665064,-5.462287,8.1623125
1500080100645,1.9867213,-5.5101595,7.4729443
1500080100708,2.3314054,-5.8165455,7.2144313
1500080100772,2.187787,-5.5101595,7.8367777
1500080100835,2.408002,-5.806971,7.6261373
1500080100899,2.6569405,-5.941015,7.329326
1500080100962,2.5420458,-5.7112255,7.9037995
1500080101026,2.4558747,-5.9314404,7.511243
1500080101090,2.2356598,-5.8644185,7.051664
1500080101153,2.0728924,-5.519734,7.855927
1500080101217,1.9196993,-5.529309,7.8846507
1500080101281,1.8335283,-5.4718614,7.654861
1500080101345,1.6133134,-5.4048395,7.9325233
1500080101408,1.4409714,-5.28037,8.353804
1500080101472,1.5079932,-4.935686,9.148493
1500080101536,2.8101335,-4.8590894,9.85701
1500080101600,3.499502,-2.3697038,9.024023
1500080101663,-0.44521707,-5.2133484,6.094208
1500080101727,-3.1069448,-10.2016945,2.752686
1500080101791,-2.8388572,-8.315506,4.0739756
1500080101855,5.2420716,2.9250283,12.719804
1500080101918,2.3314054,-5.5101595,8.363379
1500080101982,-0.2920241,-1.1633091,9.215514
1500080102046,1.5462915,-3.6239712,9.119769
1500080102109,1.2686293,-3.5952475,9.052747
1500080102173,0.5218136,-3.1165195,8.9761505
1500080102237,0.56968635,-3.1548176,9.110194
1500080102300,1.0579889,-3.3271596,9.225089
1500080102364,0.3398969,-2.5994933,8.66019
1500080102428,0.78032666,-2.9346027,9.2825365
1500080102492,0.8186249,-2.2931073,9.129343
1500080102555,0.78032666,-3.0303483,9.435729
1500080102619,0.6271337,-2.5037475,9.215514
1500080102683,0.56968635,-2.5516202,9.091045
1500080102746,0.76117754,-2.580344,9.330409
1500080102810,1.0101161,-2.3888528,9.253813
1500080102874,0.9430942,-2.0824668,9.119769
1500080102938,1.3260766,-2.321831,9.502751
1500080103001,1.2207564,-2.1973617,9.349558
1500080103065,1.3356512,-2.1973617,9.244238
1500080103129,1.4888442,-2.0728924,9.378282
1500080103193,1.5941644,-2.3505547,9.454879
1500080103256,1.383524,-2.3314054,9.359133
1500080103320,1.3548003,-2.2260852,9.31126
1500080103384,1.3452257,-2.666515,9.244238
1500080103447,0.8760723,-2.6186423,9.158067
1500080103511,0.6271337,-2.6186423,9.167642
1500080103575,0.34947145,-2.7622607,9.20594
1500080103638,0.14840569,-2.4558747,8.966576
1500080103702,0.043085523,-2.5228968,8.947427
1500080103766,0.16755481,-2.7048132,9.062322
1500080103830,0.16755481,-2.5899186,9.177217
1500080103893,0.44521707,-2.666515,9.225089
1500080103957,0.76117754,-2.5994933,9.234664
1500080104021,0.6271337,-2.4654493,9.20594
1500080104085,0.9622433,-2.6377914,9.330409
1500080104148,1.0292653,-2.6282167,9.244238
1500080104212,0.98139244,-2.408002,9.244238
1500080104276,1.0771381,-2.5324712,9.225089
1500080104339,0.99096704,-2.6282167,9.244238
1500080104403,1.0962871,-2.494173,9.167642
1500080104467,0.9622433,-2.494173,9.20594
1500080104530,1.2016073,-2.6282167,9.244238
1500080104594,1.0771381,-2.494173,9.196365
1500080104658,1.0867126,-2.4845984,9.18679
1500080104722,0.98139244,-2.4558747,9.196365
1500080104785,1.1728836,-2.5516202,9.339984
1500080104849,1.0579889,-2.34098,9.158067
1500080104913,1.0196906,-2.4175766,9.196365
1500080104976,1.0292653,-2.5420458,9.234664
1500080105040,1.0484143,-2.4654493,9.129343
1500080105104,0.99096704,-2.494173,9.244238
1500080105168,1.1154363,-2.5899186,9.234664
1500080105232,1.0196906,-2.5228968,9.148493
1500080105295,0.98139244,-2.5324712,9.215514
1500080105359,1.0962871,-2.6186423,9.263388
1500080105422,1.1058618,-2.5707695,9.158067
1500080105486,1.0771381,-2.5994933,9.215514
1500080105550,1.0962871,-2.6377914,9.2825365
1500080105614,0.8952214,-2.580344,9.043172
