1500079531037,-1.6899099,-9.5219,1.1824582
1500079531100,-2.0824668,-9.474028,1.0675635
1500079531165,-2.2165108,-9.933606,0.9622433
1500079531228,-2.427151,-10.374036,1.0388398
1500079531300,-2.7909844,-10.891063,1.0005416
1500079531355,-3.0686467,-10.82404,0.98139244
1500079531419,-2.8771553,-10.230418,0.6845811
1500079531483,-2.6569405,-9.2825365,0.5792609
1500079531546,-2.3888528,-9.043172,0.359046
1500079531610,-2.1782124,-9.924032,0.062234644
1500079531674,-1.8718265,-11.044255,-0.12925656
1500079531738,0.043085523,-10.757019,-1.3643749
1500079531801,0.8473486,-9.98148,-1.0962871
1500079531865,0.8760723,-9.014449,-0.6558574
1500079531929,0.6750065,-9.301685,0.110107444
1500079531992,0.47394073,-10.239992,0.40691882
1500079532056,0.49308985,-10.555953,-0.014361841
1500079532120,0.9526688,-10.345312,-0.26330042
1500079532184,1.9005502,-9.991054,-0.5888355
1500079532247,2.9441774,-9.742115,-0.30159867
1500079532311,3.8154624,-9.359133,-0.20585304
1500079532375,5.108028,-8.746361,-0.0718092
1500079532439,6.113357,-7.482519,0.36862057
1500079532502,7.0803876,-6.1995277,0.45479164
1500079532566,7.5782647,-4.782493,0.92394507
1500079532630,8.23891,-3.2984362,1.2399056
1500079532693,8.631466,-1.7473572,1.1537346
1500079532757,8.717637,-0.25372586,1.0579889
1500079532821,8.478273,1.0388398,1.1058618
1500079532885,8.487848,1.8048047,0.56968635
1500079532948,8.679339,2.819708,0.49308985
1500079533012,8.909128,3.9782298,0.42606795
1500079533076,8.583593,5.021857,0.56011176
1500079533139,8.037844,6.027186,0.56011176
1500079533203,7.195282,7.0612383,0.6271337
1500079533267,6.37187,7.4729443,0.9430942
1500079533331,6.1612296,8.056993,0.8473486
1500079533394,6.1229315,7.9420977,0.9526688
1500079533458,6.1899533,8.095291,0.9430942
1500079533522,6.218677,7.846352,0.91437054
1500079533586,6.113357,7.7123084,0.99096704
1500079533649,5.950589,7.4537954,1.2303311
1500079533713,5.960164,7.3197513,1.4313968
1500079533777,6.103782,7.482519,1.4888442
1500079533842,6.103782,8.459125,1.3739494
1500079533904,6.2091026,8.688913,1.4122477
1500079533968,6.4005938,8.11444,1.0675635
1500079534032,6.850598,7.616563,1.0196906
1500079534095,7.2527294,6.639958,0.9526688
1500079534159,7.6740103,5.5484576,1.0579889
1500079534223,8.363379,4.772918,0.751603
1500079534287,8.34423,3.2409887,0.7420284
1500079534351,8.411251,1.5654407,1.0771381
1500079534414,8.583593,0.3877697,1.0675635
1500079534479,8.6697645,-1.2016073,0.8856468
1500079534542,8.171887,-2.7048132,0.9430942
1500079534605,7.5782647,-4.0548263,1.1920328
1500079534669,6.8122997,-5.328243,0.8473486
1500079534734,5.519734,-6.6208086,0.4356425
1500079534796,4.83994,-7.587839,0.2154276
1500079534861,3.4707782,-8.755936,-0.10053288
1500079534924,1.4313968,-9.445304,-0.09095833
1500079534988,0.17712937,-9.96233,0.023936402
1500079535051,-0.3111732,-11.044255,0.05266008
1500079535115,-1.1824582,-11.522984,0.00478728
1500079535179,-1.8335283,-11.551707,0.23457673
1500079535242,-2.1111906,-11.4272375,0.3398969
1500079535306,-2.3505547,-11.522984,0.50266445
1500079535370,-2.2931073,-11.810221,0.4356425
1500079535433,-1.8909757,-12.3463955,0.64628285
1500079535497,-1.5079932,-12.183628,0.5313881
1500079535561,-0.77075213,-11.561282,0.54096264
1500079535625,0.014361841,-10.82404,0.18670394
1500079535688,1.1920328,-10.019777,-0.4356425
1500079535752,3.4420545,-8.028269,-0.10053288
1500079535816,5.8835673,-5.4048395,0.93351966
1500079535880,6.9080453,-2.6569405,1.0005416
1500079535943,6.9654927,-0.00478728,1.0962871
1500079536007,7.281453,2.0633178,0.39734426
1500079536071,7.654861,3.2505634,-0.17712937
1500079536134,8.229335,4.6771727,-0.59841
1500079536199,8.526146,5.3952646,-0.64628285
1500079536263,8.066567,6.180379,-0.20585304
1500079536326,7.6069884,7.4729443,0.0718092
1500079536389,7.156984,9.29211,0.5888355
1500079536453,6.3814445,9.138918,1.0962871
1500079536517,6.592085,9.033598,0.3877697
1500079536580,7.5591154,8.7750845,0.34947145
1500079536644,7.7506065,7.693159,0.45479164
1500079536708,7.8367777,7.051664,0.19627848
1500079536772,7.721883,5.6154795,0.64628285
1500079536835,7.741032,4.2271686,0.56011176
1500079536899,7.1091113,2.0920415,0.78032666
1500079536963,6.9559183,0.54096264,0.47394073
1500079537027,7.003791,-1.9675722,0.8090504
1500079537090,6.391019,-3.3271596,0.7228793
1500079537154,3.930357,-5.8644185,1.2782038
1500079537218,2.666515,-8.018694,1.2016073
1500079537281,2.2931073,-9.5219,0.665432
1500079537346,1.3643749,-10.488931,0.83777404
1500079537410,-0.16755481,-10.833615,1.14416
1500079537481,-0.8473486,-11.7336235,2.2356598
1500079537536,-0.8090504,-14.337904,2.015445
1500079537600,-0.93351966,-14.357054,1.6324625
1500079537664,-1.1345854,-13.409172,1.7186337
1500079537727,-0.8090504,-11.905966,1.7569319
1500079537791,-0.03351096,-10.555953,1.3643749
1500079537855,1.1250108,-9.885734,1.0196906
1500079537919,2.3888528,-8.822957,0.8186249
1500079537982,3.7388659,-7.654861,0.8760723
1500079538046,5.797396,-5.4431376,1.0196906
1500079538110,7.3389006,-3.0686467,1.2782038
1500079538174,7.6740103,-1.0579889,1.2207564
1500079538237,8.056993,0.6750065,0.8281995
1500079538301,8.076141,2.3122563,0.3111732
1500079538365,8.34423,4.0069537,-0.10053288
1500079538428,8.124015,5.06973,-0.15798025
1500079538492,7.6452866,5.462287,0.13883112
1500079538556,7.4729443,6.5729356,0.2441513
1500079538620,7.2240057,7.741032,0.33032233
1500079538683,6.3144226,9.2825365,0.59841
1500079538747,6.2761245,10.632549,0.5505372
1500079538811,6.37187,10.268716,0.8281995
1500079538875,7.176133,9.167642,0.39734426
1500079538938,6.7931504,7.1474094,0.6845811
1500079539002,6.8122997,4.543129,0.83777404
1500079539066,7.1857076,2.3984275,0.8760723
1500079539130,7.396348,0.49308985,0.54096264
1500079539193,7.922949,-1.9196993,1.0484143
1500079539257,7.4729443,-3.2026904,0.91437054
1500079539322,5.3378177,-4.83994,1.0101161
1500079539384,2.733537,-6.7357035,0.8473486
1500079539448,0.59841,-8.21976,0.665432
1500079539512,-0.59841,-9.330409,0.34947145
1500079539576,-1.929274,-10.431483,0.78990126
1500079539639,-3.671844,-11.101703,1.4313968
1500079539703,-4.5527034,-11.896391,1.6133134
1500079539767,-5.4239883,-12.107032,1.0292653
1500079539830,-5.17505,-11.7336235,0.91437054
1500079539894,-4.9835587,-11.168725,1.2303311
1500079539958,-4.868664,-11.417664,1.3356512
1500079540022,-4.504831,-12.375119,1.2303311
1500079540085,-4.2175937,-12.920869,0.54096264
1500079540149,-3.3558834,-12.174053,0.59841
1500079540213,-2.0537431,-10.603826,1.1824582
1500079540276,0.12925656,-9.167642,0.61755913
1500079540340,2.2739582,-7.654861,0.8952214
1500079540404,4.2654667,-5.529309,1.0388398
1500079540468,5.759098,-3.3750327,0.54096264
1500079540531,7.2335806,-1.709059,0.8090504
1500079540595,8.104865,-0.00478728,0.47394073
1500079540659,8.34423,1.0101161,0.19627848
1500079540723,8.191036,1.79523,0.062234644
1500079540786,8.133589,2.4845984,0.043085523
1500079540850,8.056993,3.7867386,-0.39734426
1500079540914,7.7601814,5.17505,-0.34947145
1500079540977,6.716554,7.9420977,-0.665432
1500079541041,5.38569,11.503835,-0.27287498
1500079541105,4.8207912,11.522984,-0.13883112
1500079541169,5.567607,10.795317,-1.0484143
1500079541232,6.2761245,9.196365,-1.3739494
1500079541296,6.9176197,6.850598,-0.5313881
1500079541361,7.156984,5.5580325,-0.081383765
1500079541424,7.5591154,4.0931244,0.13883112
1500079541488,8.028269,3.499502,-0.00478728
1500079541551,6.975067,-0.081383765,0.9430942
1500079541615,6.170804,-2.819708,0.59841
1500079541678,4.9452605,-4.648449,0.8281995
1500079541742,3.825037,-6.7069798,0.8186249
1500079541806,2.5324712,-8.650616,0.8664977
1500079541870,0.22500217,-10.986808,0.359046
1500079541933,-0.8473486,-11.561282,1.0101161
1500079541997,-2.3026817,-11.666602,1.14416
1500079542061,-2.6760898,-11.168725,1.8048047
1500079542125,-2.6760898,-10.776168,1.9675722
1500079542188,-3.0016246,-10.441058,1.9579976
1500079542252,-3.8920588,-10.326163,1.1058618
1500079542316,-3.9495063,-10.938935,0.8856468
1500079542380,-3.7292912,-11.858093,0.93351966
1500079542443,-3.7197168,-12.940019,0.8664977
1500079542516,-2.972901,-12.6527815,0.92394507
1500079542571,-1.929274,-11.59958,1.1824582
1500079542634,-0.56011176,-10.699572,1.1920328
1500079542698,0.70373017,-9.5889225,0.78990126
1500079542762,2.5994933,-7.6261373,0.8760723
1500079542825,5.2037735,-5.1654754,1.1537346
1500079542889,6.151655,-2.9250283,1.2590547
1500079542953,7.12826,-1.0484143,1.0292653
1500079543017,7.4250717,0.45479164,0.77075213
1500079543080,7.9899707,1.8048047,0.33032233
1500079543144,8.11444,2.6377914,0.23457673
1500079543208,7.9516726,4.4090853,0.4164934
1500079543272,7.5782647,6.2378263,0.63670826
1500079543335,7.3006024,10.757019,0.081383765
1500079543399,5.9218655,12.3463955,2.1111906
1500079543463,6.8601727,9.339984,1.3643749
1500079543527,7.635712,8.430401,-0.14840569
1500079543590,7.9133744,5.108028,0.17712937
1500079543654,7.9899707,3.078221,-0.09095833
1500079543718,7.5399666,1.9005502,0.3398969
1500079543781,7.329326,0.2441513,0.5888355
1500079543845,6.563361,-2.0633178,0.4835153
1500079543909,5.653778,-4.8973875,0.76117754
1500079543973,4.3707867,-6.2378263,-0.05266008
1500079544036,2.0250196,-8.641041,-0.11968201
1500079544100,1.5654407,-9.98148,0.22500217
1500079544164,0.78032666,-9.952756,0.2920241
1500079544228,-1.9579976,-10.536804,1.1728836
1500079544291,-3.844186,-11.216598,1.2207564
1500079544355,-3.997379,-11.26447,1.8431029
1500079544419,-4.619725,-10.804892,1.6516117
1500079544483,-4.763344,-10.919786,1.3548003
1500079544546,-4.351638,-11.197449,0.63670826
1500079544610,-4.8207912,-10.843189,0.3111732
1500079544673,-4.5239797,-10.651698,0.61755913
1500079544738,-3.777164,-11.590006,0.6750065
1500079544802,-3.5090764,-12.432567,0.54096264
1500079544866,-2.6282167,-11.36979,0.7420284
1500079544929,-1.2686293,-10.2016945,0.7420284
1500079544992,0.54096264,-8.880404,0.5792609
1500079545056,2.9633265,-7.855927,0.91437054
1500079545120,5.108028,-5.021857,1.3069274
1500079545184,6.103782,-3.1356685,1.4026731
1500079545247,7.1857076,0.20585304,1.0867126
1500079545311,7.654861,1.9771467,0.8090504
1500079545375,7.511243,4.1409974,0.76117754
1500079545438,7.693159,5.519734,0.44521707
1500079545502,7.2718787,6.2474008,0.9526688
1500079545566,6.984642,7.9325233,1.9675722
1500079545629,7.195282,9.024023,2.3697038
1500079545693,7.3197513,10.096374,2.714388
1500079545757,7.434646,8.957002,2.0537431
1500079545821,6.831449,6.7357035,1.776081
1500079545884,6.7357035,4.849515,1.776081
1500079545948,7.1091113,3.2026904,1.948423
1500079546012,7.511243,1.948423,2.0441687
1500079546075,7.922949,0.18670394,1.2399056
1500079546139,6.697405,-2.561195,1.8335283
1500079546203,7.12826,-4.6293,0.6750065
1500079546267,5.108028,-6.1995277,1.3643749
1500079546330,3.231414,-8.076141,0.5505372
1500079546395,1.4984187,-9.454879,0.3398969
1500079546459,-1.8048047,-10.153821,-0.00478728
1500079546522,-2.015445,-10.776168,0.36862057
1500079546586,-3.2026904,-9.971905,1.1728836
1500079546649,-4.5910015,-9.75169,1.4218222
1500079546713,-4.9452605,-10.555953,1.0388398
1500079546776,-5.366541,-11.590006,0.6079846
1500079546840,-5.452712,-11.580431,0.8856468
1500079546904,-5.481436,-11.360216,1.1345854
1500079546967,-5.1846247,-11.647452,0.9718179
1500079547031,-4.9739842,-11.7336235,0.6558574
1500079547095,-3.7005677,-11.072979,1.383524
1500079547159,-2.3122563,-10.40276,1.5462915
1500079547223,-0.56968635,-10.058076,0.7994758
1500079547286,1.1345854,-8.9761505,0.043085523
1500079547350,3.911208,-7.051664,0.36862057
1500079547414,5.28037,-4.2558923,0.78990126
1500079547486,6.8027253,-1.8048047,0.8664977
1500079547541,6.869747,0.25372586,0.5888355
1500079547605,7.5208173,2.34098,0.28244954
1500079547668,7.654861,4.466532,0.33032233
1500079547732,7.6740103,6.285699,0.49308985
1500079547796,7.7601814,8.650616,1.1824582
1500079547860,7.4059224,8.957002,1.5462915
1500079547923,7.35805,8.296356,1.5079932
1500079547987,7.511243,7.6740103,0.8952214
1500079548051,7.741032,6.4963393,1.1537346
1500079548115,8.047418,5.366541,1.1920328
1500079548178,8.095291,3.9399316,1.383524
1500079548242,8.286782,2.187787,1.7282082
1500079548306,8.392102,0.76117754,1.6516117
1500079548369,6.6208086,-2.408002,1.6803354
1500079548433,5.4718614,-4.504831,0.91437054
1500079548497,5.2037735,-6.37187,0.8090504
1500079548560,4.0261025,-7.7793303,0.47394073
1500079548624,2.513322,-8.420826,0.5313881
1500079548688,1.0005416,-9.732541,0.00478728
1500079548752,-1.1824582,-10.354887,0.15798025
1500079548816,-3.2697124,-10.709146,0.081383765
1500079548880,-5.1271772,-10.134672,1.1537346
1500079548944,-4.8590894,-10.670848,1.7377827
1500079549007,-4.887813,-11.475111,1.0771381
1500079549070,-4.9452605,-11.197449,0.44521707
1500079549134,-5.433563,-10.757019,0.062234644
1500079549198,-5.366541,-10.919786,-0.13883112
1500079549261,-5.0122824,-11.4272375,-0.4356425
1500079549325,-4.543129,-11.475111,0.2154276
1500079549389,-3.8729098,-11.293194,0.751603
1500079549452,-2.1973617,-10.71872,1.2399056
1500079549516,0.39734426,-9.6942425,0.61755913
1500079549580,2.800559,-7.9803963,0.50266445
1500079549644,4.8303657,-5.222923,1.0771381
1500079549707,6.0846334,-3.078221,1.2973529
1500079549771,7.042089,-1.1154363,1.2590547
1500079549835,7.6069884,0.37819514,0.83777404
1500079549899,7.999545,1.8814012,0.92394507
1500079549962,8.334655,3.8920588,1.0962871
1500079550026,8.095291,4.954835,1.0005416
1500079550090,7.3676243,6.256975,1.3069274
1500079550153,6.8122997,8.334655,1.1633091
1500079550217,6.323997,10.249567,2.3505547
1500079550281,6.544212,8.564445,2.647366
1500079550345,7.1857076,8.535721,1.469695
1500079550408,7.8272033,6.9559183,2.2452345
1500079550472,8.191036,5.653778,2.3122563
1500079550536,7.9037995,4.389936,2.1399143
1500079550599,7.2527294,2.1207652,2.1782124
1500079550663,7.243155,0.63670826,1.4313968
1500079550727,6.515488,-1.9675722,1.1058618
1500079550791,5.1846247,-4.2941904,0.8664977
1500079550854,3.231414,-6.745278,0.56011176
1500079550918,1.14416,-7.281453,0.7994758
1500079550982,-0.33032233,-8.985725,0.512239
1500079551046,-1.8335283,-9.732541,1.383524
1500079551109,-4.322914,-10.2016945,1.8048047
1500079551173,-4.954835,-10.163396,2.8580062
1500079551237,-6.027186,-12.020861,2.2643836
1500079551300,-5.8931417,-13.1602335,1.776081
1500079551364,-5.787822,-12.030436,2.1303396
1500079551428,-5.6154795,-11.503835,2.3792782
1500079551492,-5.328243,-11.4272375,2.2452345
1500079551556,-4.8973875,-11.408089,1.8814012
1500079551620,-4.0261025,-11.590006,1.3452257
1500079551684,-2.5516202,-11.254896,1.0962871
1500079551746,-0.5218136,-9.761265,0.85692316
1500079551810,2.3888528,-8.028269,0.99096704
1500079551874,4.1888704,-5.2037735,0.9718179
1500079551938,5.414414,-3.1548176,1.3165021
1500079552001,6.065484,-0.92394507,1.4888442
1500079552065,7.2240057,1.2877784,1.3548003
1500079552129,7.2144313,2.8484318,0.9430942
1500079552193,7.5399666,3.059072,0.3398969
1500079552256,7.9420977,5.7016506,0.110107444
1500079552320,8.334655,7.348475,0.25372586
1500079552384,7.664436,8.286782,1.2973529
1500079552448,7.35805,10.182545,1.1824582
1500079552511,7.176133,9.722966,0.33032233
1500079552575,7.2335806,8.23891,-0.50266445
1500079552639,7.3771987,6.151655,-0.28244954
1500079552702,7.8655014,4.3133397,0.37819514
1500079552766,8.372953,2.8388572,1.1537346
1500079552830,7.9325233,1.14416,1.4409714
1500079552894,7.7793303,-0.47394073,1.1728836
1500079552957,6.103782,-2.3888528,1.1920328
1500079553021,5.6154795,-5.7208,0.8664977
1500079553085,3.6622694,-6.678256,1.0484143
1500079553148,1.6994845,-8.966576,0.18670394
1500079553212,0.47394073,-9.31126,0.7420284
1500079553276,-0.27287498,-10.709146,0.3877697
1500079553339,-2.2452345,-10.757019,1.2590547
1500079553403,-4.96441,-10.038927,1.7282082
1500079553467,-5.4239883,-9.837861,2.800559
1500079553531,-5.146326,-10.938935,2.6186423
1500079553594,-5.672927,-11.9346895,1.7377827
1500079553658,-5.538883,-11.034681,1.383524
1500079553722,-5.376116,-10.211268,1.5941644
1500079553786,-5.041006,-10.709146,1.5654407
1500079553849,-4.6293,-11.302769,1.4505459
1500079553913,-4.1026993,-11.26447,1.3739494
1500079553977,-3.8633351,-10.900637,1.2016073
1500079554040,-0.78990126,-10.364462,1.7856555
1500079554104,1.4984187,-9.100619,1.0867126
1500079554168,4.389936,-6.936769,1.1920328
1500079554231,5.3569665,-4.495256,1.1250108
1500079554296,6.180379,-2.2452345,1.1537346
1500079554359,6.4484663,-0.59841,1.0388398
1500079554424,6.2761245,0.36862057,0.85692316
1500079554487,7.2527294,3.5473747,0.5505372
1500079554551,7.9420977,5.797396,1.1633091
1500079554614,7.9037995,9.158067,2.1207652
1500079554678,7.0325146,10.785743,2.8580062
1500079554741,6.7931504,9.531475,2.0058703
1500079554805,7.1186857,8.602742,0.47394073
1500079554870,7.2335806,6.027186,0.9718179
1500079554933,7.5591154,4.456958,1.2399056
1500079554996,7.8367777,3.0494976,1.5654407
1500079555061,7.855927,1.0388398,1.6037389
1500079555124,7.204857,-0.4356425,1.7186337
1500079555188,6.094208,-2.3984275,1.709059
1500079555251,5.232497,-4.9452605,2.1399143
1500079555315,3.1356685,-6.975067,1.7377827
1500079555379,1.4888442,-8.889979,0.7228793
1500079555442,-0.3111732,-10.316589,0.359046
1500079555506,-1.9771467,-10.594251,0.91437054
1500079555570,-4.5622783,-10.833615,1.6420372
1500079555634,-5.06973,-10.661273,2.1973617
1500079555697,-4.9835587,-10.527229,2.5228968
1500079555761,-5.222923,-11.302769,1.7377827
1500079555825,-5.222923,-11.398514,1.0675635
1500079555889,-5.2133484,-11.130426,0.54096264
1500079555952,-5.146326,-10.603826,0.93351966
1500079556016,-4.5239797,-10.776168,1.4218222
1500079556080,-4.0356774,-11.484685,1.1250108
1500079556143,-3.020774,-11.628304,0.7324539
1500079556207,-1.2207564,-10.737869,0.665432
1500079556271,0.70373017,-9.924032,0.45479164
1500079556335,2.8771553,-7.855927,0.42606795
1500079556398,4.916537,-5.4239883,0.92394507
1500079556462,6.3144226,-2.9824755,1.3069274
1500079556526,7.0133657,-1.1154363,1.2303311
1500079556590,7.0803876,0.6079846,1.0771381
1500079556653,6.984642,2.3026817,0.8760723
1500079556717,7.2240057,4.342063,0.25372586
1500079556781,7.3867736,6.4963393,0.10053288
1500079556844,7.4154973,8.755936,0.47394073
1500079556908,7.137835,11.36979,1.0867126
1500079556972,6.1899533,9.531475,1.8718265
1500079557035,7.02294,8.420826,0.6079846
1500079557099,7.195282,6.6591067,1.2111819
1500079557163,7.8272033,5.519734,1.3930986
1500079557227,7.855927,3.8729098,1.5558661
1500079557290,7.922949,2.819708,1.4218222
1500079557354,7.9708214,1.5750152,1.5271424
1500079557418,5.7303743,-1.929274,1.7569319
1500079557483,1.9005502,-5.2516465,1.4984187
1500079557545,0.2920241,-8.085716,1.3069274
1500079557609,1.2973529,-9.675094,0.83777404
1500079557673,-0.2920241,-10.575102,0.71330476
1500079557736,-2.1973617,-11.341067,1.0196906
1500079557800,-3.6622694,-10.431483,2.2260852
1500079557864,-4.1792955,-10.622974,3.1548176
1500079557928,-5.500585,-11.752773,1.7473572
1500079557991,-4.811217,-10.881488,2.0250196
1500079558055,-4.96441,-10.919786,1.383524
1500079558119,-4.887813,-10.431483,1.469695
1500079558183,-4.619725,-10.603826,1.5175679
1500079558246,-4.3803616,-10.622974,1.469695
1500079558310,-3.5282254,-10.307014,1.4122477
1500079558374,-2.6760898,-10.2016945,1.2111819
1500079558437,-1.6899099,-9.3878565,1.2494801
1500079558501,0.40691882,-8.698488,0.83777404
1500079558565,1.0962871,-6.438892,1.2207564
1500079558629,2.149489,-4.954835,1.9867213
1500079558692,3.078221,-4.437809,2.1590633
1500079558756,2.800559,-5.4239883,2.6760898
1500079558820,2.8292825,-6.697405,3.3558834
1500079558884,2.0537431,-8.487848,3.7867386
1500079558947,1.2686293,-9.052747,4.150572
1500079559011,0.09095833,-9.655944,2.752686
1500079559075,-1.776081,-9.579348,2.149489
1500079559138,-3.690993,-9.828286,1.9388485
1500079559202,-5.960164,-9.196365,1.862252
1500079559266,-7.2718787,-7.434646,0.9430942
1500079559330,-8.698488,-6.094208,1.1728836
1500079559393,-9.876159,-4.9452605,0.93351966
1500079559457,-11.771922,-3.5378,-0.00478728
1500079559521,-11.637878,-1.5845897,0.023936402
1500079559585,-10.211268,-0.13883112,0.56011176
1500079559648,-9.5889225,-1.7856555,-0.062234644
1500079559712,-8.765511,-2.1590633,0.46436617
1500079559776,-8.765511,-2.321831,0.90479594
1500079559839,-8.918703,-1.9579976,0.91437054
1500079559903,-9.043172,-1.7282082,0.9430942
1500079559967,-9.043172,-1.6899099,0.8090504
1500079560031,-8.191036,-1.3930986,0.45479164
1500079560094,-6.984642,-1.1058618,-0.32074776
1500079560158,-6.544212,-1.1058618,-0.8473486
1500079560222,-6.304848,-1.5750152,-1.0196906
1500079560285,-8.018694,-1.3165021,-2.513322
1500079560349,-8.755936,-1.1920328,-1.7665064
1500079560413,-8.727212,-1.14416,-3.1356685
1500079560477,-9.512326,-0.93351966,-3.039923
1500079560540,-10.603826,-1.8143792,-2.561195
1500079560604,-10.431483,-1.79523,-3.5090764
1500079560668,-11.034681,-1.4026731,-2.752686
1500079560731,-11.28362,-2.513322,-2.867581
1500079560795,-11.590006,-1.6994845,-2.7239625
1500079560859,-11.618729,-2.1207652,-2.321831
1500079560923,-10.862339,-2.4463003,-1.9675722
1500079560986,-10.689997,-2.1590633,-2.1399143
1500079561050,-11.4272375,-1.3165021,-0.59841
1500079561114,-11.149575,-3.2792869,-2.5037475
1500079561178,-10.488931,-2.101616,-3.8824842
1500079561241,-10.335738,-2.34098,-3.7101421
1500079561305,-9.828286,-1.3452257,-2.3026817
1500079561369,-9.20594,-1.8143792,-1.2303311
1500079561432,-8.985725,-2.2835326,-1.4792696
1500079561496,-8.784659,-2.513322,-1.383524
1500079561560,-9.148493,-2.6569405,-1.6803354
1500079561624,-9.684668,-2.3888528,-2.6282167
1500079561688,-9.359133,-2.427151,-2.8580062
1500079561752,-7.8272033,-2.6090677,0.26330042
1500079561816,-6.7357035,-3.2792869,0.28244954
1500079561879,-7.1186857,-1.7186337,0.6750065
1500079561942,-8.095291,-1.9771467,-0.22500217
1500079562006,-10.172971,1.6420372,0.76117754
1500079562070,-10.029352,-0.03351096,2.0633178
1500079562133,-9.474028,0.03351096,1.7569319
1500079562197,-9.474028,-1.5079932,0.8664977
1500079562261,-9.225089,-0.8856468,1.7377827
1500079562325,-8.899554,0.110107444,2.8292825
1500079562388,-9.119769,-0.7994758,2.7814097
1500079562452,-9.665519,-1.2877784,2.905879
1500079562516,-9.54105,-1.2399056,3.2984362
1500079562580,-9.770839,-2.3697038,2.6760898
1500079562643,-9.837861,-2.034594,2.5420458
1500079562707,-9.368708,-2.5420458,1.1728836
1500079562771,-8.372953,-2.1207652,2.4367256
1500079562834,-8.229335,-2.0537431,2.2452345
1500079562898,-8.631466,-2.0728924,2.5899186
1500079562962,-8.995299,-2.168638,3.0303483
1500079563026,-9.29211,-0.98139244,3.4899273
1500079563089,-9.684668,-3.2026904,2.0250196
1500079563153,-9.234664,-2.3505547,1.8814012
1500079563217,-8.861256,-2.1399143,3.4420545
1500079563280,-8.535721,-3.0973704,2.6090677
1500079563344,-8.439975,-1.2494801,3.3367343
1500079563408,-8.736787,-2.0058703,3.5090764
1500079563472,-9.435729,-2.8580062,3.0877957
1500079563535,-9.742115,-0.3398969,3.7867386
1500079563599,-9.071896,-0.0718092,2.3314054
1500079563663,-8.248484,-4.916537,0.5313881
1500079563726,-7.56869,-3.777164,0.78032666
1500079563790,-10.469782,-3.2505634,-1.3165021
1500079563854,-9.196365,-5.3378177,-6.170804
1500079563918,-8.583593,-5.347392,-3.7197168
1500079563981,-8.746361,-3.6335456,-2.2452345
1500079564045,-9.20594,-3.3941817,-2.0824668
1500079564109,-9.933606,-2.9824755,-2.561195
1500079564173,-9.991054,-3.2026904,-1.8239537
1500079564236,-10.211268,-3.0686467,-2.1111906
1500079564300,-10.555953,-2.1303396,-1.4409714
1500079564365,-10.967659,-2.7718353,-2.3122563
1500079564428,-10.6134,-0.54096264,-0.8090504
1500079564491,-9.339984,-0.44521707,-0.4835153
1500079564555,-8.305931,-0.2154276,0.15798025
1500079564619,-8.056993,-0.023936402,0.45479164
1500079564683,-8.191036,0.3398969,0.56968635
1500079564746,-9.407005,0.18670394,0.10053288
1500079564810,-9.426155,0.00478728,0.18670394
1500079564874,-8.286782,-0.34947145,0.32074776
1500079564938,-8.612317,-1.1537346,0.2154276
1500079565002,-8.995299,-1.4505459,0.0718092
1500079565065,-9.31126,-1.622888,0.14840569
1500079565130,-10.421909,-1.4601204,-0.2154276
1500079565192,-9.502751,-1.5462915,-0.2920241
1500079565256,-8.018694,-2.149489,-0.014361841
1500079565319,-8.842107,-2.360129,-0.33032233
1500079565383,-10.182545,-1.9867213,-0.3877697
1500079565447,-9.167642,-1.6899099,0.00478728
1500079565511,-8.641041,-1.9101248,0.03351096
1500079565574,-9.617646,-2.0537431,-0.17712937
1500079565638,-8.966576,-2.2356598,0.19627848
1500079565702,-9.991054,-2.3984275,0.062234644
1500079565765,-10.153821,-2.4558747,-0.33032233
1500079565829,-9.598496,-4.610151,-1.0579889
1500079565893,-8.765511,-5.672927,-1.2782038
1500079565957,-9.493176,-6.6591067,-1.6707608
1500079566020,-10.498506,-6.7069798,-0.9526688
1500079566084,-10.527229,-7.281453,-0.4356425
1500079566148,-10.421909,-7.6261373,-0.37819514
1500079566212,-9.100619,-7.9708214,-0.9718179
1500079566275,-6.5825105,-8.028269,-1.7186337
1500079566339,-4.868664,-9.215514,-3.2888615
1500079566403,-3.2026904,-8.277207,-4.2271686
1500079566466,-1.3930986,-7.8367777,-5.06973
1500079566530,-0.062234644,-7.089962,-4.3707867
1500079566594,-0.22500217,-2.321831,-1.3165021
1500079566657,7.176133,-5.672927,-3.4707782
1500079566721,6.5059137,-6.113357,-3.9016335
1500079566786,7.5782647,-5.021857,-3.8154624
1500079566849,8.23891,-4.8303657,-3.5090764
1500079566913,8.047418,-6.0750585,-3.6335456
1500079566977,7.8367777,-6.0080366,-3.6431203
1500079567040,7.8846507,-5.1367517,-3.0016246
1500079567103,8.4686985,-4.3324885,-1.6133134
1500079567167,8.755936,-3.997379,-0.5888355
1500079567231,8.286782,-3.8058877,-0.36862057
1500079567295,8.4686985,-3.6814184,-0.4835153
1500079567358,9.474028,-3.5856729,-0.78990126
1500079567422,9.675094,-4.0356774,-0.70373017
1500079567487,9.196365,-3.8729098,-0.23457673
1500079567549,8.947427,-3.3558834,-0.05266008
1500079567613,9.129343,-3.3271596,-0.18670394
1500079567677,9.167642,-3.9016335,-0.2154276
1500079567741,8.842107,-3.9686553,-0.19627848
1500079567804,8.842107,-3.6431203,-0.28244954
1500079567868,8.966576,-3.844186,-0.39734426
1500079567932,9.024023,-4.5622783,-0.45479164
1500079567995,9.014449,-4.6388745,-0.4835153
1500079568059,9.158067,-4.1409974,-0.6271337
1500079568123,9.148493,-4.3803616,-0.8760723
1500079568187,8.995299,-4.504831,-0.8090504
1500079568250,8.966576,-4.2175937,-0.78032666
1500079568314,9.138918,-4.0261025,-0.59841
1500079568378,9.215514,-4.2463174,-0.78032666
1500079568441,8.679339,-4.2558923,-1.0675635
1500079568505,8.430401,-3.825037,-0.8281995
1500079568569,9.138918,-3.384607,-0.5888355
1500079568633,9.85701,-4.045252,-0.92394507
1500079568696,9.167642,-4.2463174,-1.1058618
1500079568760,8.708063,-3.3558834,-0.8090504
1500079568824,8.957002,-2.9920502,-0.4835153
1500079568887,9.512326,-3.365458,-0.22500217
1500079568951,10.096374,-4.016528,-0.8952214
1500079569015,9.41658,-3.825037,-0.90479594
1500079569079,8.966576,-3.777164,-0.4356425
1500079569142,9.148493,-3.6143966,-0.5505372
1500079569206,8.813383,-4.5527034,-0.36862057
1500079569270,9.119769,-3.4707782,-0.05266008
1500079569333,9.110194,-3.2409887,-0.45479164
1500079569397,9.196365,-4.0356774,-0.10053288
1500079569461,8.985725,-3.8920588,-0.10053288
1500079569525,9.110194,-4.1026993,-0.19627848
1500079569588,9.29211,-4.4856815,0.023936402
1500079569652,9.196365,-3.4133308,-0.30159867
1500079569716,9.234664,-3.518651,-0.19627848
1500079569779,9.110194,-4.2654667,0.17712937
1500079569843,9.129343,-3.997379,0.18670394
1500079569907,9.2825365,-3.8058877,0.44521707
1500079569970,8.957002,-4.236743,0.13883112
1500079570034,9.024023,-3.997379,0.7994758
1500079570098,9.024023,-3.6622694,0.77075213
1500079570162,8.66019,-3.777164,0.83777404
1500079570225,8.526146,-3.690993,1.2016073
1500079570289,8.966576,-3.5282254,1.0771381
1500079570353,9.330409,-4.0356774,0.85692316
1500079570416,9.129343,-4.6005764,0.9622433
1500079570480,8.899554,-4.0739756,0.9526688
1500079570544,8.650616,-3.911208,0.8952214
1500079570608,8.717637,-4.0644007,0.8760723
1500079570671,8.870831,-4.1409974,0.61755913
1500079570735,9.091045,-4.045252,0.751603
1500079570799,8.688913,-3.8058877,1.1154363
1500079570862,7.9420977,-3.2984362,1.929274
1500079570926,6.3622956,-2.8484318,0.56968635
1500079570990,5.5963306,-3.4324799,0.3111732
1500079571054,3.1069448,-2.1782124,-1.5654407
1500079571117,-3.0877957,-7.4920936,-2.5420458
1500079571181,-4.993133,-10.115523,-1.2686293
1500079571245,-7.281453,-9.474028,-1.6420372
1500079571308,-9.531475,-8.076141,-1.2207564
1500079571372,-12.068733,-6.027186,-0.27287498
1500079571436,-15.783663,-3.5760984,-2.752686
1500079571500,-14.816632,-3.3080106,-1.776081
1500079571563,-12.872996,-2.2069361,-1.1058618
1500079571627,-10.747444,-3.8058877,-2.494173
1500079571691,-8.55487,-4.763344,-2.2931073
1500079571755,-7.9708214,-4.7441945,-0.33032233
1500079571818,-9.033598,-6.515488,-0.03351096
1500079571882,-11.896391,-8.717637,-1.3643749
1500079571946,-15.467703,-9.110194,-1.0867126
1500079572010,-19.259228,-8.842107,-1.2494801
1500079572074,-19.019865,-7.9899707,-2.6090677
1500079572137,-15.659194,-6.8793216,-2.0728924
1500079572201,-10.747444,-6.8122997,-1.1633091
1500079572265,-6.716554,-7.243155,0.33032233
1500079572329,-2.9824755,-5.912291,1.3356512
1500079572392,-0.70373017,-6.0367603,2.647366
1500079572455,0.36862057,-5.538883,3.7963133
1500079572519,1.4409714,-3.3367343,4.275041
1500079572583,3.7675896,-3.2218397,4.73462
1500079572646,5.38569,-2.5037475,4.198445
1500079572710,6.170804,-1.79523,4.4186597
1500079572774,6.2952733,-0.6079846,4.5622783
1500079572838,6.438892,0.22500217,3.844186
1500079572901,5.988888,1.6899099,5.529309
1500079572965,4.658024,2.4654493,6.831449
1500079573029,2.513322,3.930357,8.842107
1500079573092,1.7856555,1.7569319,9.732541
1500079573156,3.3941817,1.2303311,9.742115
1500079573220,5.4048395,0.54096264,9.301685
1500079573284,3.518651,2.360129,7.4537954
1500079573347,2.2452345,4.303765,8.822957
1500079573411,0.7324539,3.1835413,10.94851
1500079573475,-0.20585304,-1.0388398,10.565528
1500079573538,3.2505634,0.26330042,8.459125
1500079573602,0.11968201,0.37819514,8.133589
1500079573666,0.7324539,2.513322,7.243155
1500079573730,2.034594,4.610151,9.770839
1500079573793,0.8186249,2.7718353,9.062322
1500079573857,2.149489,3.7484405,8.210186
1500079573921,2.2356598,4.2175937,8.411251
1500079573985,2.2643836,3.8920588,7.501668
1500079574048,2.1207652,4.7920675,7.4920936
1500079574112,2.3026817,4.428234,8.353804
1500079574176,2.0058703,4.466532,8.698488
1500079574240,2.4845984,5.9027166,7.396348
1500079574304,2.800559,5.7686725,7.281453
1500079574367,3.4899273,5.4048395,6.9271946
1500079574431,3.777164,5.653778,6.8601727
1500079574494,3.7484405,5.500585,6.8410234
1500079574558,4.016528,5.414414,6.821874
1500079574622,4.0931244,5.4239883,6.7357035
1500079574685,4.2080193,5.529309,6.7069798
1500079574749,4.2558923,5.586756,6.764427
1500079574813,4.2941904,5.5580325,6.7261286
1500079574877,4.2080193,5.3378177,6.6591067
1500079574940,4.150572,5.261221,6.630383
1500079575004,4.236743,5.366541,6.7069798
1500079575068,4.121848,5.194199,6.764427
1500079575131,4.1026993,5.1367517,6.764427
1500079575195,4.1122737,5.1176023,6.630383
1500079575259,4.0644007,5.347392,6.678256
1500079575323,4.0739756,5.38569,6.678256
1500079575386,4.2175937,5.222923,6.6495323
1500079575450,4.2654667,5.3378177,6.7261286
1500079575514,4.3612123,5.3186684,6.7069798
1500079575577,4.3612123,5.2133484,6.639958
1500079575641,4.303765,4.993133,6.678256
1500079575705,4.275041,5.088879,6.5346375
1500079575769,4.456958,5.6250544,6.630383
1500079575832,4.303765,5.3952646,6.5537868
1500079575896,4.1409974,5.146326,6.3527207
1500079575960,4.236743,5.2133484,6.3622956
1500079576023,4.763344,5.376116,6.486765
1500079576087,4.8973875,5.4048395,6.438892
1500079576151,4.495256,5.5580325,6.323997
1500079576215,4.3612123,5.500585,6.37187
1500079576278,4.5527034,5.2899446,6.4484663
1500079576342,4.5239797,5.462287,6.525063
1500079576406,4.73462,5.4048395,6.5825105
1500079576469,4.3612123,5.376116,6.37187
1500079576533,3.9016335,5.376116,6.3814445
1500079576597,3.9590807,5.2037735,6.4676156
1500079576661,4.389936,5.3378177,6.639958
1500079576724,4.4186597,5.3186684,6.668681
1500079576788,4.236743,5.28037,6.6495323
1500079576852,4.198445,5.1271772,6.5825105
1500079576916,4.3324885,5.108028,6.6878304
1500079576979,4.543129,4.9739842,6.668681
1500079577043,4.6771727,5.1271772,6.6495323
1500079577107,4.3612123,5.3378177,6.611234
1500079577170,4.3133397,5.194199,6.611234
1500079577234,4.5718527,5.002708,6.611234
1500079577299,4.5718527,5.155901,6.563361
1500079577362,4.3133397,5.1846247,6.592085
1500079577434,4.342063,5.0314317,6.678256
1500079577489,4.456958,5.0314317,6.7548523
1500079577553,4.5910015,5.041006,6.7931504
1500079577616,4.648449,4.9452605,6.9176197
1500079577680,4.5144053,4.887813,7.0133657
1500079577744,4.284616,4.801642,6.936769
1500079577807,4.2175937,4.428234,6.6591067
1500079577871,4.1792955,4.658024,6.639958
1500079577935,4.2463174,4.887813,6.831449
1500079577999,4.322914,4.8590894,6.975067
1500079578062,4.5239797,4.811217,6.9559183
1500079578126,4.504831,5.088879,6.8122997
1500079578190,4.121848,5.261221,6.5825105
1500079578253,4.0644007,5.538883,6.592085
1500079578317,4.3707867,5.2516465,6.668681
1500079578381,4.437809,4.849515,6.7069798
1500079578445,4.389936,5.2037735,6.764427
1500079578508,4.322914,5.0601554,6.7261286
1500079578572,4.3324885,4.868664,6.7261286
1500079578636,4.428234,4.954835,6.7931504
1500079578699,4.495256,5.108028,6.7740016
1500079578763,4.342063,5.002708,6.7261286
1500079578827,4.169721,4.96441,6.7357035
1500079578891,4.3803616,4.8782387,6.745278
1500079578954,4.5335546,4.8973875,6.7931504
1500079579018,4.6771727,5.002708,6.936769
1500079579082,4.5144053,4.7058964,6.8410234
1500079579145,4.5239797,4.73462,6.9176197
1500079579209,4.543129,4.6867476,6.869747
1500079579273,4.495256,4.801642,6.831449
1500079579337,4.428234,5.1271772,6.8888965
1500079579400,4.610151,5.146326,7.0612383
1500079579464,4.3612123,4.8973875,8.717637
1500079579528,3.020774,5.2037735,8.2676325
1500079579591,5.759098,4.887813,6.8601727
1500079579655,4.96441,4.954835,7.664436
1500079579719,3.193116,5.06973,6.9271946
1500079579783,-0.4356425,6.6016593,8.506997
1500079579846,3.0111992,6.065484,7.5974135
1500079579910,4.428234,3.9207826,4.7920675
1500079579974,4.1792955,3.4707782,3.5760984
1500079580037,4.1792955,2.5516202,0.90479594
1500079580101,4.2558923,0.7228793,-0.7228793
1500079580165,3.8824842,-0.18670394,-0.5218136
1500079580229,2.2165108,-1.6707608,-0.98139244
1500079580292,-1.5462915,-7.7506065,-1.4792696
1500079580357,-4.08355,-10.94851,-1.776081
1500079580420,-8.880404,-10.393186,-1.0005416
1500079580484,-16.099623,-10.000628,0.043085523
1500079580547,-19.603912,-4.169721,0.2154276
1500079580611,-18.052834,-0.11968201,1.862252
1500079580675,-15.180466,-0.49308985,5.586756
1500079580738,-10.374036,-3.2026904,6.1995277
1500079580802,-8.181462,-3.4899273,4.7058964
1500079580866,-7.3389006,-5.634629,3.2026904
1500079580930,-8.9761505,-9.2825365,0.8856468
1500079580993,-12.078308,-9.454879,1.4026731
1500079581057,-12.863422,-9.684668,2.034594
1500079581121,-15.860259,-9.272962,-0.2441513
1500079581185,-14.921952,-5.960164,0.3111732
1500079581248,-11.819795,-4.581427,1.4122477
1500079581312,-9.742115,-3.6814184,1.8048047
1500079581376,-7.875076,-1.8048047,2.8101335
1500079581439,-5.529309,-0.42606795,3.173967
1500079581503,-0.2920241,1.4888442,5.194199
1500079581567,-1.948423,4.658024,4.849515
1500079581630,-1.9005502,5.2037735,8.621892
1500079581694,-1.6133134,3.9207826,10.527229
1500079581758,-2.6377914,5.261221,11.896391
1500079581822,-2.5707695,0.8760723,10.125097
1500079581885,-0.50266445,-2.3697038,10.249567
1500079581949,-0.20585304,-1.469695,8.784659
1500079582013,2.0920415,1.3548003,7.788905
1500079582076,1.1920328,0.63670826,7.4154973
1500079582144,3.039923,-1.3356512,10.814466
1500079582157,0.36862057,-0.8186249,8.497422
1500079582172,0.5792609,-0.93351966,8.545295
1500079582188,1.6133134,-1.6133134,8.32508
1500079582204,2.149489,-2.7814097,8.133589
1500079582220,1.8143792,-4.2080193,7.8655014
1500079582236,1.1345854,-5.194199,7.769756
1500079582252,0.7324539,-5.328243,7.8655014
1500079582268,0.8186249,-4.8207912,8.133589
1500079582283,1.2111819,-4.2080193,8.909128
1500079582299,1.4218222,-3.758015,9.75169
1500079582315,1.3930986,-3.231414,9.971905
1500079582331,1.3930986,-2.8292825,10.06765
1500079582347,1.2686293,-2.4558747,10.383611
1500079582363,1.0388398,-2.0537431,10.469782
1500079582379,1.0101161,-1.8239537,10.450633
1500079582395,1.1250108,-1.8718265,10.393186
1500079582411,1.0962871,-2.034594,10.374036
1500079582427,0.77075213,-2.0824668,10.326163
1500079582443,0.34947145,-1.8909757,9.837861
1500079582459,0.3398969,-1.6899099,9.5219
1500079582475,0.8760723,-1.5845897,9.550624
1500079582490,1.4122477,-1.3930986,9.512326
1500079582506,1.5462915,-1.2111819,9.407005
1500079582522,1.2399056,-1.2590547,9.2825365
1500079582538,0.8090504,-1.2686293,9.167642
1500079582554,0.5313881,-1.3548003,9.330409
1500079582570,0.45479164,-1.4792696,9.349558
1500079582586,0.4835153,-1.6803354,9.225089
1500079582602,0.61755913,-1.9388485,9.18679
1500079582618,0.76117754,-2.0058703,9.31126
1500079582634,0.78990126,-1.7473572,9.493176
1500079582650,0.8090504,-1.4313968,9.531475
1500079582666,0.83777404,-1.1920328,9.5219
1500079582682,0.8281995,-0.9622433,9.445304
1500079582698,0.77075213,-1.0771381,9.5889225
1500079582714,0.6845811,-1.4601204,9.7899885
1500079582729,0.64628285,-1.8143792,9.7899885
1500079582746,0.7420284,-2.0250196,9.703817
1500079582761,0.9718179,-2.149489,9.579348
1500079582777,1.1537346,-2.1399143,9.435729
1500079582793,1.1154363,-2.187787,9.445304
1500079582809,1.0388398,-2.3888528,9.512326
1500079582825,1.0867126,-2.4654493,9.454879
1500079582841,1.1728836,-2.2931073,9.3878565
1500079582857,1.2399056,-2.0633178,9.339984
1500079582873,1.14416,-1.8335283,9.31126
1500079582889,1.0292653,-1.6420372,9.215514
1500079582905,1.0388398,-1.4218222,9.052747
1500079582921,1.1058618,-1.2782038,8.957002
1500079582937,1.1728836,-1.0388398,8.966576
1500079582953,1.2207564,-0.71330476,9.052747
1500079582968,1.3069274,-0.359046,9.244238
1500079582984,1.3643749,-0.062234644,9.3878565
1500079583000,1.1633091,0.15798025,9.493176
1500079583016,0.91437054,0.2441513,9.368708
1500079583032,0.8856468,0.33032233,9.253813
1500079583048,1.0292653,0.3111732,9.330409
1500079583064,1.1058618,0.2441513,9.454879
1500079583080,1.0005416,0.17712937,9.636795
1500079583096,0.7994758,0.110107444,9.665519
1500079583112,0.64628285,0.014361841,9.713391
1500079583128,0.665432,-0.22500217,9.809137
1500079583144,0.78990126,-0.42606795,9.809137
1500079583160,0.9526688,-0.6079846,9.684668
1500079583176,0.93351966,-0.91437054,9.445304
1500079583192,0.83777404,-1.1920328,9.320834
1500079583208,0.8186249,-1.3069274,9.320834
1500079583224,0.8186249,-1.1250108,9.29211
1500079583239,0.78032666,-0.76117754,9.244238
1500079583256,0.77075213,-0.49308985,9.263388
1500079583271,0.78032666,-0.42606795,9.263388
1500079583287,0.8760723,-0.46436617,9.301685
1500079583303,0.9430942,-0.4356425,9.359133
1500079583319,0.78990126,-0.25372586,9.349558
1500079583335,0.5218136,-0.014361841,9.3878565
1500079583351,0.37819514,0.2154276,9.426155
1500079583367,0.4356425,0.3111732,9.550624
1500079583383,0.42606795,0.2920241,9.62722
1500079583399,0.32074776,0.27287498,9.579348
1500079583414,0.23457673,0.2920241,9.435729
1500079583430,0.23457673,0.28244954,9.349558
1500079583446,0.3111732,0.2154276,9.426155
1500079583462,0.39734426,0.14840569,9.512326
1500079583478,0.42606795,0.10053288,9.474028
1500079583494,0.3877697,0.10053288,9.378282
1500079583510,0.42606795,0.11968201,9.368708
1500079583526,0.4835153,0.11968201,9.435729
1500079583542,0.5218136,0.11968201,9.502751
1500079583558,0.50266445,0.00478728,9.569773
1500079583574,0.42606795,-0.13883112,9.550624
1500079583590,0.4356425,-0.19627848,9.550624
1500079583606,0.40691882,-0.22500217,9.579348
1500079583622,0.33032233,-0.19627848,9.675094
1500079583638,0.19627848,-0.20585304,9.655944
1500079583653,0.12925656,-0.25372586,9.655944
1500079583670,0.10053288,-0.3111732,9.703817
1500079583686,0.12925656,-0.359046,9.684668
1500079583701,0.23457673,-0.28244954,9.675094
1500079583718,0.23457673,-0.2154276,9.636795
1500079583733,0.20585304,-0.12925656,9.5219
1500079583749,0.25372586,-0.15798025,9.531475
1500079583765,0.33032233,-0.22500217,9.560199
1500079583781,0.23457673,-0.20585304,9.560199
1500079583797,0.03351096,-0.11968201,9.54105
1500079583813,-0.00478728,-0.043085523,9.560199
1500079583829,0.12925656,-0.00478728,9.54105
1500079583845,0.34947145,0.00478728,9.550624
1500079583861,0.3111732,0.03351096,9.493176
1500079583877,0.062234644,0.0718092,9.464453
1500079583893,0.043085523,0.062234644,9.454879
1500079583909,0.23457673,0.023936402,9.474028
1500079583925,0.3877697,0.00478728,9.397431
1500079583940,0.25372586,0.023936402,9.349558
1500079583956,0.081383765,-0.03351096,9.483603
1500079583972,0.110107444,-0.062234644,9.569773
1500079583988,0.16755481,-0.014361841,9.608071
1500079584004,0.11968201,-0.00478728,9.62722
1500079584020,0.023936402,0.062234644,9.579348
1500079584036,0.014361841,0.023936402,9.64637
1500079584052,0.12925656,-0.0718092,9.780414
1500079584068,0.22500217,-0.081383765,9.799562
1500079584084,0.13883112,-0.03351096,9.732541
1500079584100,-0.05266008,0.00478728,9.703817
1500079584116,-0.16755481,0.05266008,9.6942425
1500079584132,-0.09095833,0.0718092,9.617646
1500079584147,0.043085523,0.043085523,9.54105
1500079584163,0.062234644,-0.043085523,9.502751
1500079584179,0.03351096,-0.09095833,9.435729
1500079584195,0.0,-0.10053288,9.330409
1500079584211,0.0,-0.043085523,9.263388
1500079584227,0.023936402,0.043085523,9.29211
1500079584243,0.10053288,0.14840569,9.320834
1500079584259,0.2154276,0.19627848,9.397431
1500079584275,0.26330042,0.18670394,9.454879
1500079584291,0.0718092,0.20585304,9.54105
1500079584307,-0.00478728,0.2441513,9.5889225
1500079584323,0.023936402,0.359046,9.780414
1500079584339,0.09095833,0.4164934,9.85701
1500079584355,0.0718092,0.49308985,9.85701
1500079584370,-0.043085523,0.56011176,9.837861
1500079584387,-0.16755481,0.71330476,9.75169
1500079584402,-0.12925656,0.76117754,9.665519
1500079584418,-0.062234644,0.7228793,9.598496
1500079584434,-0.00478728,0.64628285,9.493176
1500079584450,0.10053288,0.4835153,9.407005
1500079584466,0.2441513,0.30159867,9.2825365
1500079584482,0.2154276,0.2441513,9.158067
1500079584498,0.081383765,0.30159867,9.091045
1500079584514,0.00478728,0.42606795,9.071896
1500079584530,0.081383765,0.56011176,9.110194
1500079584546,0.19627848,0.6271337,9.18679
1500079584562,0.14840569,0.6558574,9.138918
1500079584578,0.09095833,0.63670826,9.052747
1500079584594,0.0718092,0.6271337,9.0814705
1500079584610,0.0,0.71330476,9.091045
1500079584625,-0.023936402,0.83777404,9.138918
1500079584641,0.014361841,0.8664977,9.196365
1500079584657,0.13883112,0.85692316,9.2825365
1500079584673,0.2154276,0.83777404,9.407005
1500079584689,0.14840569,0.76117754,9.474028
1500079584705,0.0,0.7228793,9.531475
1500079584721,-0.081383765,0.7228793,9.636795
1500079584737,-0.043085523,0.7324539,9.761265
1500079584753,0.0,0.751603,9.847435
1500079584769,0.05266008,0.78990126,9.8953085
1500079584784,-0.00478728,0.85692316,9.837861
1500079584800,-0.12925656,0.8952214,9.799562
1500079584816,-0.16755481,0.8473486,9.703817
1500079584832,-0.13883112,0.78032666,9.579348
1500079584848,-0.043085523,0.6271337,9.579348
1500079584864,0.023936402,0.5792609,9.569773
1500079584880,0.09095833,0.5888355,9.531475
1500079584896,0.17712937,0.59841,9.493176
1500079584912,0.09095833,0.6079846,9.378282
1500079584928,0.03351096,0.63670826,9.378282
1500079584944,0.09095833,0.6271337,9.493176
1500079584960,0.16755481,0.5313881,9.550624
1500079584976,0.13883112,0.49308985,9.483603
1500079584992,0.03351096,0.56968635,9.339984
1500079585008,-0.00478728,0.665432,9.29211
1500079585024,0.081383765,0.6750065,9.301685
1500079585040,0.19627848,0.6558574,9.339984
1500079585055,0.17712937,0.59841,9.29211
1500079585071,0.11968201,0.5505372,9.244238
1500079585087,0.09095833,0.6271337,9.18679
1500079585103,0.17712937,0.71330476,9.225089
1500079585119,0.19627848,0.78032666,9.330409
1500079585135,0.19627848,0.85692316,9.3878565
1500079585151,0.12925656,0.8856468,9.483603
1500079585167,0.11968201,0.90479594,9.54105
1500079585183,0.062234644,0.91437054,9.5889225
1500079585199,0.062234644,0.8952214,9.579348
1500079585215,0.11968201,0.83777404,9.5219
1500079585231,0.13883112,0.7420284,9.493176
1500079585247,0.10053288,0.7228793,9.454879
1500079585263,0.023936402,0.6750065,9.435729
1500079585279,0.014361841,0.6558574,9.41658
1500079585295,0.023936402,0.71330476,9.435729
1500079585310,0.014361841,0.7324539,9.493176
1500079585326,0.014361841,0.751603,9.483603
1500079585342,-0.0718092,0.7228793,9.445304
1500079585358,-0.14840569,0.69415563,9.397431
1500079585374,-0.13883112,0.6845811,9.368708
1500079585390,-0.110107444,0.7420284,9.320834
1500079585406,-0.0718092,0.8473486,9.407005
1500079585422,0.03351096,0.9526688,9.474028
1500079585438,0.18670394,1.0005416,9.493176
1500079585454,0.12925656,1.0484143,9.464453
1500079585470,-0.0718092,1.1633091,9.397431
1500079585486,-0.2441513,1.3356512,9.3878565
1500079585501,-0.2154276,1.383524,9.454879
1500079585518,-0.11968201,1.2590547,9.493176
1500079585534,-0.09095833,1.0675635,9.426155
1500079585549,-0.110107444,0.9526688,9.3878565
1500079585565,-0.12925656,0.8760723,9.464453
1500079585581,-0.2154276,0.77075213,9.560199
1500079585597,-0.40691882,0.6271337,9.608071
1500079585613,-0.42606795,0.5505372,9.608071
1500079585629,-0.30159867,0.512239,9.569773
1500079585645,-0.2154276,0.47394073,9.560199
1500079585661,-0.26330042,0.5888355,9.512326
1500079585677,-0.27287498,0.7420284,9.493176
1500079585693,-0.18670394,0.93351966,9.435729
1500079585709,-0.09095833,1.0675635,9.407005
1500079585724,-0.043085523,1.14416,9.339984
1500079585741,-0.014361841,1.2016073,9.320834
1500079585756,-0.023936402,1.2782038,9.2825365
1500079585772,-0.05266008,1.3930986,9.244238
1500079585788,-0.03351096,1.4409714,9.234664
1500079585804,0.0,1.469695,9.263388
1500079585820,0.03351096,1.5175679,9.29211
1500079585836,-0.00478728,1.4888442,9.368708
1500079585852,-0.10053288,1.3548003,9.454879
1500079585868,-0.18670394,1.1345854,9.483603
1500079585884,-0.2920241,1.0292653,9.474028
1500079585900,-0.19627848,0.9526688,9.493176
1500079585916,-0.00478728,0.8856468,9.598496
1500079585932,0.062234644,0.7994758,9.608071
1500079585948,0.0,0.8760723,9.579348
1500079585963,-0.03351096,1.0101161,9.531475
1500079585979,-0.043085523,1.1537346,9.474028
1500079585995,-0.023936402,1.2207564,9.397431
1500079586011,0.0,1.2494801,9.349558
1500079586027,-0.014361841,1.1920328,9.301685
1500079586043,-0.014361841,1.1728836,9.263388
1500079586059,0.023936402,1.1537346,9.244238
1500079586075,-0.023936402,1.1824582,9.244238
1500079586091,-0.0718092,1.2111819,9.253813
1500079586107,-0.0718092,1.2111819,9.215514
1500079586123,-0.03351096,1.2016073,9.196365
1500079586138,0.03351096,1.1824582,9.20594
1500079586154,0.014361841,1.1633091,9.244238
1500079586170,-0.110107444,1.1154363,9.225089
1500079586187,-0.23457673,1.0867126,9.263388
1500079586202,-0.28244954,1.1250108,9.244238
1500079586218,-0.19627848,1.1633091,9.29211
1500079586234,-0.03351096,1.1537346,9.359133
1500079586250,0.081383765,1.1920328,9.397431
1500079586266,0.11968201,1.2016073,9.397431
1500079586282,0.05266008,1.1920328,9.445304
1500079586298,-0.023936402,1.1633091,9.397431
1500079586314,-0.03351096,1.0867126,9.426155
1500079586330,-0.09095833,1.1154363,9.54105
1500079586346,-0.043085523,1.1728836,9.608071
1500079586362,0.0718092,1.1537346,9.617646
1500079586378,0.043085523,1.1537346,9.617646
1500079586394,-0.023936402,1.1824582,9.665519
1500079586410,0.014361841,1.1345854,9.732541
1500079586425,0.11968201,1.0579889,9.713391
1500079586441,0.0,0.98139244,9.655944
1500079586457,-0.20585304,1.0005416,9.512326
1500079586473,-0.26330042,1.0867126,9.378282
1500079586489,-0.12925656,1.1633091,9.368708
1500079586505,0.014361841,1.1250108,9.502751
1500079586521,0.062234644,0.9622433,9.579348
1500079586537,0.0,0.8281995,9.483603
1500079586553,-0.014361841,0.92394507,9.407005
1500079586569,0.12925656,1.0867126,9.435729
1500079586585,0.2920241,1.0867126,9.41658
1500079586600,0.17712937,1.0675635,9.301685
1500079586616,-0.09095833,1.0005416,9.263388
1500079586632,-0.27287498,0.8952214,9.20594
1500079586648,-0.2154276,0.78990126,9.215514
1500079586664,0.10053288,0.77075213,9.272962
1500079586680,0.32074776,0.8664977,9.330409
1500079586696,0.27287498,1.0005416,9.359133
1500079586712,0.0718092,1.14416,9.330409
1500079586728,-0.023936402,1.1728836,9.349558
1500079586744,-0.110107444,1.1824582,9.368708
1500079586760,-0.12925656,1.2016073,9.407005
1500079586776,-0.09095833,1.2111819,9.41658
1500079586792,-0.03351096,1.2399056,9.41658
1500079586808,0.023936402,1.2303311,9.407005
1500079586823,0.03351096,1.2399056,9.445304
1500079586840,-0.0718092,1.3165021,9.397431
1500079586856,-0.110107444,1.3260766,9.378282
1500079586919,-0.03351096,1.2782038,9.368708
1500079586983,-0.03351096,1.14416,9.349558
1500079587047,0.081383765,1.2016073,9.368708
1500079587111,-0.0718092,1.0388398,9.2825365
1500079587174,0.0,1.1250108,9.349558
1500079587238,-0.043085523,1.2877784,9.454879
1500079587303,-0.023936402,1.2207564,9.474028
1500079587366,-0.081383765,1.1058618,9.330409
1500079587430,0.03351096,1.0484143,9.339984
1500079587493,-0.00478728,1.3069274,9.579348
1500079587557,-0.05266008,1.0292653,9.675094
1500079587622,-0.081383765,1.0675635,9.407005
1500079587684,0.19627848,0.71330476,8.947427
1500079587748,0.110107444,0.91437054,9.196365
1500079587811,-0.023936402,1.5558661,9.5219
1500079587875,0.03351096,1.2111819,9.464453
1500079587939,0.00478728,0.16755481,9.54105
1500079588003,-0.0718092,-0.023936402,9.780414
1500079588066,-0.2920241,0.61755913,9.675094
1500079588130,0.10053288,0.8186249,9.234664
1500079588194,0.00478728,1.0675635,9.071896
1500079588257,0.043085523,0.6845811,9.359133
1500079588322,-0.081383765,0.8281995,9.617646
1500079588386,-0.13883112,0.665432,9.5219
1500079588450,0.0,0.5792609,9.5219
1500079588512,-0.043085523,0.8760723,9.5219
1500079588576,-0.10053288,0.8473486,9.359133
1500079588640,0.0,0.8473486,9.339984
1500079588703,-0.043085523,0.78032666,9.407005
1500079588767,-0.023936402,0.8186249,9.502751
1500079588831,-0.0718092,0.6845811,9.474028
1500079588895,-0.043085523,0.7994758,9.454879
1500079588958,0.0,0.8186249,9.5219
1500079589022,-0.05266008,0.751603,9.464453
1500079589086,-0.062234644,0.6750065,9.330409
1500079589149,0.0,0.78990126,9.41658
1500079589213,-0.11968201,0.9718179,9.560199
1500079589277,-0.11968201,0.91437054,9.483603
1500079589341,-0.0718092,0.8856468,9.397431
1500079589406,-0.043085523,0.8664977,9.378282
1500079589468,-0.023936402,0.70373017,9.454879
1500079589532,0.014361841,0.76117754,9.41658
1500079589595,-0.00478728,0.9430942,9.3878565
1500079589659,-0.00478728,0.85692316,9.407005
1500079589723,-0.081383765,0.91437054,9.464453
1500079589787,-0.043085523,0.9430942,9.41658
1500079589850,-0.062234644,0.78032666,9.31126
1500079589914,-0.062234644,0.93351966,9.215514
1500079589978,-0.03351096,0.92394507,9.531475
1500079590041,-0.10053288,0.7324539,9.713391
1500079590105,-0.20585304,0.8090504,9.454879
1500079590169,-0.043085523,0.7420284,9.062322
1500079590233,-0.110107444,0.8281995,9.196365
1500079590296,-0.3111732,1.0962871,9.742115
1500079590360,-0.3398969,1.0005416,9.742115
1500079590424,-0.3111732,0.9622433,9.407005
1500079590487,-0.28244954,0.91437054,9.330409
1500079590551,-0.26330042,1.0101161,9.29211
1500079590615,-0.33032233,1.1345854,9.339984
1500079590679,-0.34947145,1.2016073,9.493176
1500079590742,-0.36862057,1.0196906,9.483603
1500079590806,-0.359046,0.8952214,9.435729
1500079590870,-0.359046,1.0484143,9.445304
1500079590934,-0.33032233,1.0962871,9.368708
1500079590997,-0.27287498,1.0388398,9.435729
1500079591061,-0.2920241,1.0484143,9.445304
1500079591125,-0.25372586,0.9622433,9.378282
1500079591188,-0.26330042,1.0771381,9.359133
1500079591252,-0.27287498,1.0962871,9.330409
1500079591316,-0.3111732,1.0005416,9.320834
1500079591379,-0.3111732,1.0484143,9.349558
1500079591443,-0.7228793,1.0771381,8.899554
1500079591507,-1.2494801,1.4984187,8.305931
1500079591571,-2.1303396,2.867581,7.6261373
1500079591634,-2.8388572,2.580344,7.3676243
1500079591698,-3.5282254,2.0250196,7.2623043
1500079591762,-4.437809,0.00478728,7.12826
1500079591826,-7.089962,-2.187787,2.9537518
1500079591889,-8.7750845,-3.7005677,1.5367169
1500079591953,-10.354887,-6.027186,-1.6516117
1500079592017,-12.432567,-8.095291,-4.0931244
1500079592080,-18.541136,-6.285699,-3.384607
1500079592144,-19.603912,-4.715471,-3.4612036
1500079592208,-19.153908,-4.4186597,-4.284616
1500079592272,-13.121935,-5.309094,-3.0686467
1500079592335,-7.8176284,-6.4676156,-1.6707608
1500079592400,-6.0846334,-7.0612383,-1.0867126
1500079592463,-8.478273,-5.998462,-0.4835153
1500079592527,-13.13151,-4.6005764,0.062234644
1500079592590,-17.775171,-5.376116,0.19627848
1500079592654,-19.603912,-6.630383,-0.081383765
1500079592718,-19.603912,-8.6697645,-1.776081
1500079592781,-18.598583,-9.780414,-2.149489
1500079592845,-14.021944,-11.618729,-4.5718527
1500079592909,-9.579348,-8.44955,0.25372586
1500079592972,-6.304848,-4.8973875,1.2016073
1500079593036,-2.9920502,-2.972901,1.7665064
1500079593100,1.5271424,-1.3356512,2.714388
1500079593164,3.6143966,-1.5845897,3.0973704
1500079593227,4.581427,-1.6324625,4.5910015
1500079593291,3.997379,-0.32074776,8.133589
