1500079962962,2.7718353,-1.8431029,8.746361
1500079963026,2.7622607,-1.776081,8.803808
1500079963090,2.7718353,-1.862252,8.7750845
1500079963154,2.7622607,-1.8909757,8.861256
1500079963217,2.7718353,-1.9005502,8.889979
1500079963280,2.9346027,-2.0537431,8.889979
1500079963344,2.9633265,-1.9771467,9.20594
1500079963408,3.0303483,-2.0537431,9.445304
1500079963471,3.173967,-2.015445,9.349558
1500079963535,3.1643922,-1.9867213,9.215514
1500079963599,3.0877957,-2.0920415,9.20594
1500079963663,2.9824755,-2.0633178,8.985725
1500079963726,2.9250283,-1.9101248,8.822957
1500079963790,2.9250283,-1.8814012,8.688913
1500079963854,2.8963046,-1.8718265,8.736787
1500079963917,2.8484318,-2.0058703,8.736787
1500079963981,2.867581,-1.9196993,8.803808
1500079964045,2.9250283,-1.9675722,8.928278
1500079964109,2.9920502,-1.9867213,9.014449
1500079964173,3.0111992,-1.8718265,8.9761505
1500079964236,2.9920502,-1.7665064,8.899554
1500079964300,3.0494976,-1.6899099,8.937852
1500079964364,3.1452432,-1.948423,9.158067
1500079964427,3.1452432,-2.034594,9.253813
1500079964491,3.2505634,-1.9005502,9.129343
1500079964555,3.2601378,-1.6420372,9.225089
1500079964618,3.2026904,-1.7569319,9.062322
1500079964682,3.0686467,-1.9005502,9.004874
1500079964746,2.9250283,-1.8048047,9.071896
1500079964809,3.020774,-2.0058703,9.024023
1500079964873,3.020774,-2.101616,9.435729
1500079964937,3.0111992,-2.101616,9.378282
1500079965001,2.8580062,-1.8814012,8.880404
1500079965064,2.8771553,-1.6420372,8.334655
1500079965128,2.8963046,-1.7282082,8.277207
1500079965192,2.88673,-1.8143792,8.439975
1500079965255,3.059072,-1.5941644,8.621892
1500079965319,3.2601378,-1.6516117,9.100619
1500079965383,3.078221,-1.622888,8.909128
1500079965446,3.0973704,-1.776081,8.679339
1500079965510,3.0016246,-1.8431029,8.708063
1500079965574,3.039923,-1.9101248,8.794233
1500079965638,3.078221,-1.8526775,9.119769
1500079965701,3.078221,-1.79523,9.215514
1500079965765,3.0877957,-1.8143792,9.091045
1500079965829,3.0686467,-1.79523,8.937852
1500079965892,3.0686467,-1.5654407,8.708063
1500079965956,3.078221,-1.5750152,8.6697645
1500079966020,2.9920502,-1.469695,8.755936
1500079966083,2.9920502,-1.5175679,8.621892
1500079966148,2.8963046,-1.5654407,8.411251
1500079966212,2.819708,-1.7186337,8.23891
1500079966275,3.039923,-1.8718265,8.056993
1500079966338,2.9537518,-2.2739582,9.100619
1500079966402,3.212265,-2.0441687,9.933606
1500079966466,3.0973704,-1.6994845,9.474028
1500079966530,3.2697124,-1.8526775,8.813383
1500079966593,3.3941817,-1.709059,9.41658
1500079966657,3.231414,-1.6899099,9.665519
1500079966722,3.1165195,-1.6324625,9.31126
1500079966784,2.9633265,-1.6037389,8.717637
1500079966849,2.8963046,-1.8239537,8.736787
1500079966913,3.0016246,-1.9675722,9.052747
1500079966975,3.1356685,-1.9101248,9.167642
1500079967039,3.126094,-1.776081,9.225089
1500079967103,3.059072,-1.8335283,9.378282
1500079967167,3.2409887,-1.9196993,9.426155
1500079967230,3.1165195,-2.1111906,9.780414
1500079967294,2.88673,-1.9388485,9.148493
1500079967358,2.714388,-1.5750152,8.296356
1500079967421,2.5899186,-1.5941644,8.00912
1500079967485,2.752686,-1.9675722,8.32508
1500079967549,2.752686,-1.8526775,8.478273
1500079967613,2.7622607,-1.5079932,8.708063
1500079967676,2.88673,-1.2877784,9.148493
1500079967740,2.9346027,-1.7473572,9.675094
1500079967804,3.059072,-2.1590633,9.148493
1500079967867,2.88673,-1.5654407,8.889979
1500079967931,2.9537518,-1.3930986,8.593168
1500079967995,2.733537,-1.5271424,8.995299
1500079968059,2.7622607,-1.6516117,8.870831
1500079968123,2.6856642,-1.3739494,8.765511
1500079968186,2.5994933,-1.3739494,8.612317
1500079968251,2.5994933,-1.3548003,8.353804
1500079968314,2.6952388,-1.4409714,8.478273
1500079968378,2.714388,-1.4792696,9.014449
1500079968450,2.8101335,-1.6516117,9.330409
1500079968504,2.9633265,-1.7473572,9.454879
1500079968568,3.0303483,-1.5367169,9.550624
1500079968632,3.0016246,-1.4313968,9.512326
1500079968696,2.9633265,-1.5175679,9.454879
1500079968759,2.9441774,-1.5271424,9.426155
1500079968823,2.88673,-1.4792696,9.18679
1500079968887,2.8101335,-1.4984187,8.899554
1500079968950,2.7431116,-1.5558661,8.918703
1500079969014,2.7239625,-1.622888,9.014449
1500079969078,2.7431116,-1.469695,9.024023
1500079969142,2.7814097,-1.4601204,9.129343
1500079969205,2.8771553,-1.4984187,9.349558
1500079969269,2.9154537,-1.4601204,9.474028
1500079969333,3.0016246,-1.4026731,9.397431
1500079969396,3.0494976,-1.5079932,9.253813
1500079969460,3.0016246,-1.5558661,9.234664
1500079969524,2.9441774,-1.5271424,9.052747
1500079969587,2.752686,-1.3165021,8.832532
1500079969651,2.7909844,-1.4218222,8.564445
1500079969715,2.7718353,-1.6516117,8.708063
1500079969779,2.6760898,-1.776081,8.909128
1500079969842,2.647366,-1.4026731,8.698488
1500079969906,2.7814097,-1.3548003,8.439975
1500079969970,2.7814097,-1.5558661,8.765511
1500079970033,2.9537518,-1.4026731,8.985725
1500079970097,3.0494976,-1.2686293,9.378282
1500079970161,2.9537518,-1.3356512,9.3878565
1500079970225,2.8101335,-1.4026731,9.004874
1500079970288,2.580344,-1.2590547,9.014449
1500079970352,2.714388,-1.5367169,8.478273
1500079970416,2.6760898,-1.2973529,8.200611
1500079970479,2.7431116,-1.1537346,8.6697645
1500079970543,2.752686,-1.1633091,9.0814705
1500079970607,2.8580062,-1.0101161,9.445304
1500079970670,2.8963046,-0.99096704,9.598496
1500079970734,2.8963046,-1.1345854,9.560199
1500079970798,2.9250283,-1.2686293,9.407005
1500079970861,2.9441774,-1.2207564,9.225089
1500079970925,2.9633265,-1.1728836,9.0814705
1500079970989,2.7814097,-1.1345854,9.0814705
1500079971053,2.9346027,-1.2494801,9.062322
1500079971116,2.867581,-1.1250108,9.2825365
1500079971180,3.1165195,-1.2686293,9.41658
1500079971244,3.039923,-1.1537346,9.349558
1500079971307,2.9154537,-1.3930986,9.41658
1500079971371,3.0016246,-1.4888442,9.215514
1500079971435,2.8771553,-1.5175679,8.9761505
1500079971499,2.7622607,-1.5367169,9.158067
1500079971562,2.867581,-1.6324625,9.119769
1500079971626,2.905879,-1.2494801,8.708063
1500079971690,2.9346027,-1.1920328,8.506997
1500079971753,2.905879,-1.4601204,8.564445
1500079971817,2.9250283,-1.3548003,8.631466
1500079971881,3.0016246,-1.2303311,8.727212
1500079971945,2.972901,-1.2877784,8.842107
1500079972008,2.9633265,-1.5175679,8.813383
1500079972072,2.972901,-1.2877784,8.861256
1500079972136,2.9633265,-1.3165021,9.20594
1500079972199,3.0303483,-1.4409714,9.129343
1500079972263,3.020774,-1.2303311,8.822957
1500079972327,2.9633265,-1.1250108,8.650616
1500079972390,2.8963046,-1.3069274,8.7750845
1500079972454,2.9633265,-1.3452257,8.755936
1500079972518,2.9824755,-1.2303311,8.957002
1500079972582,2.9824755,-1.3165021,9.20594
1500079972645,3.0686467,-1.5462915,9.29211
1500079972709,3.039923,-1.2399056,9.253813
1500079972773,3.0303483,-1.2590547,9.29211
1500079972836,3.1548176,-1.5079932,9.31126
1500079972900,3.2888615,-1.4601204,9.158067
1500079972964,3.059072,-1.1154363,9.148493
1500079973027,3.059072,-1.4122477,8.9761505
1500079973091,3.0303483,-1.4218222,9.119769
1500079973155,3.0494976,-1.1728836,9.272962
1500079973220,3.193116,-1.3165021,9.435729
1500079973283,3.126094,-1.3548003,9.550624
1500079973346,3.126094,-1.2782038,9.253813
1500079973410,3.0016246,-1.2207564,8.842107
1500079973473,2.9920502,-1.2494801,8.688913
1500079973537,3.3558834,-1.5271424,8.822957
1500079973601,3.2697124,-1.2877784,9.215514
1500079973665,3.0303483,-1.0771381,8.784659
1500079973728,2.8292825,-1.1920328,8.535721
1500079973792,2.7909844,-1.4984187,8.889979
1500079973856,2.9537518,-1.3930986,8.717637
1500079973919,2.9920502,-1.383524,8.966576
1500079973983,2.9154537,-1.6516117,8.957002
1500079974047,2.9824755,-1.5941644,8.631466
1500079974110,2.905879,-1.3643749,8.985725
1500079974174,3.059072,-1.469695,8.928278
1500079974238,3.059072,-1.5558661,9.138918
1500079974302,3.0494976,-1.5079932,9.138918
1500079974365,2.9920502,-1.5079932,8.889979
1500079974429,2.9920502,-1.6803354,8.995299
1500079974493,3.0686467,-1.5462915,8.822957
1500079974557,3.0973704,-1.4313968,8.832532
1500079974620,3.0973704,-1.4409714,8.937852
1500079974684,3.126094,-1.6611862,9.100619
1500079974748,3.020774,-1.6611862,9.301685
1500079974811,2.9824755,-1.5367169,9.091045
1500079974875,3.0973704,-1.2877784,8.803808
1500079974939,3.0016246,-1.3260766,8.870831
1500079975002,3.0686467,-1.4026731,8.899554
1500079975066,3.1165195,-1.2590547,8.928278
1500079975130,3.1452432,-1.2973529,9.014449
1500079975193,3.0973704,-1.4601204,9.110194
1500079975257,3.1069448,-1.3643749,8.794233
1500079975321,3.193116,-1.1920328,8.688913
1500079975385,3.5282254,-1.1824582,8.794233
1500079975448,3.3750327,-1.1633091,9.004874
1500079975512,3.2505634,-1.0388398,9.234664
1500079975576,3.1835413,-1.1633091,9.052747
1500079975639,3.173967,-1.2111819,9.014449
1500079975703,3.3080106,-1.3739494,8.755936
1500079975767,3.2697124,-1.1920328,8.55487
1500079975830,3.365458,-1.2303311,8.794233
1500079975894,3.4707782,-1.2111819,8.832532
1500079975958,3.499502,-1.1537346,8.918703
1500079976021,3.4229054,-1.1537346,9.062322
1500079976085,3.3271596,-1.2973529,8.995299
1500079976150,3.2697124,-1.1537346,8.928278
1500079976214,3.1835413,-1.2016073,9.100619
1500079976276,3.0973704,-1.3260766,8.870831
1500079976340,2.9920502,-1.776081,8.803808
1500079976404,3.0111992,-1.6994845,8.784659
1500079976468,2.8292825,-1.4218222,8.516571
1500079976532,2.5228968,-1.3739494,8.353804
1500079976595,2.6186423,-1.5750152,8.305931
1500079976659,2.9441774,-1.6707608,8.439975
1500079976723,3.020774,-1.5175679,9.052747
1500079976786,3.1548176,-1.8143792,9.225089
1500079976851,3.2505634,-1.8431029,9.2825365
1500079976915,3.346309,-1.5271424,9.598496
1500079976977,3.4899273,-1.4888442,10.000628
1500079977041,3.604822,-1.4026731,10.144247
1500079977105,3.7101421,-1.3069274,9.713391
1500079977168,3.5952475,-1.3260766,9.119769
1500079977232,3.518651,-1.6037389,8.746361
1500079977296,3.2888615,-1.5845897,8.794233
1500079977359,3.0016246,-1.383524,8.794233
1500079977423,2.972901,-1.3452257,8.411251
1500079977487,3.078221,-1.3356512,8.401677
1500079977550,2.9441774,-1.3069274,8.258059
1500079977614,2.8771553,-1.0867126,8.095291
1500079977678,3.0111992,-1.2686293,8.229335
1500079977742,3.193116,-1.2973529,8.497422
1500079977805,3.3175852,-1.2973529,9.100619
1500079977869,3.384607,-1.3165021,9.435729
1500079977933,3.4420545,-1.4218222,9.54105
1500079977997,3.5569491,-1.4122477,9.445304
1500079978060,3.5282254,-1.3069274,9.359133
1500079978124,3.5856729,-1.4313968,9.474028
1500079978188,3.604822,-1.2782038,9.502751
1500079978251,3.5378,-1.2877784,9.129343
1500079978316,3.2218397,-1.5175679,8.688913
1500079978380,2.7718353,-1.3260766,8.985725
1500079978443,3.078221,-1.4409714,8.229335
1500079978506,2.88673,-1.3452257,8.315506
1500079978570,2.7718353,-1.4409714,8.353804
1500079978634,2.714388,-1.3930986,8.095291
1500079978697,2.800559,-1.4218222,8.478273
1500079978761,3.059072,-1.4505459,8.727212
1500079978825,3.1643922,-1.4218222,9.20594
1500079978888,3.231414,-1.4218222,9.445304
1500079978952,3.384607,-1.4409714,9.301685
1500079979016,3.4324799,-1.4601204,9.512326
1500079979079,3.4037561,-1.469695,9.493176
1500079979143,3.384607,-1.4313968,9.502751
1500079979207,3.384607,-1.4888442,9.474028
1500079979271,3.3558834,-1.4505459,9.20594
1500079979334,3.2218397,-1.3643749,8.957002
1500079979398,3.1165195,-1.4313968,8.708063
1500079979462,3.1165195,-1.5654407,8.746361
1500079979525,3.039923,-1.5941644,8.832532
1500079979589,3.078221,-1.4792696,8.420826
1500079979653,3.078221,-1.383524,8.133589
1500079979717,3.0111992,-1.3548003,8.305931
1500079979780,3.020774,-1.5941644,8.535721
1500079979844,3.0686467,-1.5175679,8.631466
1500079979908,3.2505634,-1.3739494,8.7750845
1500079979971,3.3271596,-1.5367169,8.822957
1500079980035,3.3941817,-1.8909757,9.052747
1500079980100,3.518651,-2.0824668,9.493176
1500079980172,3.5282254,-1.7473572,9.732541
1500079980226,3.6431203,-1.7186337,9.5889225
1500079980290,3.451629,-2.0250196,9.464453
1500079980354,3.346309,-1.929274,9.043172
1500079980417,3.173967,-1.8143792,8.765511
1500079980481,3.126094,-1.709059,8.6697645
1500079980545,3.193116,-1.5558661,8.631466
1500079980609,3.231414,-1.4792696,8.679339
1500079980672,3.3175852,-1.469695,8.392102
1500079980736,3.2218397,-1.6037389,8.258059
1500079980800,3.126094,-1.5271424,8.286782
1500079980863,3.1165195,-1.6324625,8.296356
1500079980927,3.1356685,-1.5750152,8.411251
1500079980991,3.3080106,-1.6803354,8.746361
1500079981055,3.499502,-1.6899099,9.167642
1500079981118,3.7197168,-1.5367169,9.253813
1500079981182,3.8154624,-1.5367169,9.18679
1500079981246,3.8633351,-1.3356512,9.225089
1500079981310,4.016528,-1.3069274,9.253813
1500079981373,3.7292912,-1.14416,9.617646
1500079981437,3.8920588,-1.5079932,9.253813
1500079981501,3.8729098,-1.9771467,8.372953
1500079981564,3.4037561,-1.4984187,8.564445
1500079981628,3.3941817,-1.4792696,8.5740185
1500079981692,3.2984362,-1.3260766,8.171887
1500079981755,3.1165195,-1.4792696,8.229335
1500079981819,3.0111992,-1.5941644,8.23891
1500079981883,2.9346027,-1.6420372,8.258059
1500079981946,3.039923,-1.5941644,8.44955
1500079982010,3.193116,-1.5367169,8.842107
1500079982074,3.2984362,-1.6516117,9.29211
1500079982138,3.4899273,-1.6611862,9.502751
1500079982201,3.6335456,-1.7282082,9.569773
1500079982265,3.7101421,-1.9101248,9.722966
1500079982329,3.8154624,-2.101616,9.368708
1500079982392,3.6431203,-1.9867213,9.091045
1500079982456,3.4037561,-1.7377827,8.832532
1500079982520,3.2218397,-1.6899099,8.392102
1500079982584,3.193116,-1.7569319,8.392102
1500079982647,3.1165195,-1.7473572,8.516571
1500079982711,3.0111992,-1.9101248,8.44955
1500079982775,2.9346027,-1.8718265,8.430401
1500079982838,2.8292825,-1.709059,8.506997
1500079982902,2.800559,-1.6803354,8.516571
1500079982966,2.819708,-1.7282082,8.746361
1500079983029,2.9250283,-1.8335283,9.071896
1500079983093,3.0111992,-1.79523,9.225089
1500079983157,3.1356685,-2.0824668,9.512326
1500079983221,3.1643922,-1.9867213,9.474028
1500079983284,3.2888615,-1.9388485,9.378282
1500079983348,3.2601378,-1.79523,9.41658
1500079983412,3.212265,-1.9005502,9.119769
1500079983476,3.1069448,-1.8143792,8.947427
1500079983539,3.0494976,-1.776081,8.765511
1500079983603,3.0111992,-1.6803354,8.746361
1500079983667,3.020774,-1.5271424,8.755936
1500079983730,3.0303483,-1.3739494,8.698488
1500079983794,3.0016246,-1.6707608,8.5740185
1500079983858,2.8388572,-1.7665064,8.545295
1500079983921,2.752686,-1.7377827,8.497422
1500079983985,2.7718353,-1.622888,8.564445
1500079984049,3.0111992,-1.5079932,8.55487
1500079984113,3.1165195,-1.7282082,8.985725
1500079984176,3.212265,-1.7377827,9.320834
1500079984241,3.3750327,-1.5941644,9.502751
1500079984305,3.4707782,-1.7856555,9.41658
1500079984368,3.499502,-1.9101248,9.445304
1500079984440,3.5856729,-1.862252,9.579348
1500079984495,3.5473747,-1.5654407,9.253813
1500079984559,3.4707782,-1.4409714,8.832532
1500079984622,3.2409887,-1.6707608,8.4686985
1500079984686,3.078221,-1.6994845,8.4686985
1500079984750,3.0973704,-1.7856555,8.631466
1500079984814,2.8292825,-1.6611862,9.004874
1500079984877,2.8388572,-1.7473572,8.5740185
1500079984941,2.8771553,-1.8909757,8.210186
1500079985005,2.8580062,-1.8814012,8.296356
1500079985069,2.8484318,-1.9196993,8.277207
1500079985133,2.905879,-1.8526775,8.439975
1500079985196,3.1356685,-1.79523,9.033598
1500079985260,3.365458,-1.7282082,9.531475
1500079985323,3.4133308,-1.9867213,9.62722
1500079985387,3.451629,-1.948423,9.5889225
1500079985451,3.4707782,-1.7473572,9.426155
1500079985514,3.451629,-1.9196993,9.167642
1500079985578,3.4037561,-1.7473572,8.727212
1500079985642,3.2792869,-1.6420372,8.708063
1500079985705,3.1643922,-1.9005502,8.688913
1500079985769,3.2505634,-2.1111906,8.535721
1500079985833,3.2026904,-1.7665064,8.602742
1500079985897,3.193116,-1.622888,8.487848
1500079985960,3.3175852,-1.7282082,8.736787
1500079986024,3.2888615,-1.6707608,8.679339
1500079986088,3.2697124,-1.6994845,8.593168
1500079986151,3.3941817,-1.9388485,8.641041
1500079986215,3.4037561,-1.8718265,8.880404
1500079986279,3.5090764,-1.9962958,9.263388
1500079986343,3.5473747,-1.9388485,9.272962
1500079986406,3.5760984,-1.8526775,9.215514
1500079986470,3.3175852,-1.9388485,9.071896
1500079986534,3.2601378,-1.929274,8.698488
1500079986597,3.2218397,-1.7377827,8.803808
1500079986661,3.173967,-1.6516117,8.593168
1500079986726,3.2505634,-1.6420372,8.516571
1500079986789,3.193116,-1.7282082,8.6697645
1500079986853,3.2409887,-1.8048047,8.535721
1500079986916,3.1452432,-1.9962958,8.631466
1500079986980,3.212265,-1.9867213,8.487848
1500079987043,3.2505634,-2.3122563,8.526146
1500079987107,3.039923,-2.4654493,8.631466
1500079987171,2.8580062,-1.7282082,8.698488
1500079987234,3.346309,-2.2931073,8.516571
1500079987298,3.2697124,-2.1973617,9.368708
1500079987362,3.4707782,-2.3505547,9.368708
1500079987426,3.5856729,-2.034594,9.263388
1500079987489,3.4612036,-1.9962958,9.100619
1500079987553,3.5282254,-2.321831,9.091045
1500079987617,3.346309,-2.149489,9.071896
1500079987680,3.2792869,-2.4175766,8.870831
1500079987744,3.020774,-2.3314054,8.621892
1500079987808,3.1835413,-2.3792782,8.382527
1500079987871,2.9441774,-2.2260852,8.583593
1500079987935,3.0686467,-2.1399143,8.439975
1500079987999,3.020774,-1.8526775,8.392102
1500079988063,2.9441774,-1.709059,8.641041
1500079988126,3.1548176,-1.8431029,8.746361
1500079988190,3.193116,-1.8048047,8.832532
1500079988254,3.2697124,-1.6133134,8.784659
1500079988317,3.231414,-1.7856555,9.014449
1500079988381,3.4037561,-1.9962958,9.148493
1500079988445,3.4037561,-1.7186337,9.272962
1500079988509,3.173967,-1.79523,9.253813
1500079988572,3.0494976,-1.7473572,8.985725
1500079988636,3.3558834,-2.0537431,9.071896
1500079988700,3.3941817,-2.187787,9.004874
1500079988763,3.193116,-2.015445,8.995299
1500079988827,3.193116,-2.168638,8.918703
1500079988891,3.2409887,-2.1111906,8.708063
1500079988955,3.0303483,-1.9388485,8.698488
1500079989018,2.8388572,-1.8143792,8.152739
1500079989082,2.5324712,-1.929274,8.258059
1500079989146,3.078221,-2.1111906,8.2676325
1500079989210,3.1165195,-2.1303396,8.803808
1500079989274,2.9920502,-2.2835326,8.937852
1500079989337,2.9441774,-2.187787,8.9761505
1500079989409,3.059072,-2.2356598,9.091045
1500079989464,3.2026904,-2.360129,9.368708
1500079989528,3.2601378,-2.3984275,9.5889225
1500079989592,3.3558834,-2.561195,9.550624
1500079989655,3.3271596,-2.494173,9.407005
1500079989719,3.0973704,-2.2931073,9.167642
1500079989783,3.059072,-2.0728924,8.621892
1500079989846,3.1069448,-2.0250196,8.401677
1500079989910,3.0016246,-1.929274,8.641041
1500079989974,3.212265,-2.0537431,8.401677
1500079990038,3.173967,-1.6420372,8.191036
1500079990101,3.1548176,-1.4888442,8.095291
1500079990165,3.1548176,-1.8239537,8.296356
1500079990229,3.2505634,-1.6324625,8.305931
1500079990292,3.3367343,-1.5750152,8.909128
1500079990356,3.3558834,-1.4792696,9.41658
1500079990420,3.4420545,-1.3548003,9.330409
1500079990484,3.5760984,-1.2973529,9.339984
1500079990547,3.346309,-1.4313968,9.62722
1500079990611,3.3367343,-1.7186337,9.454879
1500079990675,3.3271596,-1.7186337,9.349558
1500079990738,3.2697124,-1.6707608,8.985725
1500079990802,3.2984362,-1.6994845,8.889979
1500079990866,3.2601378,-1.6133134,8.5740185
1500079990930,3.2409887,-1.6420372,8.459125
1500079990993,3.1069448,-2.0441687,8.4686985
1500079991057,3.0494976,-1.862252,8.277207
1500079991121,3.020774,-1.3452257,8.21976
1500079991185,2.9633265,-1.3930986,8.353804
1500079991249,3.1069448,-1.9579976,8.55487
1500079991312,3.039923,-1.7856555,8.947427
1500079991376,3.1835413,-1.948423,8.813383
1500079991439,3.4133308,-1.929274,8.937852
1500079991503,3.4229054,-1.9196993,9.502751
1500079991567,3.4803526,-2.1782124,9.64637
1500079991630,3.4229054,-2.0250196,9.5889225
1500079991694,3.3750327,-1.9675722,9.368708
1500079991758,3.212265,-2.0920415,9.0814705
1500079991822,3.1835413,-1.9962958,8.985725
1500079991885,3.1548176,-1.8239537,9.004874
1500079991949,3.212265,-1.776081,8.708063
1500079992013,3.0494976,-1.8909757,8.602742
1500079992076,3.0494976,-1.9196993,8.44955
1500079992140,3.1548176,-1.79523,8.382527
1500079992204,3.1165195,-1.709059,8.439975
1500079992268,3.078221,-1.8239537,8.439975
1500079992331,3.020774,-1.7665064,8.506997
1500079992395,3.039923,-1.6611862,8.401677
1500079992459,3.0973704,-1.6420372,8.813383
1500079992522,3.1548176,-1.7473572,9.2825365
1500079992586,3.2984362,-1.7856555,9.684668
1500079992650,3.7197168,-1.5079932,10.584677
1500079992714,3.8346114,-1.4601204,11.417664
1500079992777,3.8346114,-1.5558661,11.59958
1500079992841,4.0261025,-1.3739494,11.752773
1500079992905,4.303765,-1.2686293,11.130426
1500079992968,4.342063,-1.6516117,10.469782
1500079993032,4.437809,-2.8101335,8.420826
1500079993096,4.5527034,-3.6622694,7.693159
1500079993159,4.428234,-4.801642,6.9942164
1500079993223,4.4186597,-3.9686553,6.0463347
1500079993287,4.5910015,-3.7197168,4.4090853
1500079993351,4.4856815,-2.8388572,4.9069624
1500079993414,4.696322,-3.2601378,4.6771727
1500079993478,5.347392,-2.9920502,4.389936
1500079993542,6.6591067,-1.7377827,4.2463174
1500079993605,7.2623043,-1.1058618,5.079304
1500079993669,8.066567,-0.49308985,5.5101595
1500079993733,8.755936,-0.28244954,5.4048395
1500079993797,8.851681,-0.16755481,5.481436
1500079993860,9.493176,-0.59841,5.452712
1500079993924,9.301685,-1.2399056,5.088879
1500079993988,8.506997,-1.2782038,4.7058964
1500079994051,7.549541,-0.90479594,4.610151
1500079994115,7.4920936,-0.2920241,4.5239797
1500079994179,8.028269,-0.33032233,4.236743
1500079994243,7.721883,-1.0292653,4.303765
1500079994306,7.2335806,-1.383524,4.6771727
1500079994370,7.511243,-1.0196906,4.428234
1500079994434,8.181462,-0.14840569,4.6675982
1500079994498,8.621892,-0.25372586,4.715471
1500079994561,8.602742,-0.4835153,5.0601554
1500079994625,8.889979,-0.2920241,5.28037
1500079994689,9.0814705,-0.25372586,5.2133484
1500079994752,9.167642,-0.49308985,5.2516465
1500079994816,9.110194,-0.5792609,5.309094
1500079994880,9.177217,-0.4835153,5.2707953
1500079994943,8.765511,-0.6750065,4.811217
1500079995007,8.037844,-0.9526688,4.9739842
1500079995071,7.5782647,-1.1058618,5.088879
1500079995135,7.4154973,-0.8664977,4.6867476
1500079995198,7.6069884,-0.7324539,4.658024
1500079995262,7.6452866,-0.751603,4.658024
1500079995326,7.654861,-0.6271337,4.3803616
1500079995389,8.104865,-0.42606795,4.658024
1500079995453,8.526146,-0.56968635,4.696322
1500079995517,8.66019,-0.70373017,4.8303657
1500079995580,8.650616,-0.78032666,5.1846247
1500079995644,8.832532,-0.8473486,5.433563
1500079995708,9.138918,-0.8473486,5.605905
1500079995772,9.20594,-0.9526688,5.4048395
1500079995835,8.880404,-1.4026731,5.38569
1500079995899,8.401677,-1.383524,5.2133484
1500079995963,8.133589,-1.14416,4.849515
1500079996026,8.152739,-0.9622433,4.8303657
1500079996090,8.1623125,-0.98139244,4.8207912
1500079996154,8.047418,-1.0579889,4.9069624
1500079996218,7.9803963,-1.2207564,4.7920675
1500079996281,7.9708214,-1.0196906,4.6675982
1500079996346,8.00912,-0.7228793,4.543129
1500079996409,7.9708214,-0.9526688,4.6675982
1500079996472,7.9037995,-1.3643749,4.9835587
1500079996536,8.066567,-1.2782038,4.772918
1500079996601,8.11444,-1.4313968,4.849515
1500079996663,8.248484,-0.90479594,4.935686
1500079996727,8.353804,-1.0579889,5.2420716
1500079996792,8.755936,-1.1633091,5.222923
1500079996856,8.937852,-1.2399056,5.194199
1500079996919,8.5740185,-2.0728924,5.2899446
1500079996983,8.315506,-2.3697038,5.232497
1500079997046,8.1623125,-1.9962958,5.232497
1500079997109,7.9325233,-1.4218222,5.1654754
1500079997173,7.9420977,-1.2494801,5.309094
1500079997237,8.076141,-1.0292653,5.194199
1500079997301,7.8655014,-1.2399056,5.1654754
1500079997364,7.6069884,-1.2207564,5.0505805
1500079997428,7.721883,-1.3260766,4.954835
1500079997492,7.6835847,-1.4122477,5.0122824
1500079997555,7.6835847,-1.4409714,5.0505805
1500079997619,7.721883,-1.3069274,5.2133484
1500079997683,7.741032,-1.2590547,5.3186684
1500079997747,7.808054,-1.3356512,5.481436
1500079997810,8.210186,-1.4505459,5.644203
1500079997874,8.4686985,-1.6707608,5.7208
1500079997938,8.258059,-1.8143792,5.38569
1500079998001,7.9133744,-1.79523,4.5527034
1500079998065,8.152739,-1.5750152,4.1601467
1500079998129,9.100619,-1.5079932,4.1601467
1500079998193,9.5889225,-2.427151,2.6856642
1500079998256,9.244238,-2.6186423,2.1399143
1500079998320,9.043172,-2.0058703,2.0824668
1500079998384,8.794233,-1.2973529,1.9675722
1500079998447,8.641041,-1.2973529,1.929274
1500079998511,9.244238,-1.709059,1.9388485
1500079998575,9.320834,-2.0441687,1.929274
1500079998639,9.378282,-2.1782124,1.4984187
1500079998702,9.512326,-2.3697038,1.1728836
1500079998766,10.335738,-2.6569405,0.78032666
1500079998830,11.034681,-2.9537518,0.5505372
1500079998893,10.977234,-3.173967,0.6750065
1500079998957,10.517654,-3.2984362,1.0292653
1500079999021,10.019777,-3.365458,0.9526688
1500079999085,9.435729,-3.1643922,1.2686293
1500079999148,8.985725,-2.7718353,1.2590547
1500079999212,8.966576,-2.360129,1.7473572
1500079999276,9.033598,-2.254809,1.948423
1500079999339,8.880404,-2.0633178,1.9579976
1500079999403,8.564445,-2.1399143,2.149489
1500079999467,8.506997,-2.2165108,2.427151
1500079999530,8.497422,-1.8909757,2.5707695
1500079999594,8.296356,-1.7186337,2.752686
1500079999658,7.8846507,-1.8718265,2.5899186
1500079999722,8.028269,-2.6282167,1.9675722
1500079999785,9.454879,-2.9920502,1.5845897
1500079999849,10.642124,-2.580344,0.9526688
1500079999913,10.967659,-2.647366,0.8473486
1500079999976,11.082554,-3.1069448,1.0484143
1500080000040,10.900637,-3.2505634,1.2782038
1500080000104,10.077225,-2.88673,0.70373017
1500080000168,9.502751,-2.5516202,0.6271337
1500080000231,9.368708,-2.4558747,0.665432
1500080000295,9.2825365,-2.4175766,0.16755481
1500080000359,8.985725,-2.4175766,-0.05266008
1500080000422,8.803808,-2.4654493,0.27287498
1500080000486,8.688913,-2.2452345,0.46436617
1500080000550,8.899554,-2.2356598,0.7228793
1500080000614,9.234664,-2.4558747,0.42606795
1500080000677,8.957002,-2.8963046,0.13883112
1500080000741,8.803808,-2.9537518,1.1633091
1500080000805,9.569773,-2.733537,1.1728836
1500080000868,10.374036,-3.2888615,0.39734426
1500080000932,10.728295,-3.384607,0.19627848
1500080000996,10.632549,-3.231414,0.25372586
1500080001060,10.450633,-3.078221,0.19627848
1500080001123,10.268716,-3.0016246,0.3877697
1500080001187,9.732541,-3.1069448,0.50266445
1500080001252,9.024023,-3.1452432,0.27287498
1500080001315,8.794233,-2.7909844,0.4835153
1500080001379,8.861256,-2.3792782,0.25372586
1500080001451,8.746361,-2.513322,0.13883112
1500080001506,8.487848,-2.5707695,0.42606795
1500080001569,8.401677,-2.5707695,0.5888355
1500080001633,9.062322,-3.0494976,0.359046
1500080001697,8.985725,-3.2026904,0.63670826
1500080001760,9.272962,-2.4845984,0.00478728
1500080001824,9.64637,-2.0920415,0.18670394
1500080001888,10.010203,-2.5516202,-0.12925656
1500080001951,10.469782,-3.0973704,-0.25372586
1500080002015,10.986808,-3.2409887,-0.42606795
1500080002079,11.254896,-3.518651,-0.71330476
1500080002143,10.891063,-3.5665238,-0.6845811
1500080002206,10.268716,-3.4324799,-0.3111732
1500080002270,9.943181,-3.604822,-0.26330042
1500080002334,9.636795,-3.4229054,0.023936402
1500080002398,9.29211,-3.212265,0.36862057
1500080002461,8.870831,-3.078221,0.76117754
1500080002525,8.382527,-2.7718353,1.3452257
1500080002589,8.200611,-2.3888528,1.6803354
1500080002652,7.9516726,-2.3122563,2.2835326
1500080002716,7.664436,-2.0633178,3.3175852
1500080002780,8.334655,-1.4122477,3.9399316
1500080002843,8.535721,-2.0441687,4.0739756
1500080002907,8.047418,-1.709059,4.5622783
1500080002971,8.095291,-1.5079932,4.8207912
1500080003035,8.171887,-1.1537346,5.567607
1500080003098,8.7750845,-1.2303311,5.4239883
1500080003162,9.560199,-1.3930986,5.2133484
1500080003226,9.29211,-1.1824582,4.926111
1500080003289,8.803808,-0.90479594,4.466532
1500080003353,8.889979,-1.1058618,4.284616
1500080003417,8.583593,-0.8760723,4.696322
1500080003481,8.487848,-1.5079932,4.5910015
1500080003544,8.133589,-1.8718265,4.801642
1500080003608,7.846352,-1.4984187,4.8973875
1500080003672,7.8176284,-1.776081,4.3707867
1500080003735,7.894225,-1.2782038,4.6388745
1500080003799,7.4442205,-1.2111819,4.504831
1500080003863,7.6069884,-0.8856468,4.83994
1500080003927,8.353804,-0.20585304,5.299519
1500080003990,8.870831,-0.12925656,5.222923
1500080004054,8.420826,-0.37819514,5.4239883
1500080004118,8.420826,-0.98139244,5.634629
1500080004182,8.439975,-2.2260852,5.7303743
1500080004245,8.459125,-2.647366,5.586756
1500080004309,7.999545,-3.0973704,5.692076
1500080004373,7.875076,-2.9346027,5.835695
1500080004436,7.855927,-2.0441687,5.845269
1500080004500,7.2623043,-0.8473486,5.873993
1500080004564,6.7069798,-0.27287498,5.9027166
1500080004627,5.9218655,0.49308985,5.7303743
1500080004691,5.079304,1.0962871,6.103782
1500080004755,4.73462,1.4026731,6.391019
1500080004818,4.0069537,0.42606795,8.056993
1500080004882,3.8346114,0.42606795,8.372953
1500080004946,3.384607,0.8281995,8.526146
1500080005010,2.6186423,0.49308985,9.799562
1500080005073,3.078221,0.7994758,10.661273
1500080005137,3.3558834,0.8281995,10.622974
1500080005201,3.4707782,-0.11968201,10.163396
1500080005264,3.5473747,0.014361841,10.220843
1500080005328,3.3558834,0.26330042,9.7899885
1500080005392,3.2792869,0.36862057,9.550624
1500080005456,3.2409887,0.78990126,8.985725
1500080005519,3.3367343,0.8281995,8.516571
1500080005583,3.231414,0.56968635,7.894225
1500080005647,3.1165195,0.110107444,8.200611
1500080005710,3.7867386,0.665432,7.654861
1500080005774,3.911208,0.99096704,7.4920936
1500080005838,4.150572,0.512239,7.8272033
1500080005902,4.198445,0.59841,7.9325233
1500080005965,4.236743,0.63670826,8.66019
1500080006029,4.2654667,0.76117754,8.736787
1500080006093,3.9782298,0.03351096,9.167642
1500080006157,3.8058877,0.27287498,9.119769
1500080006220,4.3133397,0.56011176,9.119769
1500080006285,4.619725,0.11968201,9.483603
1500080006348,4.6005764,-0.36862057,9.397431
1500080006420,4.322914,-0.6750065,9.119769
1500080006475,4.2941904,-0.17712937,8.746361
1500080006539,4.2271686,-0.33032233,8.650616
1500080006602,3.8920588,-0.40691882,8.679339
1500080006666,3.844186,-1.0867126,8.688913
1500080006730,3.825037,-0.10053288,7.7506065
1500080006793,3.758015,-0.3398969,7.1474094
1500080006857,4.2271686,0.50266445,7.788905
1500080006921,4.045252,2.0058703,7.2910275
1500080006985,4.169721,1.6420372,8.056993
1500080007048,5.155901,1.0867126,8.516571
1500080007112,4.8207912,0.10053288,8.851681
1500080007176,4.763344,-0.17712937,8.995299
1500080007240,4.6293,-0.10053288,9.866585
1500080007304,4.121848,-0.359046,10.19212
1500080007367,4.045252,-1.0867126,10.010203
1500080007431,4.121848,-0.12925656,8.765511
1500080007494,4.275041,0.25372586,8.487848
1500080007558,4.610151,0.78990126,8.152739
1500080007622,4.3803616,0.014361841,8.018694
1500080007685,3.758015,-0.3111732,8.296356
1500080007749,3.9207826,0.512239,7.7314577
1500080007813,3.7484405,1.2686293,7.2910275
1500080007877,3.5665238,1.383524,7.4250717
1500080007940,4.016528,1.0675635,7.961247
1500080008004,4.5622783,1.2111819,8.277207
1500080008068,4.8973875,0.9718179,8.487848
1500080008132,5.17505,1.1058618,8.44955
1500080008195,5.0601554,0.6271337,9.196365
1500080008259,4.0356774,0.25372586,10.239992
1500080008323,3.8154624,0.12925656,9.5889225
1500080008386,4.150572,0.6271337,9.100619
1500080008450,4.2941904,0.40691882,8.880404
1500080008514,4.4856815,-0.54096264,8.794233
1500080008577,4.4856815,-0.18670394,8.056993
1500080008641,3.9016335,-0.22500217,8.171887
1500080008705,3.604822,0.34947145,7.999545
1500080008769,3.758015,0.63670826,7.243155
1500080008832,3.4420545,0.20585304,7.769756
1500080008896,4.016528,0.34947145,7.741032
1500080008961,4.868664,0.5888355,7.8846507
1500080009025,4.9452605,-0.09095833,8.459125
1500080009087,5.261221,0.13883112,8.564445
1500080009151,5.2899446,-0.10053288,8.708063
1500080009215,4.8590894,-0.25372586,9.20594
1500080009278,4.581427,-0.062234644,9.3878565
1500080009342,4.0931244,-0.081383765,9.407005
1500080009406,4.1792955,-0.5313881,9.608071
1500080009469,3.9782298,-0.6079846,9.464453
1500080009533,4.131423,0.11968201,8.478273
1500080009597,4.1601467,0.023936402,8.353804
1500080009661,3.6431203,-0.014361841,8.822957
1500080009724,3.384607,-0.16755481,8.353804
1500080009788,3.499502,0.36862057,8.171887
1500080009852,3.6814184,0.8281995,7.511243
1500080009915,4.2175937,0.9622433,7.56869
1500080009979,4.0931244,0.78032666,8.056993
1500080010043,4.1601467,0.78032666,8.296356
1500080010107,4.1888704,0.39734426,8.526146
1500080010170,4.275041,0.25372586,8.813383
1500080010234,4.437809,0.63670826,9.234664
1500080010298,4.236743,0.50266445,10.058076
1500080010361,4.198445,0.13883112,10.374036
1500080010425,4.476107,0.110107444,9.445304
1500080010489,4.7250457,-0.42606795,9.004874
1500080010553,4.619725,-0.8186249,8.583593
1500080010616,5.0505805,-0.6079846,7.875076
1500080010680,5.4718614,-0.25372586,7.137835
1500080010744,5.653778,-0.2154276,6.7357035
1500080010807,5.6250544,-0.4164934,6.3431463
1500080010871,5.8931417,-1.0484143,6.1612296
1500080010935,6.1420803,-1.2399056,5.6633525
1500080010999,6.438892,-0.56011176,5.806971
1500080011062,7.176133,-0.64628285,6.2665496
1500080011126,7.9420977,-1.5750152,6.592085
1500080011190,7.9708214,-1.5750152,6.1420803
1500080011255,8.171887,-1.4984187,5.941015
1500080011317,8.392102,-2.0058703,5.529309
1500080011381,8.229335,-2.1207652,5.328243
1500080011445,8.296356,-2.2260852,6.850598
1500080011508,7.9516726,-1.9101248,6.0080366
1500080011572,7.56869,-1.2016073,5.567607
1500080011636,7.9420977,-0.78990126,5.8931417
1500080011699,7.8846507,-0.18670394,5.6633525
1500080011763,7.9899707,-0.77075213,5.6154795
1500080011827,7.769756,-0.45479164,5.7208
1500080011890,7.156984,0.15798025,5.7495236
1500080011954,7.4537954,-0.2154276,5.232497
1500080012018,7.788905,-0.15798025,5.4048395
1500080012082,7.788905,-1.2207564,5.28037
1500080012145,7.2718787,-1.8143792,5.8644185
1500080012209,7.2910275,-1.5271424,6.7069798
1500080012274,6.697405,-1.5175679,5.9218655
1500080012336,6.630383,-2.4175766,5.988888
1500080012409,7.3006024,-1.9101248,6.764427
1500080012464,8.171887,-1.9771467,6.8410234
1500080012528,7.7793303,-2.0250196,6.783576
1500080012591,7.2623043,-1.1154363,6.0463347
1500080012655,7.1857076,-0.359046,5.9697385
1500080012719,7.204857,-0.77075213,5.500585
1500080012782,7.5208173,-0.92394507,5.8548436
1500080012846,7.6261373,-0.5505372,6.151655
1500080012910,7.46337,-1.2494801,5.8644185
1500080012974,6.936769,-0.61755913,5.8165455
1500080013037,6.869747,-1.0388398,5.529309
1500080013101,6.8793216,-1.0675635,5.567607
1500080013165,6.9559183,-0.8664977,5.787822
1500080013229,7.156984,-0.359046,5.3952646
1500080013292,7.549541,-0.5792609,5.1176023
1500080013356,7.7793303,-1.2782038,6.0080366
1500080013420,8.717637,-1.9675722,5.519734
1500080013483,8.995299,-2.1782124,4.8207912
1500080013547,8.918703,-1.4984187,5.692076
1500080013611,8.23891,-1.0005416,6.6495323
1500080013676,8.5740185,-1.3356512,6.1995277
1500080013738,9.225089,-0.6750065,6.611234
1500080013802,8.822957,-0.8090504,6.4484663
1500080013866,7.9325233,-0.91437054,5.9697385
1500080013929,7.3867736,-0.99096704,5.3378177
1500080013993,6.639958,-0.99096704,4.849515
1500080014057,6.5059137,-0.3877697,4.8303657
1500080014120,6.668681,-0.20585304,4.5239797
1500080014184,7.0133657,-0.03351096,4.8782387
1500080014248,7.654861,-0.09095833,5.3378177
1500080014311,8.085716,-0.3398969,5.605905
1500080014375,8.181462,-0.34947145,5.998462
1500080014440,8.277207,-0.26330042,6.0750585
1500080014504,8.593168,-0.19627848,6.113357
1500080014566,8.736787,-0.23457673,6.151655
1500080014630,8.995299,-0.23457673,6.151655
1500080014694,8.832532,-0.13883112,6.2761245
1500080014758,8.4686985,-0.3877697,6.0559096
1500080014821,7.808054,-0.8090504,5.5580325
1500080014885,7.2240057,-0.8760723,5.414414
1500080014949,6.936769,-0.5313881,5.146326
1500080015012,6.898471,-0.56011176,4.96441
1500080015076,6.9654927,-0.6750065,4.696322
1500080015140,6.9463434,-0.5505372,4.993133
1500080015204,7.3867736,-0.4356425,5.079304
1500080015267,8.028269,-0.33032233,5.366541
1500080015331,8.2676325,-0.19627848,5.912291
1500080015395,8.631466,-0.30159867,5.960164
1500080015458,8.832532,-0.6079846,6.0846334
1500080015522,8.803808,-0.7324539,6.47719
1500080015586,9.014449,-0.5792609,6.333572
1500080015650,8.641041,-0.63670826,6.1995277
1500080015714,7.9899707,-0.8664977,5.8835673
1500080015777,7.329326,-0.8186249,5.5580325
1500080015841,7.2240057,-0.7420284,5.347392
1500080015905,6.9654927,-0.8952214,4.935686
1500080015968,6.936769,-0.78990126,4.849515
1500080016032,6.9271946,-0.59841,4.5527034
1500080016096,7.281453,-0.25372586,5.0122824
1500080016159,7.6261373,-0.40691882,5.222923
1500080016223,7.8655014,-0.45479164,5.586756
1500080016287,7.9803963,-0.6079846,5.7686725
1500080016351,8.056993,-0.93351966,5.988888
1500080016414,8.411251,-1.0675635,6.0846334
1500080016478,8.526146,-1.0101161,6.256975
1500080016542,8.851681,-0.6558574,6.639958
1500080016605,9.158067,-0.50266445,6.391019
1500080016669,8.880404,-0.8090504,6.410168
1500080016733,8.258059,-1.2111819,6.0559096
1500080016797,7.587839,-0.90479594,5.1367517
1500080016860,6.9942164,-0.56011176,4.619725
1500080016924,6.869747,-0.4356425,5.0505805
1500080016988,7.2718787,-0.56011176,4.96441
1500080017051,7.204857,-0.44521707,5.002708
1500080017115,7.4059224,-0.665432,4.73462
1500080017179,7.6261373,-0.8473486,5.0122824
1500080017243,7.808054,-0.90479594,5.2133484
1500080017306,8.056993,-0.63670826,5.4431376
1500080017370,8.047418,-0.63670826,5.49101
1500080017434,8.258059,-0.6845811,6.180379
1500080017497,8.5740185,-0.77075213,6.170804
1500080017561,9.091045,-0.8473486,6.515488
1500080017625,8.928278,-1.3548003,6.4293175
1500080017689,8.439975,-1.7377827,6.2474008
1500080017752,8.047418,-1.6037389,6.0463347
1500080017816,7.6740103,-1.0771381,5.5484576
1500080017881,7.3197513,-0.6271337,5.2133484
1500080017944,7.46337,-0.4164934,5.1846247
1500080018008,7.12826,-0.76117754,5.06973
1500080018071,6.9463434,-0.64628285,4.96441
1500080018135,7.089962,-0.23457673,4.8590894
1500080018198,7.3197513,-0.3111732,5.414414
1500080018262,7.769756,-0.64628285,5.4431376
1500080018326,8.248484,-0.49308985,5.155901
1500080018389,8.439975,-0.751603,5.5963306
1500080018453,7.8655014,-0.9718179,5.979313
1500080018517,8.047418,-0.44521707,5.7303743
1500080018580,8.200611,-0.5505372,5.7495236
1500080018644,8.32508,-0.63670826,6.0080366
1500080018708,8.736787,-0.59841,6.1899533
1500080018772,8.957002,-0.50266445,6.2474008
1500080018835,8.736787,-1.1824582,6.47719
1500080018899,8.497422,-1.5941644,6.4293175
1500080018963,8.583593,-1.4505459,5.605905
1500080019027,7.855927,-1.4218222,5.3186684
1500080019090,7.2144313,-1.1920328,5.146326
1500080019154,7.3389006,-0.7994758,5.088879
1500080019218,7.310177,-0.8473486,4.83994
1500080019281,7.137835,-0.8281995,4.993133
1500080019345,7.0612383,-0.5218136,4.73462
1500080019409,6.936769,0.00478728,4.7441945
1500080019472,6.391019,0.16755481,4.7250457
1500080019536,6.639958,0.11968201,4.476107
1500080019600,5.82612,-0.78032666,6.3144226
1500080019664,4.3707867,-2.475024,6.6495323
1500080019727,4.6005764,-2.88673,4.437809
1500080019791,4.198445,-1.8909757,5.155901
1500080019855,3.8824842,-0.34947145,5.8835673
1500080019918,3.5473747,-1.6994845,6.0367603
1500080019982,3.8729098,-3.3750327,7.664436
1500080020046,5.912291,-4.543129,7.482519
1500080020109,5.328243,-5.6633525,9.004874
1500080020173,4.887813,-8.784659,7.8272033
1500080020237,3.3558834,-9.62722,4.916537
1500080020301,1.7569319,-13.02619,3.7388659
1500080020364,0.8952214,-12.643207,1.3452257
1500080020428,-0.76117754,-11.28362,1.6133134
1500080020492,-0.91437054,-11.331492,2.3697038
1500080020555,-2.7814097,-10.603826,5.845269
1500080020619,-3.4899273,-8.842107,6.7357035
1500080020683,-1.709059,-8.957002,7.587839
1500080020747,-0.014361841,-9.177217,5.1654754
1500080020810,0.90479594,-9.713391,1.6420372
1500080020874,1.0101161,-10.134672,-0.5218136
1500080020938,0.8186249,-8.822957,-0.7420284
1500080021001,0.59841,-9.349558,-0.8281995
1500080021065,-1.2590547,-11.475111,1.7282082
1500080021129,-3.384607,-11.953838,4.6293
1500080021193,-4.4090853,-10.268716,6.4197426
1500080021256,-4.284616,-12.681505,5.979313
1500080021320,-5.328243,-7.616563,7.482519
1500080021384,-3.6431203,-4.763344,7.693159
1500080021447,-2.7239625,-5.739949,4.2941904
1500080021511,-0.751603,-5.49101,3.9207826
1500080021575,-0.39734426,-6.170804,5.328243
1500080021639,-2.321831,-8.526146,7.042089
1500080021702,-3.8154624,-6.0080366,6.47719
1500080021766,-3.2601378,-4.83994,5.4718614
1500080021830,-2.6569405,-7.846352,5.5580325
1500080021893,-2.6377914,-7.4250717,6.764427
1500080021957,-1.776081,-6.0367603,7.4154973
1500080022021,-0.110107444,-8.210186,6.783576
1500080022085,0.512239,-8.497422,7.0325146
1500080022148,0.59841,-7.3389006,6.5346375
1500080022212,0.9622433,-6.8122997,5.9027166
1500080022276,0.45479164,-6.458041,6.898471
1500080022339,0.15798025,-5.519734,7.9420977
1500080022404,0.25372586,-4.275041,8.526146
1500080022467,-1.5558661,-3.6622694,7.5399666
1500080022531,-1.6994845,-4.5622783,9.196365
1500080022594,-1.8526775,-1.14416,9.655944
1500080022658,-3.1356685,-3.8537605,8.124015
1500080022722,-4.342063,0.03351096,9.20594
1500080022785,-5.328243,-0.6271337,5.806971
1500080022849,-11.791071,-1.2877784,6.9559183
1500080022913,-4.3612123,-1.2877784,7.855927
1500080022976,-4.3133397,-4.7920675,6.285699
1500080023040,-6.668681,-1.6994845,7.396348
1500080023104,-5.0984535,-1.9771467,7.7123084
1500080023168,-5.941015,-1.4984187,7.35805
1500080023231,-5.979313,-0.9430942,7.4537954
1500080023295,-6.563361,-0.665432,6.3814445
1500080023359,-7.243155,1.0579889,6.592085
1500080023422,-7.6069884,1.3356512,5.7782474
1500080023486,-7.8272033,1.6420372,5.462287
1500080023550,-7.961247,1.5271424,5.079304
1500080023614,-8.133589,1.4792696,4.658024
1500080023677,-8.210186,1.3643749,4.504831
1500080023741,-8.200611,1.3165021,4.6293
1500080023805,-8.152739,1.2303311,4.763344
1500080023868,-8.124015,1.1824582,4.96441
1500080023932,-8.143164,1.1345854,5.0505805
1500080023996,-8.056993,0.50266445,4.916537
1500080024060,-7.8176284,0.110107444,5.2516465
1500080024123,-7.396348,-0.19627848,5.9027166
1500080024188,-6.678256,-1.0867126,6.4484663
1500080024252,-5.9027166,-1.6994845,7.1186857
1500080024316,-5.2516465,-2.3026817,7.6835847
1500080024378,-4.926111,-2.254809,8.535721
1500080024442,-4.5239797,-2.9824755,7.5591154
1500080024506,-4.1409974,-3.1548176,7.808054
1500080024569,-3.5473747,-2.9250283,8.315506
1500080024633,-2.7909844,-2.819708,8.698488
1500080024697,-2.321831,-2.7814097,8.813383
1500080024760,-2.3314054,-1.5845897,9.407005
1500080024824,-2.2835326,-1.469695,9.320834
1500080024888,-2.4463003,-1.622888,9.148493
1500080024952,-3.2984362,-0.09095833,9.799562
1500080025015,-3.6431203,-1.5941644,9.493176
1500080025079,-3.384607,-6.323997,6.9559183
1500080025143,-5.299519,-4.782493,6.2952733
1500080025207,-2.3888528,-5.605905,6.7261286
1500080025270,-2.5516202,-2.972901,9.397431
1500080025334,-1.383524,-3.1643922,8.889979
1500080025397,-1.2399056,-4.0931244,8.5740185
1500080025461,-0.512239,-4.5910015,7.7506065
1500080025525,-0.4164934,-5.82612,7.4059224
1500080025589,1.862252,-8.583593,7.56869
1500080025652,1.8431029,-5.481436,7.2527294
1500080025716,-2.8771553,-3.7484405,9.272962
1500080025780,-4.08355,-3.0111992,8.966576
1500080025843,-1.8335283,-4.0644007,8.679339
1500080025907,-1.1345854,-5.079304,7.9133744
1500080025971,-3.2218397,-3.7292912,7.6740103
1500080026035,-2.7718353,-4.2080193,9.024023
1500080026098,-1.3548003,-4.9835587,7.702734
1500080026162,-2.9250283,-4.456958,7.654861
1500080026226,-3.6622694,-3.5473747,8.966576
1500080026290,-2.1782124,-4.2463174,8.334655
1500080026353,-2.6282167,-4.504831,8.143164
1500080026417,-3.4612036,-3.7197168,8.104865
1500080026481,-3.1069448,-4.0356774,8.104865
1500080026544,-3.039923,-3.825037,7.846352
1500080026608,-3.1069448,-3.7388659,8.095291
1500080026672,-3.1548176,-3.173967,8.602742
1500080026736,-4.150572,-3.2697124,8.985725
1500080026799,-4.772918,-2.2260852,7.511243
1500080026863,-3.346309,-3.0016246,8.4686985
1500080026927,-3.6526947,-2.972901,8.4686985
1500080026990,-3.5378,-3.1643922,8.34423
1500080027054,-3.671844,-2.6760898,8.21976
1500080027118,-3.1548176,-3.4899273,8.353804
1500080027182,-3.4420545,-2.5994933,8.679339
1500080027246,-3.1165195,-3.6335456,8.2676325
1500080027309,-3.0877957,-3.6431203,8.229335
1500080027374,-2.9441774,-3.2026904,8.631466
1500080027436,-2.7431116,-3.8058877,8.411251
1500080027501,-3.0111992,-3.4803526,8.516571
1500080027564,-2.475024,-4.0069537,8.392102
1500080027628,-2.5420458,-4.2463174,7.9803963
1500080027691,-2.513322,-4.131423,8.258059
1500080027755,-2.5228968,-4.121848,8.401677
1500080027819,-2.4845984,-4.016528,8.401677
1500080027882,-2.360129,-4.121848,8.44955
1500080027946,-2.3792782,-4.150572,8.372953
1500080028010,-2.4367256,-4.1888704,8.258059
1500080028074,-2.4175766,-4.1792955,8.353804
1500080028137,-2.4463003,-4.0356774,8.430401
1500080028201,-2.475024,-4.08355,8.392102
1500080028265,-2.3984275,-4.169721,8.2676325
1500080028329,-2.3888528,-4.1409974,8.372953
1500080028392,-2.321831,-4.1026993,8.459125
1500080028456,-2.714388,-3.7675896,8.545295
1500080028520,-2.6186423,-4.0644007,8.382527
1500080028583,-2.7431116,-3.9782298,8.420826
1500080028647,-2.7431116,-4.0931244,8.2676325
1500080028711,-3.059072,-3.8729098,8.124015
1500080028775,-2.5994933,-3.8537605,8.372953
1500080028838,-3.0686467,-3.8346114,8.085716
1500080028902,-3.3271596,-3.4612036,8.392102
1500080028966,-3.0973704,-3.8824842,8.018694
1500080029029,-3.173967,-3.6622694,8.1623125
1500080029093,-3.3558834,-3.8633351,8.018694
1500080029157,-3.212265,-4.0261025,8.00912
1500080029220,-3.1835413,-3.9878044,8.085716
1500080029285,-3.3080106,-3.9590807,8.210186
1500080029349,-3.2792869,-4.3324885,8.1623125
1500080029412,-2.8771553,-4.1792955,8.11444
1500080029476,-3.0877957,-4.3133397,7.855927
1500080029540,-3.3750327,-4.3707867,7.769756
1500080029603,-3.2026904,-4.868664,7.702734
1500080029667,-3.1452432,-4.5239797,8.047418
1500080029730,-3.0303483,-4.954835,7.654861
1500080029794,-3.2218397,-5.28037,7.3006024
1500080029858,-2.9824755,-5.28037,7.511243
1500080029921,-3.0973704,-5.146326,7.5974135
1500080029985,-3.1452432,-4.935686,7.769756
1500080030049,-3.193116,-4.9739842,7.6835847
1500080030113,-3.126094,-5.06973,7.310177
1500080030176,-3.231414,-5.222923,7.56869
1500080030240,-4.169721,-4.456958,8.392102
1500080030304,-4.6388745,-4.1122737,6.984642
1500080030368,-5.9314404,-3.5473747,6.4005938
1500080030431,-5.739949,-4.1026993,6.256975
1500080030495,-5.797396,-4.763344,6.544212
1500080030559,-7.2623043,-0.20585304,6.984642
1500080030622,-5.950589,-2.3026817,6.639958
1500080030686,-6.9271946,-1.383524,6.5825105
1500080030750,-6.3527207,-1.2399056,6.9942164
1500080030814,-6.027186,-1.2016073,6.630383
1500080030877,-6.8027253,-2.2069361,6.8888965
1500080030941,-6.1995277,-2.4463003,6.218677
1500080031005,-7.243155,-1.2303311,6.5059137
1500080031068,-6.2761245,-0.77075213,6.323997
1500080031132,-7.0325146,-1.4313968,6.4484663
1500080031196,-6.611234,-2.2069361,6.6016593
1500080031260,-6.678256,-2.0920415,6.898471
1500080031323,-6.8027253,-1.6611862,6.5729356
1500080031387,-6.525063,-1.5462915,6.170804
1500080031451,-6.4963393,-0.5218136,5.998462
1500080031515,-7.1186857,-1.7856555,6.9463434
1500080031578,-6.639958,-3.8154624,6.47719
1500080031642,-6.850598,-2.2931073,6.630383
1500080031706,-6.285699,-2.6282167,6.898471
1500080031769,-6.6495323,-2.7239625,6.3144226
1500080031833,-6.4197426,-3.4420545,6.256975
1500080031897,-6.2761245,-3.039923,6.410168
1500080031960,-6.065484,-3.078221,6.5059137
1500080032024,-5.759098,-4.1601467,6.391019
1500080032088,-6.285699,-3.173967,6.592085
1500080032151,-6.017611,-3.4803526,7.1474094
1500080032215,-6.0367603,-3.2026904,6.6495323
1500080032279,-6.285699,-2.9346027,6.2378263
1500080032344,-5.759098,-4.0548263,6.639958
1500080032407,-5.309094,-5.108028,6.3814445
1500080032471,-5.3186684,-5.38569,5.7495236
1500080032534,-6.0750585,-4.456958,6.180379
1500080032598,-5.653778,-4.8303657,6.113357
1500080032661,-5.5963306,-4.801642,5.979313
1500080032725,-5.7016506,-4.696322,5.979313
1500080032789,-6.027186,-4.1026993,6.697405
1500080032852,-5.9314404,-4.3612123,6.103782
1500080032916,-5.759098,-4.6005764,6.0463347
1500080032980,-6.515488,-4.0261025,6.3431463
1500080033044,-6.3622956,-4.2654667,5.5963306
1500080033107,-6.37187,-3.911208,6.113357
1500080033171,-5.979313,-4.5144053,6.1420803
1500080033235,-6.611234,-3.6143966,6.4293175
1500080033298,-6.256975,-3.9686553,6.391019
1500080033362,-6.027186,-3.212265,6.027186
1500080033426,-6.458041,-2.561195,6.7740016
1500080033490,-6.2091026,-2.666515,6.304848
1500080033553,-6.1995277,-3.1165195,6.2474008
1500080033617,-5.950589,-3.039923,6.6208086
1500080033681,-5.2899446,-3.5090764,7.396348
1500080033744,-4.7250457,-3.499502,7.6740103
1500080033808,-4.0739756,-3.5760984,7.8367777
1500080033872,-3.9016335,-3.3558834,8.037844
1500080033935,-4.0548263,-3.1643922,8.765511
1500080033999,-3.1835413,-4.8973875,7.8655014
1500080034063,-3.6239712,-4.8782387,7.329326
1500080034127,-3.7388659,-4.9739842,7.195282
1500080034190,-3.7101421,-5.002708,7.4442205
1500080034254,-3.7388659,-4.935686,7.3867736
1500080034318,-3.604822,-5.1654754,7.243155
1500080034382,-3.4803526,-5.4048395,7.204857
1500080034445,-3.5665238,-5.146326,7.5303917
1500080034509,-3.1356685,-5.538883,7.1857076
1500080034573,-3.4707782,-5.3378177,7.310177
1500080034636,-3.5665238,-5.347392,7.1474094
1500080034700,-3.4612036,-5.49101,7.0803876
1500080034764,-3.499502,-5.519734,7.0708127
1500080034827,-3.4037561,-5.519734,7.3197513
1500080034891,-3.5856729,-5.194199,7.195282
1500080034955,-3.6335456,-5.299519,7.195282
1500080035019,-3.518651,-5.433563,7.1186857
1500080035082,-3.4707782,-5.433563,7.2623043
1500080035146,-3.5952475,-5.309094,7.281453
1500080035210,-3.604822,-5.2899446,7.1091113
1500080035274,-3.5856729,-5.2516465,7.2335806
1500080035337,-3.451629,-5.2516465,7.2910275
1500080035401,-3.4612036,-5.2420716,7.3676243
1500080035465,-3.4612036,-5.366541,7.281453
1500080035528,-3.499502,-5.5101595,7.0612383
1500080035592,-3.5569491,-5.538883,7.0612383
1500080035656,-3.518651,-5.481436,7.051664
1500080035719,-3.5473747,-5.481436,7.2240057
1500080035783,-3.5760984,-5.452712,7.2240057
1500080035847,-3.690993,-5.4239883,7.0133657
1500080035911,-3.7963133,-5.519734,6.8888965
1500080035974,-3.8537605,-5.49101,6.8793216
1500080036038,-3.758015,-5.5771813,6.9654927
1500080036102,-3.7388659,-5.433563,7.0803876
1500080036166,-3.7101421,-5.5580325,7.1091113
1500080036229,-3.8824842,-5.1367517,7.0133657
1500080036293,-3.758015,-5.1846247,7.1857076
1500080036357,-3.5760984,-5.3186684,7.2335806
1500080036420,-3.6431203,-5.481436,7.0612383
1500080036484,-3.5665238,-5.5771813,7.0708127
1500080036548,-3.6143966,-5.4239883,7.176133
1500080036611,-3.6239712,-5.347392,7.176133
1500080036675,-3.6335456,-5.4048395,7.051664
1500080036739,-3.6335456,-5.4718614,7.0803876
1500080036803,-3.671844,-5.500585,6.984642
1500080036866,-3.7867386,-5.3186684,7.156984
1500080036930,-3.604822,-5.538883,7.1186857
1500080036994,-3.8154624,-5.414414,6.8793216
1500080037057,-3.5473747,-5.605905,7.042089
1500080037121,-3.5282254,-5.261221,7.348475
1500080037185,-3.4612036,-5.376116,7.4059224
1500080037249,-3.5760984,-5.299519,7.051664
1500080037312,-3.8154624,-5.232497,6.8027253
1500080037376,-3.7675896,-5.1654754,7.2240057
1500080037441,-3.6335456,-5.1367517,7.2144313
1500080037512,-3.4803526,-5.4239883,7.0995364
1500080037567,-3.4707782,-5.1654754,7.4442205
1500080037631,-3.212265,-4.581427,8.104865
1500080037695,-3.5378,-4.1601467,8.11444
1500080037758,-3.346309,-4.4856815,7.6452866
1500080037822,-3.231414,-5.002708,7.2527294
1500080037886,-3.9782298,-4.0644007,8.00912
1500080037949,-3.365458,-4.0261025,8.210186
1500080038013,-4.0261025,-3.4229054,8.382527
1500080038077,-3.9686553,-3.777164,7.664436
1500080038141,-3.690993,-4.3324885,7.6835847
1500080038205,-3.9399316,-4.016528,7.8367777
1500080038269,-3.8154624,-4.2080193,7.7601814
1500080038332,-3.8824842,-4.045252,7.7506065
1500080038404,-3.8633351,-4.2463174,7.7506065
1500080038459,-4.08355,-4.08355,7.875076
1500080038523,-4.1409974,-3.758015,7.7984796
1500080038587,-4.7537694,-3.5473747,7.7601814
1500080038650,-3.5378,-5.7016506,6.764427
1500080038714,-4.9452605,-4.284616,7.3197513
1500080038778,-4.9739842,-3.8346114,7.693159
1500080038842,-4.9739842,-1.8048047,7.6452866
1500080038905,-4.4473834,-3.0111992,7.9516726
1500080038969,-4.715471,-2.972901,7.511243
1500080039033,-4.9452605,-2.9441774,7.7984796
1500080039096,-4.782493,-3.911208,8.124015
1500080039160,-4.5622783,-2.88673,7.7506065
1500080039224,-4.935686,-2.5707695,7.635712
1500080039288,-4.5910015,-3.2984362,7.35805
1500080039351,-4.619725,-3.2505634,7.587839
1500080039415,-4.610151,-2.5899186,7.4059224
1500080039480,-4.428234,-3.3750327,7.788905
1500080039543,-4.351638,-3.5473747,8.1623125
1500080039606,-4.5622783,-2.9537518,7.846352
1500080039679,-4.5527034,-3.2601378,7.855927
1500080039734,-4.428234,-3.0494976,7.434646
1500080039797,-4.351638,-2.8292825,7.176133
1500080039861,-4.476107,-3.5665238,8.2676325
1500080039925,-3.758015,-4.476107,7.9325233
1500080039988,-4.3995104,-4.131423,7.7793303
1500080040052,-4.351638,-3.911208,7.616563
1500080040117,-3.8537605,-4.610151,7.549541
1500080040180,-3.777164,-4.887813,7.3867736
1500080040243,-3.7388659,-4.8973875,7.396348
1500080040307,-3.4899273,-5.194199,7.4537954
1500080040371,-4.0356774,-3.8537605,7.6069884
1500080040435,-3.7675896,-4.3612123,7.5303917
1500080040498,-3.173967,-5.8165455,7.156984
1500080040562,-3.6622694,-5.021857,7.56869
1500080040626,-3.3941817,-5.1367517,7.396348
1500080040689,-3.4420545,-4.696322,7.741032
1500080040753,-3.7101421,-4.2558923,7.741032
1500080040817,-3.3080106,-4.4856815,7.8176284
1500080040881,-3.0303483,-5.0122824,7.7123084
1500080040944,-3.384607,-4.6675982,7.7123084
1500080041008,-3.212265,-4.782493,7.741032
1500080041072,-3.2026904,-4.849515,7.5974135
1500080041135,-3.1643922,-4.801642,7.702734
1500080041199,-3.1165195,-4.782493,7.8176284
1500080041263,-3.2409887,-4.658024,7.894225
1500080041326,-2.8963046,-5.3186684,7.4729443
1500080041390,-3.2409887,-4.9452605,7.6740103
1500080041454,-2.867581,-5.529309,7.1186857
1500080041518,-3.231414,-5.222923,7.5591154
1500080041581,-2.5228968,-5.82612,7.4250717
1500080041645,-2.8388572,-5.672927,7.5399666
1500080041709,-2.8388572,-4.993133,7.3867736
1500080041772,-2.800559,-4.935686,7.7123084
1500080041836,-2.9633265,-4.5718527,8.085716
1500080041900,-2.7909844,-4.9452605,7.741032
1500080041964,-3.0016246,-4.7920675,7.788905
1500080042027,-3.0973704,-4.476107,7.9803963
1500080042091,-3.365458,-4.6675982,8.277207
1500080042155,-3.1356685,-6.1899533,7.137835
1500080042218,-3.2218397,-3.930357,8.995299
1500080042282,-0.7228793,-7.7506065,8.191036
1500080042346,0.9430942,-3.0494976,9.397431
1500080042410,1.0005416,-2.2356598,8.056993
1500080042473,-0.0718092,-4.916537,7.1665583
1500080042537,-1.5175679,-5.0984535,7.702734
1500080042601,-3.3750327,-3.8346114,5.5484576
1500080042665,-8.497422,-6.170804,10.986808
1500080042728,-4.5718527,-0.78032666,6.2665496
1500080042792,-1.3930986,-7.46337,7.348475
1500080042856,-2.2835326,-5.1654754,8.305931
1500080042919,-3.1165195,-5.261221,7.769756
1500080042983,-3.2792869,-4.0261025,7.702734
1500080043047,-3.0016246,-5.1654754,7.6740103
1500080043110,-2.6856642,-5.0984535,7.5208173
1500080043174,-2.9824755,-4.993133,7.616563
1500080043238,-2.8388572,-5.2133484,7.8367777
1500080043303,-2.9154537,-5.309094,7.7793303
1500080043366,-2.5994933,-5.4718614,7.434646
1500080043438,-2.8580062,-5.28037,7.310177
1500080043493,-2.7048132,-5.500585,7.5399666
1500080043557,-2.7239625,-5.3569665,7.7314577
1500080043620,-2.494173,-5.462287,7.6261373
1500080043684,-2.6952388,-5.5101595,7.5399666
1500080043748,-2.475024,-5.481436,7.501668
1500080043812,-2.819708,-5.108028,7.5399666
1500080043875,-2.6760898,-5.1367517,7.6740103
1500080043939,-2.6377914,-5.376116,7.587839
1500080044003,-2.647366,-5.28037,7.693159
1500080044066,-2.6569405,-5.232497,7.664436
1500080044130,-2.6856642,-5.0505805,7.693159
1500080044194,-2.6090677,-5.232497,7.5974135
1500080044257,-2.647366,-5.3186684,7.635712
1500080044321,-2.561195,-5.5771813,7.46337
1500080044385,-2.7909844,-5.261221,7.664436
1500080044449,-2.5420458,-5.481436,7.5208173
