1500081075804,-5.0122824,-8.861256,0.8856468
1500081075868,-5.2707953,-8.9761505,0.20585304
1500081075933,-5.519734,-8.152739,0.28244954
1500081075997,-5.2707953,-8.095291,0.5218136
1500081076068,-5.3186684,-8.23891,0.70373017
1500081076124,-4.993133,-9.158067,0.32074776
1500081076188,-4.6293,-9.253813,-0.2154276
1500081076251,-5.155901,-7.501668,1.1058618
1500081076315,-5.49101,-7.281453,1.2686293
1500081076379,-5.634629,-7.9708214,0.8090504
1500081076443,-5.4048395,-8.746361,0.7228793
1500081076507,-5.155901,-8.104865,0.3398969
1500081076571,-5.4718614,-7.396348,0.83777404
1500081076635,-5.6633525,-7.702734,0.5792609
1500081076698,-5.759098,-7.7506065,0.50266445
1500081076762,-5.759098,-9.024023,0.09095833
1500081076826,-5.682502,-8.641041,-0.09095833
1500081076890,-5.376116,-7.3006024,0.83777404
1500081076954,-5.5580325,-7.0612383,0.56968635
1500081077018,-5.806971,-7.635712,0.7228793
1500081077082,-5.4239883,-8.487848,1.0484143
1500081077145,-4.5622783,-8.995299,0.5505372
1500081077209,-4.926111,-8.727212,0.5505372
1500081077273,-5.3569665,-8.095291,1.0101161
1500081077337,-5.38569,-7.9899707,0.99096704
1500081077401,-5.4718614,-8.028269,0.5505372
1500081077465,-5.653778,-8.056993,0.46436617
1500081077529,-5.567607,-7.9803963,0.4164934
1500081077593,-5.6154795,-7.4920936,0.32074776
1500081077656,-5.912291,-7.999545,0.17712937
1500081077720,-5.759098,-8.21976,0.3111732
1500081077784,-5.38569,-8.028269,0.6558574
1500081077848,-4.926111,-8.55487,1.4313968
1500081077912,-4.9069624,-8.2676325,1.6803354
1500081077976,-5.232497,-8.210186,1.0675635
1500081078039,-5.682502,-8.133589,0.39734426
1500081078103,-5.806971,-8.200611,0.44521707
1500081078167,-5.806971,-8.085716,0.76117754
1500081078231,-5.82612,-7.6261373,1.0484143
1500081078295,-6.0846334,-7.2623043,1.1920328
1500081078359,-5.960164,-7.4537954,1.4505459
1500081078423,-5.5101595,-8.104865,1.79523
1500081078486,-5.4048395,-8.066567,2.408002
1500081078551,-5.500585,-7.8176284,2.5994933
1500081078614,-5.538883,-7.329326,2.3026817
1500081078678,-5.328243,-6.975067,2.513322
1500081078743,-4.9835587,-7.2144313,2.8963046
1500081078806,-5.1654754,-7.156984,3.2026904
1500081078870,-5.222923,-7.4537954,3.126094
1500081078934,-5.108028,-7.7793303,2.6952388
1500081078997,-5.108028,-8.1623125,2.513322
1500081079061,-5.0984535,-8.5740185,1.7665064
1500081079125,-5.4048395,-8.995299,1.0388398
1500081079189,-5.950589,-8.784659,0.0718092
1500081079253,-6.017611,-7.4729443,0.7994758
1500081079317,-5.8165455,-6.716554,1.7856555
1500081079381,-5.500585,-7.788905,1.1728836
1500081079445,-5.261221,-8.4686985,1.622888
1500081079508,-5.481436,-8.1623125,1.1920328
1500081079572,-5.692076,-7.6740103,1.2111819
1500081079636,-5.5963306,-7.9803963,0.9622433
1500081079700,-5.462287,-8.018694,1.5175679
1500081079764,-5.4431376,-7.999545,1.4313968
1500081079828,-5.605905,-7.922949,1.2973529
1500081079892,-5.6633525,-7.8176284,1.2590547
1500081079956,-5.653778,-7.894225,1.2782038
1500081080019,-5.519734,-7.9420977,1.4218222
1500081080083,-5.529309,-7.9516726,1.3165021
1500081080147,-5.605905,-7.9037995,1.2016073
1500081080220,-5.634629,-7.8655014,1.2016073
1500081080275,-5.6154795,-7.961247,1.0771381
1500081080339,-5.644203,-7.9325233,1.0005416
1500081080403,-5.653778,-7.8655014,1.1633091
1500081080466,-5.605905,-7.922949,1.0579889
1500081080530,-5.6154795,-7.8176284,1.3548003
1500081080594,-5.682502,-7.9133744,1.1824582
1500081080658,-5.6154795,-7.855927,1.2782038
1500081080723,-5.5963306,-7.8655014,1.2973529
1500081080786,-5.605905,-7.8655014,1.3260766
1500081080850,-5.6154795,-7.9516726,1.2973529
1500081080913,-5.567607,-7.9133744,1.2303311
1500081080977,-5.567607,-7.894225,1.3739494
1500081081041,-5.433563,-8.258059,1.3260766
1500081081106,-5.4239883,-7.788905,1.7186337
1500081081169,-5.5101595,-7.855927,1.4984187
1500081081233,-5.4239883,-7.9420977,1.79523
1500081081297,-5.4431376,-8.066567,1.6420372
1500081081361,-5.3569665,-7.9516726,1.7569319
1500081081424,-5.2516465,-7.9325233,1.8335283
1500081081488,-5.299519,-8.00912,1.9005502
1500081081552,-5.452712,-7.9420977,1.776081
1500081081616,-5.49101,-7.8846507,1.5462915
1500081081680,-5.3952646,-8.00912,1.6994845
1500081081744,-5.4431376,-7.8846507,1.8431029
1500081081808,-5.433563,-7.9708214,1.7186337
1500081081871,-5.4718614,-7.9037995,1.6899099
1500081081935,-5.49101,-7.9133744,1.6420372
1500081081999,-5.49101,-7.961247,1.6899099
1500081082063,-5.49101,-7.875076,1.6803354
1500081082127,-5.462287,-7.8846507,1.6133134
1500081082191,-5.500585,-7.9325233,1.6516117
1500081082255,-5.529309,-7.9037995,1.5750152
1500081082318,-5.49101,-7.894225,1.6611862
1500081082382,-5.481436,-7.922949,1.5175679
1500081082446,-5.5580325,-7.9133744,1.6324625
1500081082510,-5.519734,-7.999545,1.6420372
1500081082574,-5.5484576,-7.808054,1.4409714
1500081082638,-5.414414,-7.9708214,1.6133134
1500081082702,-5.529309,-7.7506065,1.5750152
1500081082766,-5.586756,-7.9420977,1.6803354
1500081082829,-5.5484576,-7.8655014,1.6803354
1500081082893,-5.529309,-7.8846507,1.6516117
1500081082957,-5.567607,-7.9037995,1.5750152
1500081083021,-5.567607,-7.875076,1.5845897
1500081083085,-5.5963306,-7.9325233,1.3165021
1500081083149,-5.586756,-7.8367777,1.4984187
1500081083213,-5.452712,-7.808054,2.254809
1500081083276,-5.4048395,-7.8655014,2.0058703
1500081083340,-5.49101,-7.846352,1.7665064
1500081083404,-5.519734,-7.961247,1.7856555
1500081083468,-5.5580325,-7.9037995,1.6037389
1500081083532,-5.567607,-7.7506065,1.709059
1500081083596,-5.49101,-7.9708214,1.6803354
1500081083660,-5.5101595,-7.8367777,2.0058703
1500081083723,-5.5101595,-7.846352,1.7665064
1500081083787,-5.5484576,-7.875076,1.6707608
1500081083851,-5.529309,-7.855927,1.7282082
1500081083915,-5.529309,-7.9516726,1.6133134
1500081083979,-5.481436,-7.846352,1.8431029
1500081084043,-5.481436,-7.9037995,1.622888
1500081084107,-5.500585,-7.894225,1.7473572
1500081084171,-5.538883,-7.922949,1.6611862
1500081084234,-5.49101,-7.8655014,1.6803354
1500081084298,-5.452712,-7.8846507,1.6803354
1500081084362,-5.49101,-7.9420977,1.6707608
1500081084426,-5.5484576,-7.8846507,1.6611862
1500081084490,-5.519734,-7.8655014,1.6516117
1500081084554,-5.519734,-7.894225,1.6420372
1500081084618,-5.538883,-7.9037995,1.6516117
1500081084681,-5.538883,-7.894225,1.6324625
1500081084745,-5.5101595,-7.8655014,1.622888
1500081084809,-5.49101,-7.894225,1.6420372
1500081084873,-5.567607,-7.922949,1.6324625
1500081084937,-5.5771813,-7.8367777,1.6133134
1500081085001,-5.538883,-7.8272033,1.5941644
1500081085065,-5.5484576,-7.9325233,1.6037389
1500081085129,-5.5580325,-7.8846507,1.6324625
1500081085201,-5.538883,-7.846352,1.6037389
1500081085256,-5.5484576,-7.875076,1.622888
1500081085320,-5.5580325,-7.875076,1.6324625
1500081085384,-5.567607,-7.9037995,1.5462915
1500081085448,-5.5580325,-7.8846507,1.5558661
1500081085512,-5.5101595,-7.8655014,1.6324625
1500081085575,-5.586756,-7.9325233,1.4888442
1500081085639,-5.5963306,-7.8655014,1.5750152
1500081085703,-5.567607,-7.8367777,1.5271424
1500081085767,-5.5580325,-7.9037995,1.5654407
1500081085831,-5.586756,-7.9037995,1.5175679
1500081085895,-5.5963306,-7.8655014,1.5079932
1500081085958,-5.567607,-7.875076,1.5462915
1500081086022,-5.567607,-7.894225,1.5750152
1500081086087,-5.5580325,-7.894225,1.5750152
1500081086151,-5.5580325,-7.8846507,1.5845897
1500081086215,-5.5101595,-7.875076,1.6133134
1500081086278,-5.49101,-7.922949,1.622888
1500081086342,-5.567607,-7.9133744,1.5845897
1500081086406,-5.538883,-7.875076,1.5941644
1500081086470,-5.4718614,-7.855927,1.7186337
1500081086533,-5.481436,-7.9516726,1.6707608
1500081086597,-5.49101,-7.855927,1.7473572
1500081086661,-5.4718614,-7.875076,1.6994845
1500081086725,-5.500585,-7.894225,1.7282082
1500081086789,-5.5101595,-7.9037995,1.6994845
1500081086853,-5.519734,-7.875076,1.7377827
1500081086916,-5.519734,-7.8655014,1.6899099
1500081086980,-5.49101,-7.894225,1.7186337
1500081087044,-5.5580325,-7.922949,1.6994845
1500081087108,-5.5484576,-7.8367777,1.6899099
1500081087172,-5.519734,-7.846352,1.7186337
1500081087236,-5.529309,-7.9325233,1.7186337
1500081087300,-5.538883,-7.8846507,1.622888
1500081087364,-5.529309,-7.8176284,1.6611862
1500081087427,-5.519734,-7.8846507,1.6707608
1500081087491,-5.519734,-7.922949,1.7186337
1500081087555,-5.5484576,-7.855927,1.6611862
1500081087619,-5.538883,-7.855927,1.6611862
1500081087683,-5.49101,-7.846352,1.7665064
1500081087747,-5.529309,-7.922949,1.6324625
1500081087811,-5.634629,-7.999545,1.2877784
1500081087874,-5.5771813,-7.7793303,1.9675722
1500081087938,-5.4431376,-7.8367777,1.5654407
1500081088002,-5.5771813,-7.922949,1.5367169
1500081088066,-5.6250544,-7.875076,1.2207564
1500081088130,-5.6250544,-7.9037995,1.2782038
1500081088194,-5.605905,-7.9325233,1.2590547
1500081088258,-5.6250544,-7.9420977,1.1250108
1500081088322,-5.653778,-7.875076,1.1058618
1500081088385,-5.634629,-7.9037995,0.9526688
1500081088449,-5.7112255,-7.9133744,0.6845811
1500081088513,-5.5580325,-7.7601814,2.0728924
1500081088577,-5.519734,-7.7314577,2.254809
1500081088641,-5.529309,-7.922949,1.5750152
1500081088705,-5.5484576,-7.8846507,1.5558661
1500081088768,-5.5484576,-7.9325233,1.0101161
1500081088832,-5.634629,-7.9516726,1.5845897
1500081088897,-5.462287,-7.7601814,2.0537431
1500081088960,-5.4718614,-7.961247,1.5462915
1500081089024,-5.5580325,-7.9037995,1.6516117
1500081089088,-5.5580325,-7.9037995,1.6037389
1500081089152,-5.4718614,-7.8272033,1.8335283
1500081089215,-5.481436,-7.8846507,1.6611862
1500081089279,-5.462287,-7.9133744,1.776081
1500081089343,-5.519734,-7.9037995,1.6420372
1500081089407,-5.5580325,-7.8272033,1.6899099
1500081089471,-5.519734,-7.8655014,1.6516117
1500081089535,-5.519734,-7.9133744,1.6803354
1500081089599,-5.567607,-7.894225,1.5271424
1500081089662,-5.567607,-7.8655014,1.622888
1500081089726,-5.538883,-7.9037995,1.7186337
1500081089790,-5.5484576,-7.875076,1.6611862
1500081089854,-5.5484576,-7.875076,1.4601204
1500081089918,-5.567607,-7.8176284,1.5654407
1500081089982,-5.586756,-7.9133744,1.2399056
1500081090045,-5.567607,-7.9037995,1.4026731
1500081090109,-5.5771813,-7.9037995,1.7377827
1500081090173,-5.5963306,-7.8846507,1.4601204
1500081090237,-5.586756,-7.8176284,1.6516117
1500081090301,-5.529309,-7.894225,1.5941644
1500081090365,-5.586756,-7.894225,1.5845897
1500081090429,-5.567607,-7.846352,1.5941644
1500081090493,-5.529309,-7.922949,1.5845897
1500081090557,-5.4718614,-7.8655014,1.8718265
1500081090620,-5.5771813,-7.922949,1.5941644
1500081090684,-5.529309,-7.875076,1.7282082
1500081090748,-5.452712,-7.8367777,1.9771467
1500081090812,-5.5101595,-7.8176284,2.0250196
1500081090877,-5.481436,-7.894225,1.5654407
1500081090939,-5.586756,-7.894225,1.5654407
1500081091003,-5.5963306,-7.8655014,1.7473572
1500081091067,-5.462287,-7.7984796,1.9579976
1500081091131,-5.49101,-7.9420977,1.776081
1500081091196,-5.567607,-7.8272033,1.79523
1500081091260,-5.500585,-7.8272033,1.8718265
1500081091332,-5.500585,-7.961247,1.8239537
1500081091387,-5.500585,-7.8367777,1.6707608
1500081091451,-5.500585,-7.855927,1.776081
1500081091514,-5.49101,-7.9133744,1.8335283
1500081091578,-5.481436,-7.894225,1.7665064
1500081091642,-5.5101595,-7.894225,1.7856555
1500081091706,-5.4239883,-7.9133744,1.7856555
1500081091770,-5.5484576,-7.8655014,1.7282082
1500081091834,-5.49101,-7.846352,1.7665064
1500081091897,-5.500585,-7.8846507,1.709059
1500081091961,-5.529309,-7.9325233,1.6803354
1500081092025,-5.5580325,-7.8846507,1.6803354
1500081092089,-5.5484576,-7.855927,1.6994845
1500081092153,-5.567607,-7.9133744,1.6324625
1500081092217,-5.5771813,-7.855927,1.6707608
1500081092281,-5.529309,-7.8655014,1.7282082
1500081092345,-5.529309,-7.788905,1.7473572
1500081092408,-5.5963306,-7.7793303,1.776081
1500081092472,-5.328243,-7.961247,1.4026731
1500081092536,-5.1846247,-7.961247,1.8048047
1500081092600,-5.3186684,-8.21976,1.79523
1500081092664,-5.8835673,-8.11444,1.4409714
1500081092728,-6.0463347,-7.9037995,1.3165021
1500081092792,-5.49101,-7.5782647,1.776081
1500081092855,-5.38569,-7.348475,1.7856555
1500081092919,-5.797396,-7.635712,1.4505459
1500081092983,-5.8548436,-7.693159,1.5750152
1500081093047,-5.7208,-7.8272033,1.6899099
1500081093111,-5.529309,-8.028269,1.6707608
1500081093175,-5.5580325,-7.7601814,1.776081
1500081093239,-5.1654754,-7.9708214,2.0441687
1500081093302,-4.9835587,-8.420826,2.0058703
1500081093366,-5.309094,-7.9803963,1.8335283
1500081093430,-5.7495236,-7.5591154,1.6994845
1500081093494,-5.797396,-7.788905,1.5558661
1500081093558,-5.538883,-7.9899707,1.3260766
1500081093622,-5.4048395,-7.9899707,1.5845897
1500081093686,-5.3186684,-8.056993,1.8239537
1500081093749,-5.414414,-8.076141,1.776081
1500081093813,-5.38569,-7.9133744,1.8718265
1500081093877,-5.414414,-7.9037995,1.6516117
1500081093941,-5.261221,-8.104865,0.9526688
1500081094005,-5.835695,-8.334655,0.76117754
1500081094068,-6.4293175,-8.420826,1.1920328
1500081094133,-6.0367603,-7.4250717,2.408002
1500081094197,-4.5622783,-7.4537954,4.504831
1500081094260,-3.3558834,-7.003791,5.8165455
1500081094324,-3.3558834,-5.7112255,6.563361
1500081094388,-4.772918,-4.96441,6.065484
1500081094452,-6.094208,-5.7208,4.610151
1500081094516,-6.6495323,-6.0080366,4.236743
1500081094580,-6.5729356,-6.458041,3.7867386
1500081094644,-6.1420803,-6.7548523,3.4612036
1500081094707,-5.9314404,-6.3144226,4.121848
1500081094771,-5.82612,-6.7740016,4.6675982
1500081094835,-5.739949,-6.9080453,4.5622783
1500081094899,-5.4718614,-6.8122997,4.5527034
1500081094963,-5.3378177,-6.515488,4.9739842
1500081095027,-5.261221,-6.6878304,5.0314317
1500081095091,-5.5101595,-6.8410234,4.916537
1500081095154,-5.7782474,-7.243155,4.5910015
1500081095218,-5.7782474,-6.716554,4.543129
1500081095282,-6.0559096,-6.47719,4.658024
1500081095346,-6.716554,-5.567607,4.389936
1500081095410,-6.9080453,-4.9069624,4.1122737
1500081095474,-6.2665496,-4.8973875,3.9590807
1500081095538,-6.4005938,-4.849515,4.7441945
1500081095602,-6.7261286,-4.4186597,5.519734
1500081095665,-6.7261286,-4.887813,4.8303657
1500081095729,-6.323997,-5.7016506,4.7058964
1500081095793,-6.764427,-5.232497,4.73462
1500081095857,-7.0803876,-5.366541,4.5335546
1500081095921,-6.7740016,-5.299519,4.0931244
1500081095985,-7.0708127,-5.3378177,3.8346114
1500081096048,-7.3771987,-5.8644185,3.7963133
1500081096113,-7.003791,-5.644203,4.150572
1500081096177,-6.678256,-4.8782387,4.2271686
1500081096240,-6.630383,-5.653778,4.466532
1500081096305,-6.5537868,-6.027186,4.8590894
1500081096369,-6.113357,-5.481436,5.0505805
1500081096441,-6.323997,-5.2420716,4.428234
1500081096496,-6.8888965,-5.5484576,4.3133397
1500081096560,-6.9463434,-5.433563,4.5910015
1500081096623,-7.654861,-4.6771727,4.6771727
1500081096687,-10.182545,-2.7239625,5.682502
1500081096751,-9.368708,-5.9027166,5.7016506
1500081096815,-5.2899446,-8.641041,2.6377914
1500081096879,-2.6952388,-7.616563,0.8186249
1500081096943,-1.2111819,-7.7984796,-0.4164934
1500081097006,-0.93351966,-5.5963306,1.3739494
1500081097070,-0.32074776,-5.845269,1.1250108
1500081097134,-0.17712937,-5.4048395,-0.359046
1500081097198,-0.05266008,-7.176133,-2.168638
1500081097262,2.187787,-8.736787,-3.8537605
1500081097326,4.131423,-9.263388,-4.849515
1500081097390,5.4239883,-8.909128,-3.8920588
1500081097454,6.391019,-10.412334,-3.9207826
1500081097518,6.8410234,-12.614484,-3.8154624
1500081097581,5.8931417,-11.015532,2.1973617
1500081097645,6.486765,-6.486765,3.2792869
1500081097709,6.486765,-5.3378177,1.2877784
1500081097773,7.204857,-4.6867476,1.9101248
1500081097837,8.334655,-4.5718527,2.7622607
1500081097901,9.837861,-2.88673,3.930357
1500081097964,10.871913,-3.1548176,4.6005764
1500081098029,10.747444,-4.801642,7.0325146
1500081098092,9.071896,-3.2601378,4.169721
1500081098156,10.268716,-4.4856815,5.6633525
1500081098220,9.158067,-4.8590894,7.5782647
1500081098284,7.0995364,-5.9218655,5.2516465
1500081098348,5.49101,-5.82612,3.2505634
1500081098412,5.261221,-5.7495236,1.862252
1500081098476,4.8590894,-6.180379,1.4792696
1500081098539,5.06973,-6.0846334,2.5420458
1500081098603,5.6633525,-7.9037995,3.1356685
1500081098667,6.103782,-8.152739,2.8771553
1500081098731,6.1899533,-10.412334,2.1111906
1500081098796,6.2761245,-8.047418,3.1835413
1500081098859,7.693159,-9.20594,1.2590547
1500081098922,8.55487,-8.382527,0.6079846
1500081098986,7.204857,-8.593168,-3.1356685
1500081099050,5.644203,-10.699572,-4.3995104
1500081099114,3.4803526,-9.608071,-1.8718265
1500081099178,-0.14840569,-9.100619,-1.9196993
1500081099242,-1.7569319,-9.770839,0.665432
1500081099306,-0.512239,-8.133589,-1.4888442
1500081099370,-2.321831,-7.922949,-1.5845897
1500081099433,-3.844186,-8.1623125,-0.77075213
1500081099497,-7.2144313,-7.46337,-2.0920415
1500081099561,-7.35805,-5.4718614,0.4356425
1500081099625,-7.4250717,-1.9579976,0.56968635
1500081099689,-8.353804,-3.5665238,-1.5558661
1500081099753,-7.0803876,-1.9771467,0.19627848
1500081099817,-8.459125,-1.0867126,0.12925656
1500081099880,-8.286782,-4.954835,2.6569405
1500081099944,-7.6261373,-4.5718527,2.1973617
1500081100008,-8.124015,-3.059072,1.5845897
1500081100072,-10.728295,-0.665432,1.2111819
1500081100136,-11.455961,-4.1409974,2.034594
1500081100200,-8.11444,-5.7495236,2.0250196
1500081100264,-5.4239883,-9.014449,-0.110107444
1500081100327,-6.898471,-6.8410234,-1.2207564
1500081100391,-8.602742,-4.8973875,-0.6079846
1500081100455,-9.732541,-3.346309,0.20585304
1500081100519,-8.353804,-6.218677,0.359046
1500081100584,-8.258059,-5.873993,-0.85692316
1500081100647,-7.7123084,-6.4963393,1.2016073
1500081100711,-7.501668,-6.4963393,1.9005502
1500081100775,-7.2910275,-4.322914,2.0537431
1500081100838,-7.7123084,-4.2654667,1.7282082
1500081100902,-8.5740185,-4.2463174,0.05266008
1500081100966,-9.158067,-5.0601554,-2.3697038
1500081101030,-9.98148,-5.2516465,-2.867581
1500081101094,-9.560199,-5.845269,1.14416
1500081101158,-9.407005,-4.993133,0.3398969
1500081101222,-6.544212,-4.696322,0.83777404
1500081101285,-5.0314317,-4.5910015,1.2303311
1500081101349,-5.682502,-5.222923,1.3069274
1500081101414,-8.248484,-5.4239883,0.4164934
1500081101477,-12.35597,-4.5239797,-0.99096704
1500081101540,-9.41658,-4.6771727,-1.6133134
1500081101605,-7.6069884,-4.4186597,-2.4845984
1500081101668,-8.957002,-4.284616,-0.6750065
1500081101732,-8.382527,-5.108028,-0.49308985
1500081101796,-8.497422,-4.696322,-0.8856468
1500081101860,-8.44955,-4.495256,-0.61755913
1500081101924,-8.4686985,-4.868664,-1.1633091
1500081101988,-8.593168,-5.538883,-1.3930986
1500081102051,-8.641041,-4.916537,-1.3069274
1500081102116,-8.181462,-4.5335546,0.69415563
1500081102179,-8.372953,-4.6771727,0.8664977
1500081102243,-8.420826,-4.4856815,0.13883112
1500081102307,-8.55487,-4.658024,-0.081383765
1500081102371,-8.497422,-5.7782474,-0.6558574
1500081102435,-8.430401,-4.83994,-0.49308985
1500081102499,-8.526146,-4.322914,-0.05266008
1500081102563,-8.459125,-4.887813,-0.18670394
1500081102626,-8.382527,-4.8782387,-0.0718092
1500081102690,-8.459125,-4.926111,-0.25372586
1500081102754,-8.430401,-4.96441,-0.33032233
1500081102818,-8.411251,-4.83994,-0.3111732
1500081102882,-8.34423,-4.6675982,-0.3111732
1500081102946,-8.382527,-4.9835587,-0.5888355
1500081103009,-8.44955,-5.155901,-0.8281995
1500081103073,-8.526146,-4.96441,-0.7994758
1500081103137,-8.392102,-4.8782387,-0.6750065
1500081103201,-8.363379,-5.002708,-0.64628285
1500081103265,-8.392102,-4.9739842,-0.78032666
1500081103329,-8.401677,-4.954835,-0.8281995
1500081103393,-8.392102,-4.8590894,-0.7420284
1500081103456,-8.430401,-4.8782387,-0.8186249
1500081103521,-8.382527,-4.887813,-0.7324539
1500081103584,-8.420826,-4.926111,-0.91437054
1500081103648,-8.411251,-4.83994,-0.8090504
1500081103712,-8.430401,-4.926111,-0.91437054
1500081103776,-8.420826,-4.868664,-0.90479594
1500081103840,-8.44955,-5.021857,-0.83777404
1500081103904,-8.4686985,-4.9835587,-1.0005416
1500081103967,-8.4686985,-4.610151,-1.0962871
1500081104031,-8.277207,-4.2558923,-0.78032666
1500081104095,-8.372953,-5.0314317,-0.98139244
1500081104159,-8.506997,-5.2133484,-0.98139244
1500081104223,-8.420826,-4.96441,-0.9622433
1500081104287,-8.210186,-4.504831,-0.28244954
1500081104351,-8.258059,-5.002708,-0.7420284
1500081104415,-8.621892,-5.3186684,-2.2739582
1500081104478,-8.401677,-4.8590894,-1.8239537
1500081104542,-8.248484,-4.8303657,-1.2399056
1500081104606,-8.382527,-4.9739842,-1.2207564
1500081104670,-8.296356,-4.5718527,-1.0292653
1500081104734,-8.372953,-4.610151,-1.0196906
1500081104798,-8.305931,-5.7495236,-1.5654407
1500081104861,-8.152739,-5.088879,-1.4984187
1500081104925,-8.535721,-4.437809,-1.3165021
1500081104989,-8.459125,-4.5527034,-1.2207564
1500081105053,-8.305931,-4.763344,-0.9526688
1500081105117,-8.353804,-5.567607,-1.6037389
1500081105181,-8.191036,-4.8303657,-1.4313968
1500081105245,-8.44955,-4.619725,-1.2111819
1500081105309,-8.2676325,-5.261221,-1.3739494
1500081105373,-8.382527,-4.916537,-1.3165021
1500081105436,-8.372953,-4.782493,-1.3643749
1500081105500,-8.277207,-4.495256,-1.1154363
1500081105564,-8.411251,-5.261221,-1.3548003
1500081105628,-8.248484,-5.347392,-1.6899099
1500081105692,-8.353804,-4.456958,-1.1345854
1500081105756,-8.411251,-4.8782387,-1.4218222
1500081105820,-8.305931,-4.8207912,-1.1633091
1500081105883,-8.363379,-5.1176023,-1.3643749
1500081105947,-8.21976,-5.0601554,-1.5079932
1500081106011,-8.411251,-4.6771727,-1.2494801
1500081106075,-8.32508,-5.0314317,-1.3356512
1500081106139,-8.353804,-4.8590894,-1.2877784
1500081106203,-8.315506,-4.935686,-1.3930986
1500081106267,-8.32508,-5.021857,-1.3643749
1500081106330,-8.353804,-4.8973875,-1.2877784
1500081106394,-8.34423,-4.868664,-1.2877784
1500081106458,-8.21976,-5.108028,-1.3069274
1500081106522,-8.296356,-5.1271772,-1.4026731
1500081106587,-8.305931,-4.696322,-0.9430942
1500081106651,-8.286782,-5.041006,-0.78032666
1500081106715,-8.353804,-4.868664,-1.1154363
1500081106778,-8.286782,-5.155901,-2.0058703
1500081106841,-8.056993,-5.155901,-1.6707608
1500081106905,-8.1623125,-4.993133,-1.1345854
1500081106969,-8.200611,-5.299519,-0.8186249
1500081107033,-8.124015,-5.088879,-1.1250108
1500081107097,-8.708063,-4.648449,-3.5378
1500081107161,-8.372953,-4.782493,-2.9824755
1500081107225,-8.037844,-5.28037,-1.7186337
1500081107288,-8.124015,-4.8782387,-0.77075213
1500081107352,-8.32508,-4.476107,-1.1250108
1500081107416,-8.200611,-4.935686,-1.6420372
1500081107480,-8.32508,-5.0314317,-2.0824668
1500081107544,-8.430401,-4.993133,-2.0824668
1500081107608,-8.392102,-4.7441945,-1.8143792
1500081107672,-8.277207,-4.763344,-1.79523
1500081107735,-8.229335,-4.868664,-1.776081
1500081107799,-8.305931,-4.849515,-1.5271424
1500081107863,-8.23891,-4.7441945,-1.0101161
1500081107927,-8.411251,-4.9835587,-1.9675722
1500081107991,-8.34423,-4.8590894,-2.0250196
1500081108055,-8.258059,-4.73462,-1.5845897
1500081108119,-8.296356,-4.696322,-1.5654407
1500081108183,-8.372953,-4.782493,-1.6324625
1500081108246,-8.430401,-4.9452605,-1.862252
1500081108310,-8.334655,-4.715471,-1.79523
1500081108374,-8.439975,-4.6388745,-1.8335283
1500081108438,-8.382527,-4.772918,-1.6707608
1500081108502,-8.382527,-4.782493,-1.6899099
1500081108566,-8.315506,-4.763344,-1.6707608
1500081108630,-8.382527,-4.7441945,-1.6324625
1500081108693,-8.382527,-4.782493,-1.7186337
1500081108757,-8.34423,-4.7441945,-1.6899099
1500081108821,-8.392102,-4.7537694,-1.7473572
1500081108885,-8.382527,-4.772918,-1.709059
1500081108949,-8.382527,-4.7441945,-1.6133134
1500081109013,-8.372953,-4.801642,-1.7377827
1500081109077,-8.305931,-4.7058964,-1.5750152
1500081109140,-8.430401,-4.7920675,-1.7377827
1500081109204,-8.372953,-4.772918,-1.6803354
1500081109268,-8.334655,-4.763344,-1.622888
1500081109332,-8.392102,-4.7441945,-1.7186337
1500081109396,-8.32508,-4.7441945,-1.5750152
1500081109460,-8.430401,-4.7920675,-1.7377827
1500081109524,-8.353804,-4.7920675,-1.6899099
1500081109588,-8.34423,-4.7441945,-1.5654407
1500081109651,-8.430401,-4.782493,-1.7665064
1500081109715,-8.315506,-4.7250457,-1.6037389
1500081109779,-8.392102,-4.7250457,-1.622888
1500081109843,-8.420826,-4.8590894,-1.7569319
1500081109907,-8.334655,-4.7537694,-1.6037389
1500081109971,-8.372953,-4.7441945,-1.6037389
1500081110034,-8.411251,-4.763344,-1.709059
1500081110098,-8.372953,-4.763344,-1.6324625
1500081110162,-8.372953,-4.782493,-1.6516117
1500081110226,-8.353804,-4.772918,-1.6420372
1500081110290,-8.363379,-4.7537694,-1.6324625
1500081110354,-8.382527,-4.782493,-1.6611862
1500081110418,-8.382527,-4.801642,-1.6516117
1500081110482,-8.382527,-4.811217,-1.6324625
1500081110546,-8.277207,-4.7250457,-1.4888442
1500081110609,-8.411251,-4.73462,-1.776081
1500081110673,-8.382527,-4.868664,-1.8143792
1500081110737,-8.34423,-4.6867476,-1.5271424
1500081110801,-8.392102,-4.763344,-1.6611862
1500081110865,-8.372953,-4.868664,-1.622888
1500081110929,-8.363379,-4.8303657,-1.6707608
1500081110992,-8.334655,-4.7441945,-1.6994845
1500081111056,-8.382527,-4.73462,-1.7186337
1500081111120,-8.382527,-4.801642,-1.776081
1500081111184,-8.334655,-4.763344,-1.6899099
1500081111248,-8.392102,-4.811217,-1.6899099
1500081111312,-8.34423,-4.7920675,-1.7282082
1500081111376,-8.34423,-4.7441945,-1.6324625
1500081111440,-8.353804,-4.782493,-1.6707608
1500081111504,-8.353804,-4.8303657,-1.709059
1500081111567,-8.334655,-4.763344,-1.6611862
1500081111632,-8.372953,-4.782493,-1.7282082
1500081111695,-8.392102,-4.782493,-1.7665064
1500081111760,-8.363379,-4.763344,-1.709059
1500081111823,-8.372953,-4.7920675,-1.6899099
1500081111886,-8.32508,-4.8207912,-1.5845897
1500081111950,-8.334655,-4.7920675,-1.5558661
1500081112014,-8.372953,-4.73462,-1.5941644
1500081112078,-8.411251,-4.8207912,-1.8909757
1500081112142,-8.353804,-4.7058964,-1.7665064
1500081112206,-8.392102,-4.6771727,-1.6516117
1500081112270,-8.411251,-4.8207912,-1.7282082
1500081112334,-8.392102,-4.801642,-1.7856555
1500081112398,-8.248484,-4.7250457,-1.5558661
1500081112461,-8.363379,-4.801642,-1.5845897
1500081112525,-8.34423,-4.763344,-1.5941644
1500081112589,-8.430401,-4.73462,-1.8048047
1500081112653,-8.363379,-4.7920675,-1.8431029
1500081112717,-8.382527,-4.73462,-1.709059
1500081112781,-8.392102,-4.7250457,-1.6899099
1500081112845,-8.363379,-4.801642,-1.7186337
1500081112908,-8.372953,-4.7920675,-1.6899099
1500081112972,-8.334655,-4.73462,-1.6037389
1500081113036,-8.382527,-4.772918,-1.7377827
1500081113100,-8.363379,-4.763344,-1.6994845
1500081113164,-8.382527,-4.7441945,-1.6994845
1500081113228,-8.372953,-4.782493,-1.6994845
1500081113292,-8.353804,-4.763344,-1.6707608
1500081113355,-8.372953,-4.772918,-1.6994845
1500081113419,-8.372953,-4.7537694,-1.7282082
1500081113483,-8.353804,-4.772918,-1.6611862
1500081113547,-8.372953,-4.782493,-1.6899099
1500081113611,-8.353804,-4.7537694,-1.6899099
1500081113675,-8.363379,-4.763344,-1.7282082
1500081113739,-8.363379,-4.73462,-1.709059
1500081113802,-8.372953,-4.73462,-1.7186337
1500081113866,-8.363379,-4.782493,-1.7569319
1500081113930,-8.353804,-4.772918,-1.7282082
1500081113994,-8.363379,-4.7250457,-1.709059
1500081114058,-8.372953,-4.763344,-1.7377827
1500081114122,-8.363379,-4.7537694,-1.7186337
1500081114186,-8.363379,-4.772918,-1.709059
1500081114250,-8.353804,-4.772918,-1.709059
1500081114313,-8.353804,-4.7537694,-1.7186337
1500081114377,-8.372953,-4.763344,-1.7186337
1500081114441,-8.363379,-4.772918,-1.7282082
1500081114505,-8.372953,-4.7537694,-1.7377827
1500081114569,-8.353804,-4.763344,-1.6707608
1500081114633,-8.372953,-4.763344,-1.6994845
1500081114697,-8.363379,-4.811217,-1.7473572
1500081114760,-8.363379,-4.7537694,-1.6899099
1500081114824,-8.363379,-4.7537694,-1.6803354
1500081114888,-8.372953,-4.7920675,-1.709059
1500081114952,-8.353804,-4.772918,-1.6994845
1500081115016,-8.363379,-4.772918,-1.6994845
1500081115080,-8.353804,-4.763344,-1.6899099
1500081115144,-8.363379,-4.782493,-1.709059
1500081115207,-8.353804,-4.782493,-1.6899099
1500081115271,-8.363379,-4.772918,-1.709059
1500081115335,-8.363379,-4.782493,-1.6899099
1500081115399,-8.363379,-4.763344,-1.6899099
1500081115463,-8.34423,-4.782493,-1.6420372
1500081115527,-8.363379,-4.782493,-1.6994845
1500081115591,-8.363379,-4.7920675,-1.6899099
1500081115655,-8.363379,-4.763344,-1.6994845
1500081115718,-8.363379,-4.782493,-1.6803354
1500081115782,-8.353804,-4.772918,-1.6707608
1500081115846,-8.363379,-4.801642,-1.6994845
1500081115910,-8.363379,-4.772918,-1.6707608
1500081115974,-8.353804,-4.782493,-1.6803354
1500081116038,-8.353804,-4.7920675,-1.6803354
1500081116102,-8.382527,-4.772918,-1.6899099
1500081116165,-8.353804,-4.782493,-1.6803354
1500081116229,-8.353804,-4.772918,-1.6516117
1500081116293,-8.372953,-4.782493,-1.7569319
1500081116357,-8.353804,-4.763344,-1.6994845
1500081116421,-8.372953,-4.763344,-1.709059
1500081116485,-8.34423,-4.763344,-1.6803354
1500081116549,-8.372953,-4.801642,-1.7377827
1500081116612,-8.363379,-4.763344,-1.7282082
1500081116676,-8.363379,-4.763344,-1.6994845
1500081116741,-8.353804,-4.7537694,-1.6994845
1500081116805,-8.372953,-4.782493,-1.7569319
1500081116868,-8.34423,-4.763344,-1.709059
1500081116932,-8.363379,-4.7441945,-1.7282082
1500081116995,-8.353804,-4.782493,-1.7665064
1500081117059,-8.334655,-4.7441945,-1.7186337
1500081117123,-8.411251,-4.7920675,-1.79523
1500081117187,-8.334655,-4.7441945,-1.6899099
1500081117251,-8.363379,-4.772918,-1.709059
1500081117315,-8.34423,-4.782493,-1.7377827
1500081117379,-8.353804,-4.7920675,-1.7377827
1500081117443,-8.401677,-4.7537694,-1.8143792
1500081117507,-8.305931,-4.782493,-1.622888
1500081117570,-8.392102,-4.763344,-1.6994845
1500081117634,-8.382527,-4.83994,-1.8143792
1500081117698,-8.305931,-4.7250457,-1.6803354
1500081117762,-8.34423,-4.7250457,-1.6994845
1500081117826,-8.353804,-4.8303657,-1.622888
1500081117890,-8.363379,-4.801642,-1.7473572
1500081117953,-8.34423,-4.782493,-1.79523
1500081118017,-8.363379,-4.763344,-1.7473572
1500081118081,-8.372953,-4.7441945,-1.7377827
1500081118145,-8.334655,-4.772918,-1.7473572
1500081118209,-8.34423,-4.8207912,-1.7282082
1500081118273,-8.34423,-4.763344,-1.7186337
1500081118337,-8.353804,-4.763344,-1.7377827
1500081118401,-8.363379,-4.782493,-1.7856555
1500081118464,-8.353804,-4.772918,-1.7377827
1500081118528,-8.353804,-4.782493,-1.7377827
1500081118592,-8.34423,-4.782493,-1.7186337
1500081118656,-8.34423,-4.7920675,-1.7282082
1500081118720,-8.353804,-4.772918,-1.7473572
1500081118785,-8.353804,-4.7920675,-1.7665064
1500081118848,-8.334655,-4.7920675,-1.7473572
1500081118911,-8.334655,-4.772918,-1.6899099
1500081118975,-8.353804,-4.772918,-1.7473572
1500081119039,-8.353804,-4.8303657,-1.79523
1500081119103,-8.334655,-4.772918,-1.7186337
1500081119167,-8.34423,-4.811217,-1.7665064
1500081119231,-8.34423,-4.782493,-1.7473572
1500081119295,-8.34423,-4.782493,-1.7473572
1500081119359,-8.34423,-4.7920675,-1.8048047
1500081119422,-8.334655,-4.772918,-1.7665064
1500081119486,-8.334655,-4.782493,-1.776081
1500081119550,-8.32508,-4.7920675,-1.776081
1500081119614,-8.363379,-4.782493,-1.862252
1500081119678,-8.334655,-4.782493,-1.8239537
1500081119742,-8.315506,-4.763344,-1.7665064
1500081119806,-8.34423,-4.772918,-1.8143792
1500081119869,-8.315506,-4.8207912,-1.8048047
1500081119933,-8.353804,-4.763344,-1.8143792
1500081119997,-8.32508,-4.763344,-1.776081
1500081120061,-8.34423,-4.801642,-1.8239537
1500081120125,-8.334655,-4.7920675,-1.776081
1500081120190,-8.32508,-4.782493,-1.79523
1500081120253,-8.363379,-4.763344,-1.79523
1500081120316,-8.32508,-4.801642,-1.7856555
1500081120380,-8.34423,-4.772918,-1.776081
1500081120444,-8.32508,-4.801642,-1.7856555
1500081120508,-8.353804,-4.763344,-1.79523
1500081120572,-8.315506,-4.7920675,-1.7186337
1500081120636,-8.334655,-4.772918,-1.7665064
1500081120700,-8.353804,-4.811217,-1.79523
1500081120763,-8.353804,-4.7920675,-1.79523
1500081120827,-8.315506,-4.7920675,-1.7377827
1500081120891,-8.32508,-4.772918,-1.6899099
1500081120955,-8.34423,-4.8207912,-1.8239537
1500081121019,-8.334655,-4.801642,-1.7569319
1500081121083,-8.334655,-4.7920675,-1.776081
1500081121147,-8.334655,-4.7920675,-1.7473572
1500081121211,-8.34423,-4.811217,-1.776081
1500081121274,-8.334655,-4.7920675,-1.7377827
1500081121338,-8.334655,-4.811217,-1.7665064
1500081121402,-8.34423,-4.782493,-1.79523
1500081121466,-8.315506,-4.801642,-1.709059
1500081121530,-8.34423,-4.782493,-1.7569319
1500081121594,-8.34423,-4.8207912,-1.776081
1500081121658,-8.334655,-4.801642,-1.7665064
1500081121721,-8.32508,-4.782493,-1.7377827
1500081121785,-8.334655,-4.811217,-1.7665064
1500081121849,-8.334655,-4.801642,-1.7377827
1500081121913,-8.334655,-4.801642,-1.7665064
1500081121977,-8.334655,-4.7920675,-1.776081
1500081122041,-8.34423,-4.811217,-1.7569319
1500081122105,-8.32508,-4.811217,-1.7665064
1500081122169,-8.334655,-4.7920675,-1.7665064
1500081122233,-8.32508,-4.7920675,-1.7665064
1500081122297,-8.34423,-4.811217,-1.7856555
1500081122360,-8.334655,-4.8207912,-1.8048047
1500081122424,-8.315506,-4.782493,-1.7856555
1500081122488,-8.334655,-4.782493,-1.79523
1500081122552,-8.296356,-4.83994,-1.8048047
1500081122616,-8.334655,-4.8207912,-1.8335283
1500081122679,-8.305931,-4.7920675,-1.7569319
1500081122743,-8.315506,-4.811217,-1.7569319
1500081122807,-8.334655,-4.8207912,-1.8335283
1500081122871,-8.2676325,-4.8303657,-1.8143792
1500081122935,-8.171887,-4.83994,-1.5750152
1500081122999,-8.258059,-4.954835,-1.5367169
1500081123062,-7.9037995,-5.194199,-2.3792782
1500081123135,-9.75169,-3.5090764,-1.1345854
1500081123190,-8.095291,-6.2761245,-2.647366
1500081123254,-7.8846507,-4.8973875,-1.9005502
1500081123318,-8.124015,-4.581427,-1.1920328
1500081123382,-8.248484,-5.2899446,-1.929274
1500081123446,-8.2676325,-5.155901,-1.8143792
1500081123510,-8.047418,-5.041006,-1.6899099
1500081123574,-8.1623125,-4.954835,-1.7186337
1500081123637,-8.382527,-4.5910015,-1.776081
1500081123701,-8.305931,-4.2654667,-1.6803354
1500081123765,-8.133589,-5.806971,-1.8718265
1500081123829,-8.066567,-5.672927,-1.8814012
1500081123893,-7.922949,-4.73462,-1.948423
1500081123957,-8.143164,-5.1367517,-2.0537431
1500081124020,-8.210186,-5.481436,-2.4654493
1500081124084,-8.258059,-4.7058964,-1.8526775
1500081124148,-8.1623125,-4.5718527,-1.5558661
1500081124212,-8.124015,-5.0984535,-2.015445
1500081124276,-8.076141,-5.1367517,-2.0633178
1500081124340,-8.085716,-5.194199,-2.2260852
1500081124404,-8.152739,-5.1176023,-2.015445
1500081124468,-7.9803963,-4.926111,-1.8143792
1500081124532,-7.7793303,-4.916537,-1.3643749
1500081124595,-7.808054,-5.155901,-1.5367169
1500081124659,-8.00912,-5.347392,-2.3505547
1500081124723,-7.9803963,-5.041006,-3.2601378
1500081124787,-7.8272033,-5.041006,-3.5856729
1500081124851,-7.8655014,-5.4239883,-3.671844
1500081124915,-7.6740103,-5.088879,-2.88673
1500081124978,-7.702734,-5.1654754,-3.193116
1500081125042,-7.501668,-5.912291,-3.212265
1500081125106,-7.6835847,-5.529309,-2.9537518
1500081125170,-7.511243,-5.414414,-3.1835413
1500081125234,-7.769756,-5.672927,-3.1835413
1500081125298,-7.5208173,-6.218677,-2.6282167
1500081125362,-8.34423,-5.9697385,-2.3505547
1500081125425,-7.195282,-7.616563,-2.6090677
1500081125489,-7.5974135,-6.898471,-2.3505547
1500081125553,-6.9080453,-6.764427,-1.0196906
1500081125617,-4.7250457,-8.085716,0.4835153
1500081125681,-1.4792696,-10.278291,1.0962871
1500081125745,-2.9920502,-9.85701,0.8760723
1500081125809,-1.5845897,-9.41658,0.25372586
1500081125872,-0.8090504,-6.2474008,-1.2877784
1500081125936,0.56011176,-5.0601554,-2.3026817
1500081126000,-1.8335283,-6.592085,-0.2154276
1500081126064,-9.435729,-7.961247,-1.4313968
1500081126128,-14.175137,-7.2718787,-1.4792696
1500081126192,-9.31126,-7.3867736,-2.88673
1500081126256,-5.2899446,-5.739949,-1.1728836
1500081126319,-6.2952733,-4.7250457,-1.7856555
1500081126383,-8.516571,-4.7537694,-3.1356685
1500081126447,-8.803808,-5.529309,-3.039923
1500081126511,-7.741032,-5.1271772,-4.275041
1500081126575,-7.9133744,-4.495256,-4.6388745
1500081126639,-7.654861,-4.0931244,-4.456958
1500081126703,-7.549541,-4.6771727,-4.7250457
1500081126766,-7.961247,-4.9452605,-3.7867386
1500081126830,-7.482519,-5.088879,-2.2069361
1500081126894,-7.7601814,-4.9452605,-3.2792869
1500081126958,-7.549541,-4.993133,-3.7292912
1500081127022,-7.6069884,-5.0505805,-3.4324799
1500081127086,-7.7793303,-4.935686,-3.8633351
1500081127150,-7.721883,-4.7441945,-3.9207826
1500081127213,-7.6452866,-4.849515,-3.7867386
1500081127277,-7.664436,-4.868664,-3.7197168
1500081127350,-7.6261373,-4.935686,-3.7197168
1500081127405,-7.6069884,-4.782493,-3.5665238
1500081127469,-7.635712,-4.7250457,-3.8346114
1500081127533,-7.7123084,-4.6867476,-4.2271686
1500081127597,-7.7123084,-4.6293,-4.342063
1500081127661,-7.6740103,-4.5622783,-4.0261025
1500081127724,-7.4920936,-4.6867476,-3.4133308
1500081127788,-7.702734,-4.7250457,-4.0931244
1500081127852,-7.635712,-4.7058964,-4.1792955
1500081127916,-7.6452866,-4.6675982,-4.1122737
1500081127980,-7.769756,-4.5622783,-4.428234
1500081128044,-8.21976,-4.6867476,-4.581427
1500081128108,-9.31126,-6.3431463,-4.198445
1500081128171,-8.593168,-6.984642,-3.7197168
1500081128235,-7.7793303,-6.2282515,-1.5462915
1500081128299,-5.845269,-5.414414,-1.1250108
1500081128363,-4.1122737,-3.4324799,-1.1728836
1500081128427,-3.0686467,-4.4856815,0.23457673
1500081128491,-6.0463347,-5.0122824,0.32074776
1500081128555,-11.714475,-5.2516465,-2.1207652
1500081128619,-12.662356,-6.8410234,-3.7005677
1500081128682,-6.486765,-6.1899533,-5.299519
1500081128746,-6.9559183,-3.0494976,-4.389936
1500081128810,-7.999545,-4.0548263,-2.6090677
1500081128874,-8.1623125,-4.763344,-3.7101421
1500081128938,-8.00912,-4.849515,-3.8920588
1500081129001,-7.7601814,-4.456958,-3.4899273
1500081129065,-7.9037995,-4.495256,-3.6143966
1500081129129,-7.922949,-4.5718527,-3.7484405
1500081129193,-7.875076,-4.5527034,-3.5569491
1500081129257,-7.808054,-4.6293,-3.7388659
1500081129321,-7.8655014,-4.5622783,-3.7292912
1500081129385,-7.875076,-4.5527034,-3.6622694
1500081129449,-7.846352,-4.5527034,-3.7101421
1500081129513,-7.846352,-4.5527034,-3.7292912
1500081129576,-7.855927,-4.6005764,-3.825037
1500081129640,-7.855927,-4.543129,-3.758015
1500081129704,-7.7984796,-4.5527034,-3.6431203
1500081129768,-7.855927,-4.619725,-3.7292912
1500081129832,-7.8176284,-4.610151,-3.7388659
1500081129895,-7.8176284,-4.5718527,-3.690993
1500081129959,-7.8655014,-4.5622783,-3.7867386
1500081130023,-7.8272033,-4.5910015,-3.7675896
1500081130087,-7.8272033,-4.581427,-3.7101421
1500081130151,-7.8367777,-4.610151,-3.7197168
1500081130215,-7.788905,-4.581427,-3.6622694
1500081130279,-7.8272033,-4.610151,-3.7388659
1500081130343,-7.846352,-4.6005764,-3.777164
1500081130407,-7.8272033,-4.6005764,-3.7675896
1500081130470,-7.8272033,-4.5910015,-3.7197168
1500081130534,-7.8176284,-4.782493,-3.518651
1500081130598,-7.8846507,-4.9835587,-3.7963133
1500081130662,-8.085716,-6.2282515,-4.9835587
1500081130726,-8.037844,-5.797396,-4.1409974
1500081130790,-8.028269,-4.6293,-0.9622433
1500081130853,-7.9899707,-4.8207912,0.14840569
1500081130917,-8.1623125,-4.1792955,1.2590547
1500081130981,-7.9133744,-2.7239625,3.9399316
1500081131045,-8.861256,-4.428234,2.8771553
1500081131109,-9.158067,-3.059072,4.016528
1500081131173,-8.583593,-3.7388659,4.275041
1500081131237,-7.9899707,-4.0356774,3.671844
1500081131300,-7.4729443,-1.0388398,5.041006
1500081131364,-6.611234,-3.2792869,5.538883
1500081131428,-5.6154795,-2.1207652,7.501668
1500081131492,-4.5622783,-0.03351096,8.995299
1500081131556,-3.4133308,-2.3122563,8.258059
1500081131620,-6.3814445,-2.867581,4.935686
1500081131684,-10.996383,-4.504831,0.5888355
1500081131748,-8.2676325,-4.131423,-1.3260766
1500081131811,-5.0122824,-4.993133,1.7186337
1500081131875,-5.433563,-5.7782474,5.979313
1500081131939,-6.525063,-10.833615,3.1165195
1500081132003,-6.027186,-11.570856,2.2069361
1500081132067,-5.1654754,-7.8655014,3.2601378
1500081132131,-4.9069624,-6.2665496,3.997379
1500081132195,-4.83994,-6.7357035,5.8644185
1500081132258,-4.935686,-7.2910275,5.9218655
1500081132322,-4.954835,-6.1420803,4.5910015
1500081132386,-5.0505805,-6.5059137,5.1271772
1500081132450,-5.1271772,-6.5537868,5.5771813
1500081132514,-5.299519,-6.47719,4.935686
1500081132578,-5.414414,-7.2144313,3.7388659
1500081132641,-5.634629,-7.281453,3.604822
1500081132705,-5.146326,-6.2282515,4.935686
1500081132769,-5.155901,-6.3144226,5.108028
1500081132833,-4.926111,-6.4005938,5.787822
1500081132897,-4.7441945,-4.8303657,7.654861
1500081132961,-5.0122824,-5.28037,6.218677
1500081133024,-4.8303657,-5.146326,7.1665583
1500081133088,-5.079304,-6.4676156,5.347392
1500081133152,-5.6633525,-7.195282,3.690993
1500081133216,-5.376116,-7.6835847,3.8346114
1500081133280,-5.2516465,-6.1612296,4.437809
1500081133344,-4.849515,-5.2420716,6.458041
1500081133408,-5.5580325,-6.592085,5.28037
1500081133472,-4.9835587,-6.2091026,4.466532
1500081133536,-5.0601554,-6.3144226,5.299519
1500081133599,-4.8973875,-8.133589,5.0314317
1500081133663,-4.6675982,-7.042089,5.261221
1500081133727,-4.954835,-6.7357035,5.309094
1500081133791,-5.0314317,-7.3867736,5.692076
1500081133855,-4.926111,-7.281453,7.46337
1500081133918,-5.261221,-6.323997,8.679339
1500081133982,-5.462287,-6.783576,5.739949
1500081134046,-7.5399666,-3.8346114,1.0579889
1500081134110,-8.899554,-3.126094,-6.1995277
1500081134174,-7.0325146,-3.8729098,-7.1857076
1500081134238,-7.549541,-1.0962871,-2.2356598
1500081134302,-5.644203,7.4442205,8.784659
1500081134366,-10.307014,7.616563,-0.6079846
1500081134430,-12.815549,1.2111819,-8.487848
1500081134493,-12.126181,1.7569319,0.78990126
1500081134557,-9.914457,3.2888615,-1.7282082
1500081134621,-11.848518,-2.6952388,-10.747444
1500081134685,-9.225089,7.1857076,-0.69415563
1500081134749,-6.8410234,5.4431376,2.8771553
1500081134813,-3.2601378,5.8165455,4.610151
1500081134876,-1.5271424,2.4367256,3.1548176
1500081134940,-4.658024,5.194199,6.333572
1500081135004,-9.31126,-2.321831,1.862252
1500081135068,-11.398514,-3.5760984,2.3026817
1500081135132,-11.647452,0.8090504,2.0824668
1500081135196,-12.3463955,0.63670826,-0.6558574
1500081135260,-14.32833,1.2303311,-0.42606795
1500081135324,-14.902803,2.3888528,-0.8281995
1500081135387,-9.914457,4.2654667,4.5239797
1500081135451,-2.9824755,2.800559,0.8664977
1500081135515,2.015445,-2.752686,-6.850598
1500081135579,2.4463003,0.78990126,-5.759098
1500081135643,-2.6377914,3.2026904,-1.2207564
1500081135707,-7.089962,-2.034594,-2.5037475
1500081135771,-13.323001,-15.802812,-10.441058
1500081135834,-10.5080805,-18.876245,-2.7718353
1500081135898,-7.5303917,-10.776168,3.671844
1500081135962,-7.1665583,-1.1345854,2.5899186
1500081136026,-12.336822,8.248484,5.021857
1500081136090,-10.374036,4.4090853,2.819708
1500081136154,-9.41658,0.0,7.2144313
1500081136218,-9.732541,-1.709059,3.844186
1500081136281,-7.12826,1.5654407,4.275041
1500081136345,-5.7686725,2.88673,5.998462
1500081136409,-4.2271686,2.494173,4.284616
1500081136473,-4.198445,5.347392,5.2133484
1500081136537,-1.7569319,2.819708,4.648449
1500081136600,-1.6516117,2.6377914,3.8824842
1500081136664,-10.163396,5.7782474,3.5569491
1500081136728,-12.260224,5.2707953,5.5484576
1500081136792,-6.4484663,6.9271946,3.451629
1500081136856,-9.167642,7.5399666,1.4984187
1500081136920,-9.18679,5.079304,1.1824582
1500081136968,-9.100619,12.001712,3.6814184
1500081136984,-5.309094,7.003791,4.466532
