1500078621921,6.7261286,0.4835153,6.831449
1500078621985,6.7261286,0.56968635,6.8888965
1500078622049,6.6878304,0.50266445,6.869747
1500078622113,6.697405,0.5792609,6.869747
1500078622176,6.7740016,0.3877697,6.869747
1500078622240,6.7069798,0.56968635,6.850598
1500078622304,6.678256,0.5888355,6.8793216
1500078622368,6.678256,0.359046,6.9080453
1500078622431,6.697405,0.39734426,6.9176197
1500078622495,6.668681,0.56011176,6.898471
1500078622559,6.678256,0.5505372,6.8793216
1500078622622,6.7069798,0.3877697,6.898471
1500078622686,6.6591067,0.45479164,6.9176197
1500078622750,6.668681,0.4835153,6.9080453
1500078622813,6.678256,0.4356425,6.9080453
1500078622877,6.6495323,0.42606795,6.8410234
1500078622941,6.6878304,0.56968635,7.003791
1500078623005,6.6878304,0.2441513,6.8888965
1500078623068,6.6495323,0.63670826,6.9559183
1500078623132,6.6878304,0.34947145,6.8888965
1500078623196,6.678256,0.50266445,6.9559183
1500078623260,6.668681,0.359046,6.9080453
1500078623323,6.678256,0.54096264,6.898471
1500078623387,6.7069798,0.5218136,6.869747
1500078623451,6.716554,0.49308985,6.869747
1500078623515,6.7069798,0.4835153,6.850598
1500078623578,6.697405,0.54096264,6.850598
1500078623642,6.716554,0.5505372,6.8410234
1500078623706,6.6878304,0.56968635,6.821874
1500078623769,6.7740016,0.5888355,6.869747
1500078623833,6.7931504,0.5218136,6.7740016
1500078623897,6.7069798,0.6558574,6.850598
1500078623961,6.716554,0.5505372,6.8410234
1500078624024,6.697405,0.5888355,6.8793216
1500078624088,6.7548523,0.5218136,6.8027253
1500078624152,6.745278,0.64628285,6.8122997
1500078624215,6.783576,0.56011176,6.7931504
1500078624279,6.764427,0.512239,6.8027253
1500078624343,6.7261286,0.5792609,6.869747
1500078624407,6.7069798,0.4164934,6.8793216
1500078624470,6.6495323,0.5313881,6.831449
1500078624534,6.7548523,0.56968635,6.8888965
1500078624598,6.7548523,0.46436617,6.8122997
1500078624662,6.6878304,0.61755913,6.8601727
1500078624725,6.7069798,0.4164934,6.850598
1500078624789,6.6878304,0.5218136,6.9271946
1500078624853,6.7069798,0.36862057,6.8888965
1500078624916,6.6591067,0.56011176,6.9080453
1500078624980,6.6878304,0.512239,6.8888965
1500078625044,6.678256,0.45479164,6.898471
1500078625109,6.678256,0.44521707,6.8793216
1500078625171,6.6878304,0.47394073,6.936769
1500078625235,6.678256,0.39734426,6.9176197
1500078625299,6.668681,0.5313881,6.9176197
1500078625363,6.7357035,0.27287498,6.936769
1500078625426,6.630383,0.50266445,6.9080453
1500078625490,6.6495323,0.5792609,6.9176197
1500078625554,6.6878304,0.4356425,6.898471
1500078625618,6.6878304,0.4356425,6.898471
1500078625682,6.697405,0.512239,6.8793216
1500078625746,6.7069798,0.5888355,6.8601727
1500078625810,6.7261286,0.47394073,6.8888965
1500078625872,6.678256,0.512239,6.869747
1500078625936,6.7069798,0.59841,6.869747
1500078626000,6.716554,0.5792609,6.831449
1500078626064,6.7069798,0.61755913,6.8410234
1500078626127,6.7931504,0.47394073,6.821874
1500078626191,6.745278,0.6750065,6.8122997
1500078626255,6.7069798,0.63670826,6.8601727
1500078626318,6.7069798,0.512239,6.821874
1500078626382,6.7357035,0.56968635,6.831449
1500078626446,6.745278,0.6079846,6.831449
1500078626510,6.745278,0.63670826,6.7931504
1500078626573,6.7548523,0.5505372,6.8410234
1500078626637,6.7261286,0.512239,6.831449
1500078626701,6.745278,0.46436617,6.869747
1500078626765,6.697405,0.5313881,6.869747
1500078626828,6.678256,0.6750065,6.8793216
1500078626892,6.783576,0.36862057,6.8410234
1500078626956,6.6878304,0.6271337,6.8793216
1500078627020,6.697405,0.512239,6.8793216
1500078627084,6.697405,0.45479164,6.8888965
1500078627148,6.716554,0.40691882,6.8888965
1500078627211,6.668681,0.47394073,6.898471
1500078627275,6.6878304,0.5792609,6.8888965
1500078627339,6.697405,0.42606795,6.8888965
1500078627403,6.668681,0.4835153,6.9080453
1500078627466,6.668681,0.47394073,6.9080453
1500078627529,6.668681,0.4356425,6.9080453
1500078627593,6.668681,0.4164934,6.821874
1500078627657,6.7069798,0.50266445,7.003791
1500078627721,6.668681,0.25372586,6.8888965
1500078627784,6.6208086,0.6079846,6.9463434
1500078627848,6.678256,0.3877697,6.8888965
1500078627912,6.678256,0.47394073,6.9463434
1500078627975,6.668681,0.37819514,6.8793216
1500078628039,6.6878304,0.5792609,6.898471
1500078628103,6.697405,0.5218136,6.8793216
1500078628167,6.697405,0.50266445,6.869747
1500078628230,6.7069798,0.49308985,6.869747
1500078628294,6.7069798,0.5505372,6.8793216
1500078628358,6.716554,0.5313881,6.850598
1500078628422,6.678256,0.61755913,6.850598
1500078628485,6.764427,0.45479164,6.831449
1500078628549,6.7261286,0.6845811,6.831449
1500078628613,6.716554,0.63670826,6.850598
1500078628676,6.7357035,0.512239,6.831449
1500078628740,6.7261286,0.59841,6.850598
1500078628804,6.7357035,0.64628285,6.821874
1500078628868,6.745278,0.6558574,6.7931504
1500078628931,6.7740016,0.5218136,6.831449
1500078628995,6.716554,0.5505372,6.8027253
1500078629059,6.745278,0.6271337,6.850598
1500078629122,6.7069798,0.5792609,6.850598
1500078629186,6.7069798,0.59841,6.869747
1500078629250,6.7740016,0.40691882,6.8410234
1500078629314,6.678256,0.6558574,6.850598
1500078629377,6.7261286,0.54096264,6.8793216
1500078629441,6.6878304,0.45479164,6.8888965
1500078629505,6.716554,0.47394073,6.898471
1500078629568,6.678256,0.512239,6.8793216
1500078629632,6.7069798,0.54096264,6.869747
1500078629696,6.7069798,0.42606795,6.898471
1500078629760,6.668681,0.4835153,6.8888965
1500078629823,6.6878304,0.49308985,6.9176197
1500078629887,6.668681,0.4356425,6.9080453
1500078629951,6.6495323,0.56968635,6.9271946
1500078630015,6.7357035,0.3398969,6.898471
1500078630078,6.6495323,0.5218136,6.898471
1500078630142,6.6591067,0.4835153,6.9080453
1500078630206,6.6591067,0.40691882,6.9271946
1500078630269,6.6591067,0.39734426,6.9271946
1500078630333,6.6591067,0.44521707,6.9176197
1500078630397,6.668681,0.50266445,6.9080453
1500078630461,6.668681,0.39734426,6.9080453
1500078630524,6.6591067,0.4164934,6.936769
1500078630588,6.6495323,0.4356425,6.9176197
1500078630652,6.6495323,0.42606795,6.936769
1500078630715,6.639958,0.40691882,6.8601727
1500078630779,6.7069798,0.46436617,6.984642
1500078630843,6.6591067,0.3398969,6.8601727
1500078630907,6.630383,0.665432,6.9463434
1500078630970,6.7069798,0.359046,6.8793216
1500078631034,6.668681,0.47394073,6.9559183
1500078631098,6.6878304,0.44521707,6.8793216
1500078631162,6.6878304,0.61755913,6.869747
1500078631225,6.716554,0.54096264,6.8601727
1500078631289,6.716554,0.49308985,6.869747
1500078631353,6.7069798,0.54096264,6.8601727
1500078631416,6.716554,0.56011176,6.821874
1500078631480,6.697405,0.59841,6.831449
1500078631544,6.745278,0.5792609,6.8793216
1500078631608,6.783576,0.50266445,6.8027253
1500078631671,6.697405,0.751603,6.831449
1500078631735,6.745278,0.56011176,6.831449
1500078631799,6.697405,0.56011176,6.850598
1500078631863,6.745278,0.5505372,6.8122997
1500078631926,6.7357035,0.6750065,6.821874
1500078631990,6.764427,0.56011176,6.8122997
1500078632054,6.7357035,0.512239,6.831449
1500078632117,6.7261286,0.56011176,6.8793216
1500078632181,6.716554,0.5218136,6.8888965
1500078632245,6.668681,0.5888355,6.831449
1500078632309,6.783576,0.42606795,6.8793216
1500078632372,6.716554,0.56968635,6.850598
1500078632436,6.678256,0.54096264,6.8793216
1500078632500,6.697405,0.4356425,6.8888965
1500078632564,6.6878304,0.4835153,6.9080453
1500078632627,6.6878304,0.49308985,6.8888965
1500078632691,6.697405,0.5218136,6.8793216
1500078632755,6.697405,0.44521707,6.898471
1500078632818,6.678256,0.47394073,6.9080453
1500078632882,6.668681,0.46436617,6.8888965
1500078632946,6.668681,0.44521707,6.9176197
1500078633010,6.6495323,0.4164934,6.8601727
1500078633073,6.6878304,0.5505372,6.984642
1500078633137,6.7069798,0.27287498,6.8793216
1500078633201,6.6208086,0.6271337,6.936769
1500078633265,6.678256,0.36862057,6.898471
1500078633328,6.6495323,0.45479164,6.9654927
1500078633392,6.6591067,0.34947145,6.9271946
1500078633456,6.6495323,0.512239,6.936769
1500078633519,6.6878304,0.39734426,6.9176197
1500078633583,6.668681,0.40691882,6.9176197
1500078633647,6.6591067,0.47394073,6.9271946
1500078633711,6.678256,0.47394073,6.9176197
1500078633774,6.7069798,0.4356425,6.8888965
1500078633838,6.6591067,0.5218136,6.869747
1500078633902,6.7261286,0.50266445,6.9176197
1500078633965,6.716554,0.47394073,6.8410234
1500078634029,6.678256,0.665432,6.8888965
1500078634093,6.716554,0.4356425,6.8601727
1500078634157,6.697405,0.5505372,6.8888965
1500078634220,6.7261286,0.5218136,6.8410234
1500078634284,6.716554,0.6845811,6.8410234
1500078634348,6.7357035,0.56968635,6.821874
1500078634412,6.7357035,0.5505372,6.831449
1500078634475,6.716554,0.5888355,6.831449
1500078634539,6.7357035,0.56011176,6.821874
1500078634603,6.6878304,0.56011176,6.7931504
1500078634666,6.7740016,0.54096264,6.8793216
1500078634730,6.7261286,0.56011176,6.8122997
1500078634794,6.7069798,0.6079846,6.8888965
1500078634858,6.716554,0.4164934,6.8410234
1500078634921,6.697405,0.5218136,6.9080453
1500078634985,6.697405,0.4835153,6.869747
1500078635049,6.6878304,0.5792609,6.869747
1500078635113,6.716554,0.44521707,6.869747
1500078635176,6.6878304,0.46436617,6.898471
1500078635240,6.678256,0.47394073,6.9176197
1500078635304,6.678256,0.45479164,6.9080453
1500078635368,6.6495323,0.44521707,6.8410234
1500078635432,6.7261286,0.5218136,6.9654927
1500078635495,6.678256,0.3111732,6.8601727
1500078635558,6.6495323,0.59841,6.936769
1500078635622,6.6495323,0.359046,6.8888965
1500078635686,6.6591067,0.46436617,6.975067
1500078635751,6.6495323,0.36862057,6.9080453
1500078635814,6.668681,0.5313881,6.9176197
1500078635878,6.678256,0.40691882,6.898471
1500078635941,6.668681,0.4356425,6.936769
1500078636005,6.630383,0.4164934,6.9271946
1500078636068,6.6591067,0.46436617,6.9559183
1500078636132,6.6495323,0.37819514,6.9176197
1500078636196,6.639958,0.5313881,6.936769
1500078636259,6.7261286,0.3111732,6.9080453
1500078636323,6.6591067,0.5505372,6.9080453
1500078636387,6.6591067,0.5218136,6.9176197
1500078636451,6.6878304,0.42606795,6.9176197
1500078636514,6.668681,0.4356425,6.9080453
1500078636578,6.6878304,0.54096264,6.8793216
1500078636642,6.7069798,0.5792609,6.8601727
1500078636705,6.716554,0.50266445,6.869747
1500078636769,6.716554,0.50266445,6.8601727
1500078636833,6.697405,0.56011176,6.8601727
1500078636897,6.716554,0.5505372,6.850598
1500078636960,6.7069798,0.5888355,6.8410234
1500078637024,6.7261286,0.5888355,6.869747
1500078637088,6.783576,0.512239,6.8027253
1500078637151,6.678256,0.7228793,6.8410234
1500078637215,6.7548523,0.5313881,6.8410234
1500078637280,6.697405,0.5218136,6.869747
1500078637343,6.7357035,0.5218136,6.831449
1500078637406,6.7069798,0.6558574,6.831449
1500078637479,6.745278,0.56011176,6.850598
1500078637534,6.7261286,0.44521707,6.8601727
1500078637597,6.6878304,0.512239,6.869747
1500078637661,6.697405,0.54096264,6.8793216
1500078637725,6.697405,0.50266445,6.898471
1500078637789,6.678256,0.56968635,6.898471
1500078637852,6.7548523,0.34947145,6.8888965
1500078637916,6.668681,0.5313881,6.8888965
1500078637980,6.678256,0.50266445,6.9080453
1500078638043,6.6591067,0.3877697,6.9176197
1500078638107,6.6878304,0.40691882,6.9271946
1500078638171,6.6591067,0.45479164,6.8888965
1500078638235,6.678256,0.50266445,6.9080453
1500078638298,6.678256,0.40691882,6.9080453
1500078638362,6.6591067,0.42606795,6.9271946
1500078638426,6.6591067,0.42606795,6.9271946
1500078638489,6.6591067,0.4356425,6.9559183
1500078638553,6.6495323,0.42606795,6.9176197
1500078638617,6.6208086,0.49308985,6.8888965
1500078638681,6.7357035,0.34947145,6.9463434
1500078638744,6.6495323,0.3877697,6.9080453
1500078638808,6.639958,0.5505372,6.9654927
1500078638872,6.678256,0.37819514,6.9176197
1500078638936,6.6591067,0.42606795,6.9463434
1500078638999,6.668681,0.45479164,6.9176197
1500078639063,6.697405,0.56011176,6.869747
1500078639127,6.7069798,0.512239,6.8888965
1500078639191,6.697405,0.46436617,6.869747
1500078639254,6.678256,0.50266445,6.8888965
1500078639318,6.697405,0.5888355,6.8793216
1500078639382,6.668681,0.6558574,6.850598
1500078639445,6.745278,0.44521707,6.869747
1500078639509,6.7740016,0.42606795,6.869747
1500078639573,6.6591067,0.85692316,6.831449
1500078639637,6.745278,0.54096264,6.869747
1500078639700,6.697405,0.4835153,6.8601727
1500078639764,6.716554,0.5792609,6.831449
1500078639828,6.716554,0.665432,6.8122997
1500078639891,6.745278,0.665432,6.8027253
1500078639955,6.716554,0.54096264,6.869747
1500078640019,6.745278,0.37819514,6.8410234
1500078640083,6.7261286,0.5505372,6.869747
1500078640146,6.639958,0.6845811,6.8122997
1500078640210,6.7261286,0.49308985,6.9271946
1500078640274,6.7357035,0.359046,6.821874
1500078640338,6.668681,0.63670826,6.9080453
1500078640401,6.7069798,0.42606795,6.850598
1500078640465,6.668681,0.49308985,6.9463434
1500078640529,6.6878304,0.44521707,6.898471
1500078640592,6.6591067,0.49308985,6.9176197
1500078640656,6.6878304,0.4356425,6.9176197
1500078640720,6.6591067,0.44521707,6.9080453
1500078640784,6.6591067,0.49308985,6.936769
1500078640847,6.668681,0.4835153,6.9271946
1500078640911,6.6495323,0.3877697,6.9271946
1500078640975,6.716554,0.37819514,6.9176197
1500078641038,6.630383,0.54096264,6.8888965
1500078641102,6.6591067,0.47394073,6.936769
1500078641166,6.639958,0.34947145,6.9559183
1500078641230,6.6495323,0.37819514,6.975067
1500078641293,6.630383,0.44521707,6.9176197
1500078641357,6.668681,0.63670826,6.898471
1500078641421,6.697405,0.50266445,6.8793216
1500078641485,6.6878304,0.32074776,6.898471
1500078641548,6.6591067,0.54096264,6.9176197
1500078641612,6.678256,0.512239,6.8410234
1500078641676,6.716554,0.6271337,6.9176197
1500078641739,6.7357035,0.4835153,6.8410234
1500078641803,6.6495323,0.665432,6.869747
1500078641867,6.7357035,0.44521707,6.850598
1500078641931,6.6878304,0.61755913,6.898471
1500078641994,6.7261286,0.5218136,6.850598
1500078642058,6.716554,0.6845811,6.831449
1500078642122,6.7548523,0.5888355,6.821874
1500078642186,6.7261286,0.56968635,6.8410234
1500078642249,6.716554,0.5888355,6.8601727
1500078642313,6.7357035,0.5505372,6.869747
1500078642378,6.6591067,0.6271337,6.831449
1500078642441,6.7931504,0.45479164,6.869747
1500078642504,6.6878304,0.59841,6.8601727
1500078642568,6.7069798,0.56011176,6.8793216
1500078642632,6.6878304,0.44521707,6.869747
1500078642696,6.678256,0.5313881,6.9176197
1500078642759,6.6878304,0.47394073,6.8793216
1500078642823,6.6878304,0.5505372,6.8793216
1500078642887,6.716554,0.4356425,6.8888965
1500078642950,6.678256,0.47394073,6.9080453
1500078643014,6.678256,0.47394073,6.9080453
1500078643078,6.668681,0.45479164,6.9080453
1500078643141,6.6495323,0.4356425,6.869747
1500078643205,6.678256,0.5792609,6.984642
1500078643270,6.7069798,0.28244954,6.869747
1500078643333,6.630383,0.6079846,6.936769
1500078643405,6.6591067,0.3877697,6.9080453
1500078643460,6.6495323,0.47394073,6.975067
1500078643524,6.6495323,0.359046,6.936769
1500078643587,6.6495323,0.512239,6.9271946
1500078643651,6.678256,0.42606795,6.9080453
1500078643715,6.668681,0.45479164,6.9176197
1500078643779,6.668681,0.4835153,6.9271946
1500078643842,6.678256,0.47394073,6.898471
1500078643906,6.6878304,0.49308985,6.8793216
1500078643970,6.6591067,0.5313881,6.869747
1500078644034,6.7069798,0.56011176,6.9176197
1500078644097,6.7357035,0.44521707,6.850598
1500078644161,6.6591067,0.69415563,6.8793216
1500078644225,6.7261286,0.512239,6.850598
1500078644288,6.697405,0.54096264,6.8888965
1500078644352,6.7261286,0.5505372,6.850598
1500078644416,6.7261286,0.6750065,6.821874
1500078644480,6.745278,0.6079846,6.8122997
1500078644543,6.7357035,0.5792609,6.8410234
1500078644607,6.7069798,0.59841,6.831449
1500078644671,6.7261286,0.6079846,6.850598
1500078644735,6.7261286,0.5792609,6.8410234
1500078644798,6.7261286,0.64628285,6.8793216
1500078644862,6.783576,0.46436617,6.8122997
1500078644926,6.678256,0.69415563,6.850598
1500078644989,6.7357035,0.49308985,6.8793216
1500078645053,6.6878304,0.4835153,6.8888965
1500078645117,6.716554,0.5313881,6.8793216
1500078645181,6.6878304,0.54096264,6.8601727
1500078645245,6.7069798,0.5313881,6.869747
1500078645308,6.716554,0.45479164,6.898471
1500078645372,6.678256,0.4835153,6.869747
1500078645436,6.678256,0.50266445,6.9080453
1500078645499,6.668681,0.47394073,6.9176197
1500078645564,6.6495323,0.5792609,6.9176197
1500078645626,6.745278,0.33032233,6.9080453
1500078645691,6.639958,0.5505372,6.9176197
1500078645755,6.668681,0.47394073,6.9080453
1500078645819,6.6495323,0.42606795,6.9463434
1500078645883,6.678256,0.39734426,6.936769
1500078645945,6.639958,0.4835153,6.9080453
1500078646009,6.678256,0.50266445,6.9176197
1500078646073,6.668681,0.40691882,6.9080453
1500078646136,6.6591067,0.42606795,6.9176197
1500078646200,6.6495323,0.46436617,6.9271946
1500078646264,6.6591067,0.46436617,6.9463434
1500078646328,6.668681,0.4164934,6.9559183
1500078646391,6.6208086,0.47394073,6.8888965
1500078646455,6.7261286,0.34947145,6.9654927
1500078646519,6.630383,0.49308985,6.898471
1500078646582,6.639958,0.56968635,6.936769
1500078646646,6.6878304,0.359046,6.9080453
1500078646710,6.668681,0.4356425,6.936769
1500078646774,6.668681,0.5218136,6.8888965
1500078646837,6.678256,0.5792609,6.869747
1500078646901,6.716554,0.4835153,6.8888965
1500078646965,6.697405,0.47394073,6.8793216
1500078647028,6.6878304,0.56011176,6.8793216
1500078647092,6.697405,0.5888355,6.8888965
1500078647156,6.716554,0.5218136,6.8410234
1500078647220,6.6878304,0.6079846,6.8410234
1500078647283,6.783576,0.47394073,6.850598
1500078647347,6.697405,0.6750065,6.8122997
1500078647411,6.716554,0.6558574,6.8601727
1500078647475,6.7069798,0.4835153,6.831449
1500078647538,6.7261286,0.5792609,6.8601727
1500078647602,6.7357035,0.56968635,6.821874
1500078647666,6.7261286,0.6750065,6.831449
1500078647729,6.745278,0.5313881,6.8410234
1500078647793,6.7261286,0.5313881,6.8601727
1500078647857,6.7069798,0.5505372,6.8601727
1500078647920,6.716554,0.54096264,6.850598
1500078647984,6.716554,0.5505372,6.869747
1500078648048,6.6878304,0.5888355,6.8888965
1500078648112,6.783576,0.359046,6.8601727
1500078648176,6.639958,0.61755913,6.898471
1500078648239,6.697405,0.5218136,6.8888965
1500078648304,6.678256,0.42606795,6.9080453
1500078648367,6.697405,0.44521707,6.9080453
1500078648439,6.6591067,0.512239,6.898471
1500078648494,6.678256,0.54096264,6.898471
1500078648558,6.6878304,0.42606795,6.898471
1500078648621,6.678256,0.44521707,6.9080453
1500078648685,6.668681,0.46436617,6.9080453
1500078648749,6.668681,0.4835153,6.936769
1500078648813,6.668681,0.4356425,6.9176197
1500078648876,6.639958,0.5218136,6.9080453
1500078648940,6.7357035,0.3398969,6.9176197
1500078649004,6.639958,0.47394073,6.9080453
1500078649067,6.668681,0.4835153,6.9271946
1500078649131,6.6591067,0.39734426,6.9271946
1500078649195,6.668681,0.4356425,6.936769
1500078649259,6.6591067,0.45479164,6.898471
1500078649322,6.678256,0.5505372,6.898471
1500078649386,6.6878304,0.47394073,6.8793216
1500078649450,6.697405,0.45479164,6.898471
1500078649513,6.6878304,0.5218136,6.898471
1500078649577,6.745278,0.47394073,6.8793216
1500078649641,6.831449,0.33032233,6.9176197
1500078649705,6.8027253,0.3111732,6.869747
1500078649768,6.8027253,0.45479164,6.7261286
1500078649832,6.6878304,0.54096264,6.6591067
1500078649896,6.821874,1.1154363,6.7931504
1500078649959,6.936769,0.40691882,6.563361
1500078650023,6.9463434,0.76117754,6.639958
1500078650087,7.089962,0.12925656,6.639958
1500078650151,7.042089,0.15798025,6.639958
1500078650214,7.0708127,0.56968635,6.6495323
1500078650279,6.984642,0.5218136,6.486765
1500078650342,6.850598,0.56968635,6.4484663
1500078650414,6.697405,1.2207564,6.611234
1500078650469,7.2335806,0.20585304,6.639958
1500078650533,7.2240057,-0.37819514,6.4197426
1500078650597,7.089962,0.56968635,6.5059137
1500078650660,7.0995364,0.44521707,6.5729356
1500078650724,7.0133657,0.39734426,6.5346375
1500078650788,6.984642,0.46436617,6.611234
1500078650852,6.984642,0.44521707,6.592085
1500078650915,7.042089,0.4164934,6.563361
1500078650979,7.02294,0.44521707,6.5729356
1500078651043,7.0612383,0.32074776,6.592085
1500078651106,7.0133657,0.36862057,6.592085
1500078651170,6.975067,0.4835153,6.5346375
1500078651234,7.0612383,0.42606795,6.630383
1500078651298,7.003791,0.36862057,6.5729356
1500078651361,6.9654927,0.4835153,6.630383
1500078651425,6.9942164,0.3398969,6.6016593
1500078651489,6.9463434,0.47394073,6.678256
1500078651553,6.9463434,0.32074776,6.630383
1500078651616,6.936769,0.45479164,6.6591067
1500078651680,6.9559183,0.34947145,6.6495323
1500078651744,7.0708127,0.23457673,6.7069798
1500078651807,6.9654927,0.11968201,6.831449
1500078651871,6.764427,0.39734426,6.37187
1500078651935,7.1186857,0.77075213,6.7069798
1500078651999,6.668681,1.0005416,6.5059137
1500078652062,7.176133,1.0388398,6.7548523
1500078652126,6.975067,0.014361841,6.6016593
1500078652190,6.6878304,0.4835153,6.5537868
1500078652254,6.8122997,1.0388398,6.8027253
1500078652317,7.1186857,0.05266008,6.7548523
1500078652381,6.8027253,0.32074776,6.7548523
1500078652445,6.7931504,0.59841,6.783576
1500078652509,6.8122997,0.50266445,6.7740016
1500078652572,6.8410234,0.49308985,6.716554
1500078652636,6.7931504,0.6750065,6.6878304
1500078652700,6.8601727,0.70373017,6.7740016
1500078652763,6.869747,0.44521707,6.668681
1500078652827,6.764427,0.665432,6.8027253
1500078652891,6.8122997,0.46436617,6.783576
1500078652955,6.783576,0.4835153,6.7931504
1500078653018,6.831449,0.54096264,6.783576
1500078653082,6.8027253,0.6079846,6.764427
1500078653146,6.831449,0.56011176,6.7931504
1500078653210,6.764427,0.5313881,6.783576
1500078653273,6.7931504,0.54096264,6.8027253
1500078653337,6.764427,0.4835153,6.764427
1500078653401,6.783576,0.6845811,6.869747
1500078653464,6.821874,0.34947145,6.764427
1500078653528,6.7548523,0.665432,6.821874
1500078653592,6.7740016,0.46436617,6.7931504
1500078653655,6.764427,0.54096264,6.821874
1500078653719,6.7740016,0.46436617,6.850598
1500078653783,6.7740016,0.49308985,6.8122997
1500078653847,6.783576,0.56011176,6.831449
1500078653910,6.783576,0.45479164,6.8027253
1500078653974,6.745278,0.512239,6.8027253
1500078654038,6.7740016,0.54096264,6.831449
1500078654102,6.764427,0.45479164,6.8122997
1500078654165,6.745278,0.6558574,6.850598
1500078654229,6.821874,0.33032233,6.8027253
1500078654293,6.7261286,0.61755913,6.831449
1500078654356,6.7740016,0.49308985,6.821874
1500078654420,6.764427,0.46436617,6.850598
1500078654484,6.764427,0.45479164,6.850598
1500078654548,6.745278,0.49308985,6.8027253
1500078654611,6.7740016,0.5888355,6.8027253
1500078654675,6.7740016,0.54096264,6.8027253
1500078654739,6.783576,0.4835153,6.783576
1500078654803,6.8122997,0.54096264,6.8027253
1500078654866,6.783576,0.5505372,6.783576
1500078654930,6.7931504,0.64628285,6.821874
1500078654994,6.8410234,0.3877697,6.7357035
1500078655057,6.8122997,0.64628285,6.8027253
1500078655121,6.869747,0.45479164,6.831449
1500078655185,6.7740016,0.44521707,6.7357035
1500078655249,6.7740016,0.7324539,6.7261286
1500078655312,6.8410234,0.5313881,6.7261286
1500078655376,6.8601727,0.5505372,6.7357035
1500078655441,6.8027253,0.5505372,6.7357035
1500078655504,6.850598,0.512239,6.764427
1500078655568,6.783576,0.512239,6.7357035
1500078655631,6.821874,0.69415563,6.8122997
1500078655694,6.869747,0.3398969,6.7069798
1500078655759,6.7931504,0.6845811,6.783576
1500078655823,6.8027253,0.4835153,6.7548523
1500078655886,6.8122997,0.54096264,6.8122997
1500078655951,6.7931504,0.47394073,6.7931504
1500078656013,6.8027253,0.56011176,6.7931504
1500078656077,6.7931504,0.54096264,6.783576
1500078656141,6.8122997,0.5218136,6.821874
1500078656205,6.7931504,0.46436617,6.8122997
1500078656268,6.7740016,0.5792609,6.7740016
1500078656332,6.8601727,0.4835153,6.8027253
1500078656395,6.7740016,0.56011176,6.7740016
1500078656459,6.7931504,0.6079846,6.783576
1500078656523,6.8027253,0.50266445,6.7931504
1500078656587,6.8122997,0.56011176,6.7931504
1500078656650,6.8027253,0.56011176,6.764427
1500078656714,6.8027253,0.6558574,6.764427
1500078656778,6.821874,0.5888355,6.745278
1500078656842,6.821874,0.6271337,6.7740016
1500078656905,6.8122997,0.5888355,6.7548523
1500078656969,6.783576,0.64628285,6.716554
1500078657033,6.8793216,0.63670826,6.7548523
1500078657096,6.8122997,0.6845811,6.7261286
1500078657160,6.8122997,0.78032666,6.745278
1500078657224,6.8122997,0.5888355,6.7357035
1500078657288,6.821874,0.665432,6.7357035
1500078657351,6.821874,0.6558574,6.7261286
1500078657415,6.831449,0.7228793,6.7069798
1500078657479,6.8410234,0.61755913,6.7357035
1500078657542,6.7931504,0.61755913,6.7548523
1500078657606,6.831449,0.5792609,6.764427
1500078657671,6.764427,0.56011176,6.7069798
1500078657735,6.8410234,0.6845811,6.831449
1500078657797,6.8122997,0.4835153,6.7357035
1500078657861,6.7740016,0.69415563,6.783576
1500078657925,6.8027253,0.4835153,6.783576
1500078657988,6.7740016,0.56968635,6.831449
1500078658052,6.7931504,0.512239,6.7931504
1500078658116,6.7740016,0.6079846,6.7931504
1500078658180,6.7931504,0.54096264,6.8027253
1500078658243,6.783576,0.512239,6.8122997
1500078658307,6.764427,0.5313881,6.7931504
1500078658371,6.7740016,0.5313881,6.8410234
1500078658435,6.764427,0.5313881,6.8027253
1500078658498,6.745278,0.63670826,6.850598
1500078658562,6.8122997,0.34947145,6.7931504
1500078658626,6.7357035,0.6558574,6.831449
1500078658689,6.764427,0.50266445,6.821874
1500078658753,6.7548523,0.512239,6.850598
1500078658817,6.764427,0.46436617,6.8410234
1500078658881,6.745278,0.5313881,6.821874
1500078658944,6.764427,0.56968635,6.821874
1500078659008,6.7548523,0.46436617,6.831449
1500078659072,6.745278,0.54096264,6.821874
1500078659135,6.745278,0.4835153,6.8410234
1500078659199,6.745278,0.56968635,6.8601727
1500078659263,6.7548523,0.4835153,6.831449
1500078659327,6.7357035,0.5313881,6.8027253
1500078659390,6.8122997,0.46436617,6.8601727
1500078659454,6.7357035,0.49308985,6.8122997
1500078659518,6.716554,0.6750065,6.850598
1500078659581,6.783576,0.42606795,6.821874
1500078659645,6.764427,0.512239,6.869747
1500078659709,6.7548523,0.512239,6.8027253
1500078659773,6.7740016,0.6558574,6.8027253
1500078659836,6.783576,0.5313881,6.8027253
1500078659900,6.7740016,0.5505372,6.7931504
1500078659964,6.764427,0.56968635,6.8027253
1500078660028,6.7740016,0.6271337,6.821874
1500078660091,6.783576,0.59841,6.7931504
1500078660155,6.764427,0.665432,6.783576
1500078660219,6.850598,0.5218136,6.7740016
1500078660283,6.7740016,0.665432,6.764427
1500078660346,6.783576,0.69415563,6.7931504
1500078660419,6.7740016,0.5505372,6.7740016
1500078660474,6.8122997,0.6079846,6.783576
1500078660537,6.783576,0.6558574,6.7548523
1500078660601,6.8027253,0.751603,6.7357035
1500078660665,6.821874,0.5792609,6.7740016
1500078660728,6.8027253,0.5888355,6.7548523
1500078660792,6.7740016,0.665432,6.783576
1500078660856,6.7931504,0.5888355,6.7740016
1500078660920,6.764427,0.56968635,6.7357035
1500078660983,6.831449,0.61755913,6.831449
1500078661047,6.7931504,0.4835153,6.7357035
1500078661111,6.7548523,0.6845811,6.821874
1500078661175,6.764427,0.4835153,6.783576
1500078661238,6.764427,0.5505372,6.850598
1500078661302,6.7740016,0.50266445,6.8027253
1500078661366,6.764427,0.59841,6.8027253
1500078661429,6.7740016,0.5218136,6.8027253
1500078661493,6.7548523,0.5218136,6.821874
1500078661557,6.7548523,0.512239,6.831449
1500078661620,6.745278,0.5218136,6.831449
1500078661684,6.7548523,0.5218136,6.8410234
1500078661748,6.745278,0.512239,6.8122997
1500078661812,6.745278,0.6271337,6.850598
1500078661875,6.8027253,0.3398969,6.831449
1500078661939,6.7069798,0.6271337,6.8601727
1500078662003,6.7548523,0.49308985,6.8410234
1500078662066,6.745278,0.47394073,6.8601727
1500078662130,6.764427,0.4356425,6.8410234
1500078662194,6.7261286,0.5313881,6.831449
1500078662258,6.745278,0.5888355,6.821874
1500078662321,6.764427,0.4835153,6.8027253
1500078662385,6.7548523,0.5218136,6.831449
1500078662449,6.7548523,0.54096264,6.831449
1500078662513,6.764427,0.5792609,6.831449
1500078662576,6.764427,0.54096264,6.8027253
1500078662640,6.7548523,0.63670826,6.8122997
1500078662704,6.831449,0.47394073,6.7931504
1500078662768,6.764427,0.665432,6.8027253
1500078662832,6.7740016,0.665432,6.8122997
1500078662896,6.7740016,0.5218136,6.8027253
1500078662959,6.783576,0.59841,6.7931504
1500078663022,6.783576,0.61755913,6.764427
1500078663086,6.7931504,0.7228793,6.7548523
1500078663150,6.8122997,0.6079846,6.7740016
1500078663214,6.7931504,0.59841,6.7740016
1500078663277,6.783576,0.61755913,6.783576
1500078663341,6.7931504,0.5888355,6.764427
1500078663405,6.7548523,0.61755913,6.7548523
1500078663468,6.8122997,0.6558574,6.831449
1500078663532,6.821874,0.47394073,6.745278
1500078663596,6.7261286,0.70373017,6.831449
1500078663659,6.7740016,0.5313881,6.8027253
1500078663723,6.7357035,0.5313881,6.831449
1500078663787,6.783576,0.5218136,6.8122997
1500078663851,6.745278,0.56968635,6.8122997
1500078663914,6.7740016,0.56968635,6.8122997
1500078663978,6.764427,0.49308985,6.821874
1500078664042,6.745278,0.54096264,6.850598
1500078664105,6.745278,0.54096264,6.8410234
1500078664169,6.745278,0.50266445,6.8410234
1500078664233,6.716554,0.50266445,6.764427
1500078664297,6.783576,0.5888355,6.8888965
1500078664360,6.745278,0.37819514,6.8027253
1500078664424,6.716554,0.6750065,6.869747
1500078664488,6.7548523,0.42606795,6.821874
1500078664551,6.7357035,0.5313881,6.8888965
1500078664615,6.7357035,0.45479164,6.8410234
1500078664679,6.7357035,0.56968635,6.8410234
1500078664743,6.745278,0.5218136,6.8410234
1500078664806,6.7357035,0.4835153,6.8601727
1500078664870,6.7357035,0.47394073,6.8601727
1500078664934,6.7357035,0.4835153,6.8601727
1500078664997,6.7357035,0.5218136,6.850598
1500078665061,6.7357035,0.54096264,6.8122997
1500078665125,6.745278,0.6079846,6.8888965
1500078665189,6.7931504,0.3398969,6.8027253
1500078665252,6.697405,0.7420284,6.8410234
1500078665316,6.764427,0.5218136,6.8410234
1500078665380,6.745278,0.5313881,6.850598
1500078665443,6.764427,0.50266445,6.8122997
1500078665507,6.764427,0.6271337,6.8027253
1500078665571,6.764427,0.63670826,6.783576
1500078665635,6.783576,0.5888355,6.7931504
1500078665698,6.7740016,0.5792609,6.7931504
1500078665762,6.783576,0.64628285,6.8027253
1500078665826,6.783576,0.6271337,6.8122997
1500078665889,6.764427,0.6750065,6.7931504
1500078665953,6.831449,0.56011176,6.764427
1500078666017,6.7548523,0.7420284,6.7740016
1500078666080,6.7931504,0.6558574,6.783576
1500078666144,6.764427,0.5505372,6.783576
1500078666208,6.7931504,0.59841,6.7931504
1500078666272,6.7740016,0.6271337,6.7740016
1500078666335,6.783576,0.6750065,6.7740016
1500078666399,6.8027253,0.5218136,6.7931504
1500078666463,6.7740016,0.56011176,6.7931504
1500078666526,6.783576,0.59841,6.831449
1500078666590,6.7548523,0.5888355,6.821874
1500078666654,6.745278,0.59841,6.8027253
1500078666718,6.821874,0.45479164,6.821874
1500078666781,6.745278,0.59841,6.831449
1500078666845,6.745278,0.5505372,6.831449
1500078666909,6.745278,0.512239,6.831449
1500078666972,6.764427,0.49308985,6.850598
1500078667036,6.7357035,0.512239,6.8410234
1500078667100,6.7548523,0.5888355,6.831449
1500078667164,6.7548523,0.49308985,6.8410234
1500078667227,6.7357035,0.512239,6.850598
1500078667291,6.7357035,0.49308985,6.850598
1500078667355,6.7357035,0.5313881,6.869747
1500078667418,6.7357035,0.4835153,6.8601727
1500078667482,6.716554,0.5313881,6.7931504
1500078667546,6.783576,0.512239,6.8888965
1500078667610,6.716554,0.4164934,6.821874
1500078667673,6.716554,0.63670826,6.869747
1500078667737,6.745278,0.4164934,6.8410234
1500078667802,6.7261286,0.50266445,6.8793216
1500078667865,6.7069798,0.46436617,6.8410234
1500078667929,6.7357035,0.59841,6.8601727
1500078667993,6.7548523,0.49308985,6.821874
1500078668056,6.7548523,0.5313881,6.8410234
1500078668119,6.7357035,0.56011176,6.8410234
1500078668183,6.7357035,0.5792609,6.8410234
1500078668247,6.745278,0.5888355,6.8601727
1500078668310,6.7548523,0.5792609,6.8888965
1500078668374,6.7069798,0.63670826,6.7931504
1500078668438,6.783576,0.5313881,6.8027253
1500078668502,6.7261286,0.70373017,6.821874
1500078668565,6.7548523,0.6558574,6.821874
1500078668629,6.764427,0.50266445,6.8027253
1500078668693,6.7740016,0.59841,6.8122997
1500078668757,6.764427,0.63670826,6.783576
1500078668820,6.783576,0.7228793,6.7740016
1500078668884,6.8027253,0.59841,6.783576
1500078668948,6.7931504,0.6079846,6.7931504
1500078669011,6.7548523,0.6271337,6.7931504
1500078669075,6.7931504,0.665432,6.7740016
1500078669139,6.764427,0.61755913,6.764427
1500078669203,6.7931504,0.665432,6.8410234
1500078669266,6.821874,0.4835153,6.745278
1500078669330,6.7261286,0.78990126,6.821874
1500078669394,6.7931504,0.56968635,6.821874
1500078669457,6.7548523,0.5313881,6.831449
1500078669521,6.7931504,0.5505372,6.8122997
1500078669585,6.764427,0.63670826,6.8027253
1500078669648,6.7548523,0.6558574,6.8027253
1500078669712,6.7548523,0.5218136,6.8122997
1500078669776,6.7548523,0.54096264,6.821874
1500078669840,6.764427,0.56011176,6.850598
1500078669903,6.7548523,0.56968635,6.821874
1500078669967,6.7261286,0.5505372,6.7548523
1500078670031,6.8027253,0.5505372,6.869747
1500078670095,6.745278,0.512239,6.7931504
1500078670158,6.7261286,0.6558574,6.850598
1500078670223,6.7548523,0.4356425,6.821874
1500078670286,6.745278,0.5505372,6.8793216
1500078670349,6.745278,0.50266445,6.821874
1500078670413,6.7357035,0.63670826,6.8410234
1500078670477,6.745278,0.512239,6.831449
1500078670541,6.745278,0.512239,6.8793216
1500078670604,6.716554,0.44521707,6.850598
1500078670668,6.7357035,0.512239,6.8793216
1500078670732,6.716554,0.47394073,6.8601727
1500078670795,6.7069798,0.49308985,6.8027253
1500078670859,6.7548523,0.56011176,6.9176197
1500078670923,6.7261286,0.42606795,6.821874
1500078670987,6.6878304,0.6845811,6.869747
1500078671050,6.745278,0.46436617,6.8410234
1500078671114,6.7261286,0.56011176,6.8601727
1500078671178,6.7548523,0.5313881,6.831449
1500078671241,6.745278,0.6271337,6.821874
1500078671305,6.745278,0.5888355,6.8122997
1500078671369,6.7548523,0.56011176,6.821874
1500078671433,6.745278,0.5792609,6.783576
1500078671496,6.764427,0.64628285,6.831449
1500078671560,6.7740016,0.6271337,6.8122997
1500078671624,6.745278,0.64628285,6.8122997
1500078671687,6.831449,0.5218136,6.783576
1500078671751,6.7357035,0.7420284,6.7931504
1500078671815,6.783576,0.6845811,6.8122997
1500078671879,6.745278,0.5792609,6.8027253
1500078671942,6.7740016,0.64628285,6.783576
1500078672006,6.7740016,0.6845811,6.783576
1500078672070,6.783576,0.70373017,6.764427
1500078672133,6.8027253,0.5792609,6.783576
1500078672197,6.764427,0.61755913,6.7931504
1500078672261,6.7740016,0.6079846,6.8027253
1500078672325,6.7357035,0.5792609,6.7740016
1500078672388,6.7548523,0.69415563,6.869747
1500078672452,6.821874,0.46436617,6.7740016
1500078672516,6.716554,0.7420284,6.8410234
1500078672579,6.7548523,0.5313881,6.831449
1500078672643,6.7357035,0.5218136,6.869747
1500078672707,6.7548523,0.5313881,6.850598
1500078672771,6.7261286,0.5792609,6.8410234
1500078672834,6.7357035,0.59841,6.831449
1500078672898,6.7357035,0.512239,6.8410234
1500078672963,6.7357035,0.54096264,6.8410234
1500078673026,6.7261286,0.54096264,6.8601727
1500078673090,6.7261286,0.5218136,6.869747
1500078673153,6.7069798,0.512239,6.7931504
1500078673217,6.7548523,0.5888355,6.9080453
1500078673280,6.7357035,0.36862057,6.7931504
1500078673344,6.697405,0.665432,6.8888965
1500078673408,6.7357035,0.4164934,6.850598
1500078673472,6.7261286,0.512239,6.9080453
1500078673535,6.7261286,0.4835153,6.8601727
1500078673599,6.7261286,0.61755913,6.850598
1500078673663,6.745278,0.5218136,6.8410234
1500078673726,6.7357035,0.5313881,6.8410234
1500078673790,6.7261286,0.56011176,6.831449
1500078673854,6.745278,0.59841,6.8601727
1500078673918,6.7548523,0.56011176,6.821874
1500078673981,6.7261286,0.6271337,6.8122997
1500078674045,6.8122997,0.5218136,6.821874
1500078674109,6.7357035,0.6750065,6.8027253
1500078674172,6.745278,0.6845811,6.821874
1500078674236,6.7548523,0.5313881,6.8122997
1500078674300,6.764427,0.6079846,6.8027253
1500078674364,6.7740016,0.64628285,6.783576
1500078674427,6.764427,0.7324539,6.783576
1500078674491,6.7931504,0.61755913,6.7740016
1500078674555,6.7548523,0.59841,6.783576
1500078674618,6.7931504,0.6079846,6.783576
1500078674682,6.7357035,0.61755913,6.783576
1500078674746,6.7740016,0.70373017,6.850598
1500078674810,6.8027253,0.46436617,6.783576
1500078674873,6.7261286,0.71330476,6.8122997
1500078674937,6.764427,0.5313881,6.8122997
1500078675001,6.745278,0.56968635,6.831449
1500078675065,6.764427,0.5313881,6.831449
1500078675128,6.7357035,0.5792609,6.821874
1500078675192,6.7548523,0.56011176,6.821874
1500078675256,6.745278,0.5313881,6.850598
1500078675319,6.7261286,0.5313881,6.831449
1500078675383,6.7261286,0.5313881,6.8601727
1500078675447,6.7069798,0.5218136,6.8601727
1500078675511,6.716554,0.6271337,6.869747
1500078675574,6.783576,0.37819514,6.8410234
1500078675638,6.697405,0.6271337,6.8601727
1500078675702,6.7357035,0.49308985,6.8601727
1500078675765,6.716554,0.512239,6.8793216
1500078675829,6.7261286,0.45479164,6.869747
1500078675893,6.716554,0.5313881,6.8601727
1500078675956,6.7069798,0.56011176,6.8601727
1500078676020,6.7261286,0.47394073,6.8601727
1500078676084,6.716554,0.50266445,6.869747
1500078676147,6.716554,0.512239,6.869747
1500078676211,6.7069798,0.49308985,6.869747
1500078676275,6.7261286,0.49308985,6.8122997
1500078676339,6.7261286,0.61755913,6.9176197
1500078676402,6.7548523,0.3398969,6.821874
1500078676466,6.678256,0.69415563,6.8888965
1500078676530,6.745278,0.47394073,6.8410234
1500078676594,6.716554,0.54096264,6.8793216
1500078676657,6.745278,0.5218136,6.8410234
1500078676721,6.7357035,0.6079846,6.831449
1500078676785,6.745278,0.6079846,6.821874
1500078676848,6.764427,0.54096264,6.8410234
1500078676912,6.7357035,0.56968635,6.831449
1500078676976,6.764427,0.59841,6.8122997
1500078677040,6.745278,0.61755913,6.8122997
1500078677103,6.7548523,0.665432,6.8410234
1500078677167,6.821874,0.4835153,6.783576
1500078677231,6.7357035,0.77075213,6.821874
1500078677294,6.7931504,0.6079846,6.8027253
1500078677358,6.7261286,0.59841,6.8122997
1500078677422,6.783576,0.59841,6.7931504
1500078677486,6.764427,0.6845811,6.7931504
1500078677549,6.7740016,0.665432,6.783576
1500078677613,6.783576,0.56968635,6.8027253
1500078677677,6.745278,0.5792609,6.7931504
1500078677740,6.7740016,0.63670826,6.8122997
1500078677804,6.7548523,0.63670826,6.7931504
1500078677868,6.764427,0.63670826,6.850598
1500078677932,6.8027253,0.4356425,6.783576
1500078677995,6.7069798,0.751603,6.8410234
1500078678060,6.7740016,0.50266445,6.821874
1500078678124,6.7261286,0.512239,6.850598
1500078678186,6.7548523,0.54096264,6.8410234
1500078678250,6.745278,0.5792609,6.831449
1500078678314,6.764427,0.56011176,6.831449
1500078678378,6.745278,0.49308985,6.850598
1500078678441,6.7261286,0.5218136,6.850598
1500078678505,6.7261286,0.5505372,6.8601727
1500078678569,6.7261286,0.49308985,6.869747
1500078678633,6.697405,0.6079846,6.8601727
1500078678696,6.8027253,0.3877697,6.8410234
1500078678760,6.6878304,0.5792609,6.8601727
1500078678824,6.7357035,0.54096264,6.869747
1500078678887,6.7261286,0.47394073,6.8601727
1500078678951,6.7261286,0.46436617,6.8793216
1500078679015,6.716554,0.50266445,6.850598
1500078679078,6.716554,0.56968635,6.8601727
1500078679142,6.7261286,0.47394073,6.850598
1500078679206,6.7261286,0.47394073,6.8793216
1500078679270,6.7069798,0.49308985,6.8601727
1500078679333,6.7261286,0.50266445,6.8888965
1500078679397,6.716554,0.4835153,6.8410234
1500078679461,6.7261286,0.6079846,6.9080453
1500078679524,6.783576,0.32074776,6.831449
1500078679588,6.6878304,0.70373017,6.869747
1500078679652,6.745278,0.50266445,6.8410234
1500078679716,6.7261286,0.512239,6.8793216
1500078679779,6.745278,0.50266445,6.850598
1500078679843,6.7357035,0.61755913,6.821874
1500078679907,6.7548523,0.61755913,6.8122997
1500078679970,6.764427,0.54096264,6.821874
1500078680034,6.745278,0.56968635,6.831449
1500078680098,6.764427,0.59841,6.8410234
1500078680162,6.7548523,0.6079846,6.7931504
1500078680225,6.7357035,0.64628285,6.7931504
1500078680289,6.7931504,0.5505372,6.850598
1500078680353,6.7931504,0.5792609,6.783576
1500078680416,6.7261286,0.90479594,6.7931504
1500078680480,6.764427,0.8186249,6.8410234
1500078680544,6.764427,0.76117754,6.8027253
1500078680608,6.764427,0.78032666,6.716554
1500078680671,6.8027253,1.0675635,6.668681
1500078680735,6.8888965,0.9526688,6.7261286
1500078680799,6.7931504,0.44521707,6.716554
1500078680862,6.8027253,0.6558574,6.7357035
1500078680926,6.8122997,0.8281995,6.821874
1500078680990,6.764427,0.7420284,6.7357035
1500078681054,6.869747,0.47394073,6.764427
1500078681117,6.8410234,0.5792609,6.716554
1500078681181,6.8888965,0.8281995,6.8122997
1500078681245,6.850598,0.5792609,6.745278
1500078681308,6.8027253,0.61755913,6.850598
1500078681372,6.5729356,0.9718179,6.898471
1500078681436,6.151655,1.0484143,6.821874
1500078681500,6.630383,0.44521707,6.9559183
1500078681563,6.850598,1.2111819,6.5537868
1500078681627,7.0133657,0.44521707,6.8410234
1500078681691,6.7357035,0.83777404,6.7261286
1500078681755,6.8888965,0.61755913,6.8410234
1500078681818,6.869747,0.44521707,6.716554
1500078681882,6.745278,0.78032666,6.850598
1500078681946,6.7740016,0.4835153,6.783576
1500078682009,6.783576,0.5888355,6.821874
1500078682073,6.783576,0.5792609,6.8122997
1500078682137,6.745278,0.63670826,6.821874
1500078682201,6.7740016,0.5218136,6.8122997
1500078682264,6.7357035,0.56968635,6.831449
1500078682328,6.7548523,0.6079846,6.850598
1500078682392,6.7357035,0.5505372,6.8410234
1500078682455,6.7261286,0.5888355,6.7740016
1500078682519,6.7548523,0.5792609,6.898471
1500078682583,6.745278,0.44521707,6.821874
1500078682646,6.716554,0.63670826,6.8601727
1500078682710,6.745278,0.4835153,6.8410234
1500078682774,6.7357035,0.5218136,6.8793216
1500078682838,6.7261286,0.50266445,6.831449
1500078682901,6.7261286,0.64628285,6.8410234
1500078682965,6.764427,0.50266445,6.831449
1500078683029,6.745278,0.5313881,6.821874
1500078683092,6.745278,0.64628285,6.8601727
1500078683156,6.764427,0.6079846,6.8793216
1500078683221,6.7548523,0.40691882,6.8027253
1500078683284,6.869747,0.39734426,6.8888965
1500078683347,6.783576,0.42606795,6.850598
1500078683411,6.7069798,1.4026731,6.8793216
1500078683475,7.089962,0.93351966,7.2335806
1500078683538,6.391019,0.014361841,6.333572
1500078683602,7.156984,0.7420284,6.9176197
1500078683666,7.3771987,1.0771381,6.410168
1500078683729,6.9942164,1.3356512,6.831449
1500078683793,6.8888965,1.6037389,6.9080453
1500078683857,7.329326,1.8526775,6.639958
1500078683921,6.6591067,1.0196906,6.0463347
1500078683984,6.3527207,0.512239,5.960164
1500078684048,5.261221,-0.70373017,5.28037
1500078684112,5.38569,-4.696322,4.275041
1500078684176,4.7250457,-6.5729356,3.0016246
1500078684240,5.500585,-9.407005,-0.63670826
1500078684303,6.5825105,-9.75169,-2.9346027
1500078684367,3.758015,-8.277207,-1.3260766
1500078684430,3.4420545,-9.608071,-1.4888442
1500078684494,2.6952388,-12.135756,-1.1537346
1500078684558,2.733537,-10.460207,-0.5888355
1500078684621,2.3888528,-10.393186,-1.6516117
1500078684685,2.3984275,-9.579348,-2.0824668
1500078684749,2.4654493,-9.29211,-1.4984187
1500078684813,2.6952388,-9.818711,-1.709059
1500078684876,3.365458,-10.287866,-2.015445
1500078684940,4.8973875,-11.992137,-1.4218222
1500078685004,4.5527034,-12.920869,-1.2590547
1500078685067,4.0931244,-10.316589,-1.2399056
1500078685131,3.9016335,-8.210186,-0.69415563
1500078685195,3.7484405,-6.2665496,0.9526688
1500078685259,3.6143966,-5.088879,1.4505459
1500078685322,4.121848,-5.739949,1.7665064
1500078685386,4.2463174,-6.7548523,1.7569319
1500078685450,4.5239797,-8.124015,1.3930986
1500078685514,3.8537605,-8.650616,0.85692316
1500078685577,4.1888704,-8.688913,0.7420284
1500078685641,3.690993,-8.411251,1.3069274
1500078685705,1.862252,-9.493176,2.6377914
1500078685768,0.7324539,-9.7899885,0.36862057
1500078685832,-0.46436617,-10.546378,0.19627848
1500078685896,-1.8718265,-8.746361,1.4122477
1500078685959,-1.9101248,-9.866585,0.16755481
1500078686023,-2.2931073,-9.330409,0.2441513
1500078686087,-2.6569405,-9.818711,-0.2441513
1500078686151,-3.4803526,-11.321918,-0.61755913
1500078686214,-3.4612036,-10.278291,-0.062234644
1500078686278,-4.543129,-9.512326,-0.19627848
1500078686342,-4.868664,-7.137835,1.8239537
1500078686406,-3.8824842,-9.713391,-0.56011176
1500078686469,-3.039923,-9.914457,-0.71330476
1500078686533,-3.7484405,-8.784659,-0.61755913
1500078686597,-4.887813,-8.363379,-1.3165021
1500078686660,-6.323997,-7.9803963,-1.7856555
1500078686724,-7.3771987,-7.808054,-2.6760898
1500078686788,-7.051664,-5.7303743,-1.79523
1500078686852,-7.741032,-5.605905,-0.15798025
1500078686915,-7.9420977,-5.787822,0.8186249
1500078686979,-8.085716,-6.1420803,2.2643836
1500078687043,-7.654861,-6.113357,3.5952475
1500078687106,-7.195282,-5.9697385,5.0122824
1500078687170,-6.5346375,-5.261221,6.697405
1500078687234,-6.7357035,-3.2505634,6.9080453
1500078687298,-13.1602335,-0.78990126,1.0388398
1500078687361,-10.575102,0.09095833,3.4037561
1500078687425,-8.143164,-3.4803526,2.8388572
1500078687489,-8.928278,-2.5420458,3.1835413
1500078687553,-8.076141,-3.4037561,3.7292912
1500078687616,-8.143164,-3.4037561,4.045252
1500078687680,-8.056993,-3.2505634,3.930357
1500078687744,-8.018694,-2.9250283,4.284616
1500078687807,-8.124015,-2.8484318,4.466532
1500078687871,-8.124015,-2.9346027,4.351638
1500078687935,-8.210186,-2.494173,4.1792955
1500078687999,-8.583593,-1.7282082,3.7963133
1500078688062,-8.918703,-1.5750152,3.4324799
1500078688126,-8.803808,-1.2686293,3.4803526
1500078688190,-8.861256,-1.0962871,3.4133308
1500078688254,-8.966576,-1.1824582,3.2697124
1500078688318,-9.033598,-1.1728836,3.384607
1500078688381,-9.359133,-0.76117754,2.475024
1500078688445,-9.703817,0.10053288,1.7569319
1500078688508,-10.661273,0.50266445,1.2877784
1500078688572,-10.5080805,0.85692316,0.99096704
1500078688636,-9.158067,0.043085523,-1.3356512
1500078688699,-8.995299,0.8090504,-2.2835326
1500078688763,-9.18679,1.2016073,-3.3175852
1500078688827,-9.454879,0.63670826,-3.9399316
1500078688891,-8.516571,0.32074776,-3.7963133
1500078688954,-8.439975,-0.9622433,-4.504831
1500078689018,-8.784659,-1.5750152,-4.5239797
1500078689082,-8.487848,-1.9579976,-4.7920675
1500078689145,-7.3771987,-1.1250108,-5.222923
1500078689209,-7.204857,-2.2452345,-6.1420803
1500078689273,-7.2527294,-2.3314054,-6.525063
1500078689337,-6.9080453,-2.0824668,-6.7261286
1500078689400,-6.6591067,-1.7186337,-6.333572
1500078689464,-6.4197426,-1.6420372,-6.7357035
1500078689528,-6.47719,-1.2973529,-7.243155
1500078689592,-6.936769,-0.91437054,-7.4154973
1500078689655,-7.3197513,-1.1824582,-7.2240057
1500078689719,-7.329326,-1.9101248,-7.1857076
1500078689783,-7.721883,-1.7569319,-6.1899533
1500078689846,-8.353804,-1.1345854,-5.38569
1500078689910,-9.158067,0.13883112,-3.8633351
1500078689974,-8.688913,4.236743,-4.916537
1500078690038,-7.8655014,3.5665238,-6.304848
1500078690101,-8.4686985,4.4090853,-3.3080106
1500078690165,-8.822957,4.0931244,-4.5622783
1500078690229,-7.922949,3.4899273,-4.0644007
1500078690292,-8.066567,3.4133308,-2.9920502
1500078690356,-7.769756,5.1176023,-2.0537431
1500078690420,-8.487848,4.1026993,-0.42606795
1500078690484,-9.177217,4.08355,0.8760723
1500078690547,-8.736787,2.427151,0.17712937
1500078690611,-9.263388,0.10053288,-0.05266008
1500078690675,-8.23891,-1.9675722,2.6760898
1500078690738,-9.64637,-2.2452345,4.4090853
1500078690802,-9.876159,-2.7622607,3.5952475
1500078690866,-9.196365,-4.5718527,3.777164
1500078690930,-7.9803963,-3.777164,3.3271596
1500078690993,-7.0995364,-4.619725,1.9005502
1500078691057,-6.9559183,-5.7686725,0.8186249
1500078691121,-7.6835847,-6.5346375,0.20585304
1500078691185,-8.104865,-6.6878304,0.8856468
1500078691248,-7.4537954,-6.5729356,1.8431029
1500078691312,-6.170804,-6.525063,2.1973617
1500078691376,-5.845269,-6.0463347,2.7718353
1500078691439,-6.017611,-6.630383,2.149489
1500078691503,-5.9218655,-9.014449,1.709059
1500078691567,-5.0601554,-9.493176,1.3356512
1500078691631,-4.935686,-8.210186,1.8431029
1500078691694,-5.2037735,-9.96233,1.8526775
1500078691758,-4.428234,-9.876159,1.1537346
1500078691822,-3.173967,-11.7336235,1.7377827
1500078691885,-1.5845897,-12.078308,2.2260852
1500078691949,-0.15798025,-10.757019,1.8335283
1500078692013,1.3739494,-8.7750845,1.2877784
1500078692076,2.6090677,-7.5782647,1.1250108
1500078692140,3.5665238,-7.281453,1.383524
1500078692204,3.5665238,-6.8122997,1.5367169
1500078692268,4.045252,-5.8644185,2.1782124
1500078692331,3.7292912,-6.6878304,2.561195
1500078692395,2.9250283,-7.5208173,3.0303483
1500078692459,1.8143792,-8.305931,2.9346027
1500078692522,0.54096264,-9.31126,2.819708
1500078692586,-0.18670394,-9.359133,3.0303483
1500078692651,-0.46436617,-9.971905,2.819708
1500078692714,-1.2686293,-10.125097,3.078221
1500078692777,-2.34098,-8.5740185,4.08355
1500078692841,-3.0016246,-9.991054,3.4324799
1500078692905,-2.5899186,-10.105948,3.0494976
1500078692968,-2.8771553,-9.75169,2.3026817
1500078693032,-3.2697124,-10.029352,2.1399143
1500078693096,-3.4229054,-12.221927,4.428234
1500078693160,-3.8729098,-10.938935,6.7261286
1500078693224,-3.4324799,-11.647452,6.486765
1500078693287,-1.622888,-13.44747,7.5303917
1500078693352,0.5313881,-13.485768,6.850598
1500078693415,3.1165195,-9.85701,1.5271424
1500078693479,5.4718614,-4.763344,0.6079846
1500078693543,6.8410234,-3.7675896,0.8281995
1500078693606,6.4005938,-2.2643836,1.9005502
1500078693669,5.6250544,-1.7665064,2.580344
1500078693733,5.328243,-0.9718179,3.1356685
1500078693797,5.7112255,-0.56011176,4.3133397
1500078693860,6.065484,0.56011176,5.2707953
1500078693924,6.5059137,2.4175766,7.0325146
1500078693988,7.329326,2.0537431,6.611234
1500078694052,7.1665583,0.110107444,5.7303743
1500078694115,6.6878304,-0.6558574,6.027186
1500078694179,7.2718787,0.05266008,6.3144226
1500078694243,7.501668,0.17712937,7.511243
1500078694307,6.831449,-0.062234644,7.4250717
1500078694370,6.5729356,-0.59841,6.668681
1500078694434,7.2527294,-0.8186249,5.5963306
1500078694498,7.4442205,-1.5654407,5.452712
1500078694561,7.6740103,-0.5313881,6.113357
1500078694625,7.7601814,-1.9101248,5.644203
1500078694689,7.4059224,-2.0824668,5.452712
1500078694753,7.137835,-2.1399143,5.5101595
1500078694816,7.2240057,-2.015445,5.6633525
1500078694880,7.1186857,-1.5462915,5.481436
1500078694944,7.4537954,-1.7282082,5.2516465
1500078695007,7.635712,-0.18670394,7.0612383
1500078695071,7.808054,0.70373017,7.12826
1500078695135,7.511243,-0.49308985,5.481436
1500078695199,7.35805,-1.383524,5.586756
1500078695262,7.5782647,-1.1633091,6.4197426
1500078695326,7.4920936,-1.6707608,6.0559096
1500078695390,7.5782647,-0.9622433,5.979313
1500078695453,7.4442205,-1.1345854,5.797396
1500078695517,7.3389006,-1.2494801,6.486765
1500078695581,7.6261373,-2.0920415,6.783576
1500078695644,7.654861,-0.8281995,6.7261286
1500078695708,8.00912,-0.78990126,5.041006
1500078695772,7.769756,-2.513322,4.83994
1500078695836,7.654861,-2.800559,5.2037735
1500078695899,7.042089,-2.015445,5.605905
1500078695963,7.3389006,-2.5899186,4.715471
1500078696027,7.482519,-1.7569319,6.7261286
1500078696090,7.511243,-2.0441687,5.8931417
1500078696154,7.46337,-1.709059,5.653778
1500078696218,6.668681,-1.6133134,6.8793216
1500078696282,7.348475,0.23457673,7.051664
1500078696345,7.3197513,-1.9196993,5.5963306
1500078696409,6.7357035,-2.1303396,6.5729356
1500078696473,6.563361,-1.6516117,7.1091113
1500078696536,7.3771987,-1.6133134,6.017611
1500078696600,8.191036,-1.709059,4.6293
1500078696664,8.813383,-2.5899186,4.1792955
1500078696728,7.855927,-0.8090504,6.7931504
1500078696791,7.5303917,-2.1303396,5.6633525
1500078696855,7.635712,-1.2686293,5.7495236
1500078696919,7.616563,0.37819514,6.1899533
1500078696982,7.2718787,-0.34947145,5.634629
1500078697046,6.9271946,-1.1920328,6.1420803
1500078697110,7.8846507,-0.19627848,6.5825105
1500078697174,8.372953,-0.17712937,5.6154795
1500078697237,7.5782647,-1.4409714,5.835695
1500078697302,7.5591154,-0.85692316,5.8835673
1500078697366,7.2718787,-1.3165021,5.519734
1500078697437,7.1857076,-1.2877784,6.1899533
1500078697492,7.56869,-1.3165021,5.759098
1500078697556,7.2910275,-1.7186337,6.4963393
1500078697619,7.12826,-2.3792782,5.9027166
1500078697683,6.821874,-2.187787,5.8165455
1500078697747,7.003791,-2.88673,6.486765
1500078697811,7.1857076,-3.7963133,6.256975
1500078697874,6.7740016,-2.8580062,6.0750585
1500078697938,6.3814445,-2.1207652,6.764427
1500078698002,6.7740016,-3.5760984,5.5771813
1500078698065,7.0325146,-2.1111906,5.806971
1500078698129,7.3389006,-1.3548003,5.452712
1500078698193,7.5974135,-3.6335456,4.1888704
1500078698257,7.1665583,-3.8346114,5.873993
1500078698320,4.8207912,-4.6867476,7.721883
1500078698384,3.231414,0.6558574,4.83994
1500078698449,3.3271596,2.3122563,1.5175679
1500078698512,3.2888615,-2.9250283,-2.0824668
1500078698576,3.1356685,-8.813383,-0.77075213
1500078698640,2.3314054,-13.677259,3.8824842
1500078698703,0.17712937,-14.32833,8.612317
1500078698766,-0.9526688,-14.548545,8.612317
1500078698830,-0.46436617,-10.06765,11.36979
1500078698894,0.22500217,-6.639958,8.937852
1500078698958,0.56968635,-8.937852,4.08355
1500078699021,1.4218222,-9.339984,2.9537518
1500078699085,0.7420284,-7.02294,5.4048395
1500078699149,0.5313881,-7.616563,5.9218655
1500078699212,2.3505547,-6.5059137,6.9559183
1500078699276,1.5175679,-6.9942164,7.003791
1500078699340,1.1728836,-8.353804,6.9271946
1500078699404,0.2920241,-6.975067,6.515488
1500078699467,0.014361841,-8.1623125,5.1846247
1500078699531,0.14840569,-8.028269,5.481436
1500078699595,1.79523,-8.00912,5.38569
1500078699658,2.4845984,-9.560199,5.38569
1500078699722,1.948423,-8.32508,5.1176023
1500078699786,1.0771381,-7.434646,4.3612123
1500078699850,1.2016073,-8.842107,4.3995104
1500078699913,1.2686293,-8.602742,5.6250544
1500078699977,2.1590633,-9.6942425,4.6005764
1500078700041,2.3888528,-8.746361,3.7005677
1500078700105,2.9920502,-8.966576,4.763344
1500078700168,3.4707782,-7.051664,6.5346375
1500078700232,3.6239712,-7.2718787,6.1899533
1500078700296,1.7856555,-7.9037995,5.873993
1500078700359,0.6750065,-5.5580325,5.376116
1500078700423,0.16755481,-6.0080366,4.0739756
1500078700487,-2.867581,-9.742115,3.518651
1500078700550,-0.5218136,-10.881488,2.5037475
1500078700614,-1.8239537,-4.303765,6.132506
1500078700678,-3.4803526,-6.2761245,4.993133
1500078700742,-2.7239625,-7.922949,0.20585304
1500078700805,-2.5899186,-10.239992,-2.187787
1500078700869,-2.5228968,-10.220843,-0.6558574
1500078700933,-4.0261025,-9.837861,0.110107444
1500078700996,-3.9495063,-9.96233,-0.110107444
1500078701060,-3.5665238,-10.527229,-0.20585304
1500078701124,-4.169721,-9.225089,0.8090504
1500078701188,-5.28037,-7.2335806,1.3930986
1500078701251,-6.6495323,-5.912291,1.4888442
1500078701315,-7.3676243,-6.323997,0.9718179
1500078701379,-8.392102,-9.617646,1.1633091
1500078701442,-8.899554,-4.131423,5.433563
1500078701506,-6.8793216,-2.819708,5.194199
1500078701570,-7.0133657,-3.8920588,5.002708
1500078701634,-7.5303917,-5.644203,3.7388659
1500078701697,-7.4154973,-5.2516465,3.4707782
1500078701761,-7.2910275,-4.5144053,4.581427
1500078701825,-7.156984,-3.9207826,4.610151
1500078701888,-7.4154973,-4.2175937,4.763344
1500078701952,-7.3676243,-4.2463174,4.322914
1500078702016,-7.56869,-4.504831,4.4090853
1500078702080,-7.46337,-3.930357,4.7250457
1500078702143,-7.4154973,-3.8633351,4.782493
1500078702207,-7.2527294,-3.604822,4.9452605
1500078702271,-7.281453,-3.4612036,5.1176023
1500078702336,-7.2910275,-3.499502,5.232497
1500078702398,-7.2240057,-3.6239712,5.0314317
1500078702462,-7.2910275,-3.5665238,5.2133484
1500078702526,-7.2335806,-3.5282254,5.2133484
1500078702589,-7.195282,-3.5090764,5.261221
1500078702653,-7.2240057,-3.451629,5.28037
1500078702717,-7.2144313,-3.4133308,5.3569665
1500078702780,-7.1474094,-3.4420545,5.4048395
1500078702844,-7.12826,-3.518651,5.3952646
1500078702908,-7.0995364,-3.4803526,5.347392
1500078702972,-7.0995364,-3.384607,5.452712
1500078703035,-7.089962,-3.3750327,5.500585
1500078703099,-7.089962,-3.4899273,5.4239883
1500078703163,-7.051664,-3.4899273,5.4048395
1500078703226,-7.156984,-3.4420545,5.3952646
1500078703290,-7.204857,-3.3750327,5.38569
1500078703354,-7.2527294,-3.3271596,5.3378177
1500078703418,-7.2527294,-3.4133308,5.299519
1500078703481,-7.2910275,-3.2792869,5.261221
1500078703546,-7.2910275,-3.2792869,5.232497
1500078703610,-7.56869,-3.2409887,5.4048395
1500078703673,-8.1623125,-3.2409887,5.682502
1500078703736,-8.593168,-2.5994933,6.8027253
1500078703800,-8.545295,-4.3707867,6.103782
1500078703864,-7.1665583,-9.780414,4.2941904
1500078703927,-4.7537694,-12.46129,3.5760984
1500078703991,-2.9633265,-12.422992,1.8431029
1500078704055,0.512239,-10.268716,-0.5888355
1500078704118,1.8718265,-7.1665583,-1.1633091
1500078704182,4.0739756,-4.9739842,-0.25372586
1500078704246,5.845269,-3.4133308,0.3111732
1500078704310,5.82612,-3.2218397,1.7282082
1500078704374,5.9027166,-4.303765,1.9867213
1500078704437,6.323997,-5.82612,1.929274
1500078704501,7.664436,-5.194199,2.0537431
1500078704565,6.37187,-8.315506,-0.09095833
1500078704628,6.2282515,-5.9697385,4.303765
1500078704692,6.47719,-8.602742,2.5516202
1500078704756,6.8410234,-6.697405,2.8292825
1500078704819,6.525063,-7.2240057,2.4367256
1500078704883,6.4005938,-6.3622956,2.9537518
1500078704947,6.8027253,-7.176133,2.4463003
1500078705010,6.9176197,-6.8122997,2.6186423
1500078705074,6.869747,-6.821874,3.0877957
1500078705138,6.333572,-7.204857,3.193116
1500078705202,6.2474008,-5.941015,1.6899099
1500078705265,6.9176197,-8.420826,0.59841
1500078705329,7.4920936,-6.5346375,2.3505547
1500078705393,7.2718787,-7.741032,2.905879
1500078705456,7.329326,-5.452712,2.5324712
1500078705520,7.1474094,-6.0080366,3.6431203
1500078705584,5.538883,-4.610151,6.3144226
1500078705648,5.4048395,-7.587839,3.5856729
1500078705711,6.333572,-7.3676243,1.8143792
1500078705775,7.4729443,-5.692076,2.4654493
1500078705839,4.3324885,-8.957002,0.71330476
1500078705903,8.181462,-9.41658,-3.0303483
1500078705966,7.156984,-6.323997,0.14840569
1500078706030,6.544212,-7.0803876,0.8856468
1500078706094,5.7686725,-3.9878044,6.0080366
1500078706158,3.5282254,-8.229335,4.1888704
1500078706221,4.016528,-9.20594,3.7005677
1500078706285,5.8165455,-7.769756,3.9207826
1500078706349,4.1026993,-4.5622783,3.825037
1500078706412,2.9441774,-9.75169,4.6675982
1500078706476,3.5952475,-6.6016593,4.6771727
1500078706540,3.1643922,-9.349558,2.9537518
1500078706604,2.9250283,-9.2825365,2.647366
1500078706667,2.1973617,-9.043172,3.8729098
1500078706731,1.1920328,-8.708063,4.658024
1500078706795,0.61755913,-8.985725,4.5718527
1500078706858,0.44521707,-9.407005,4.016528
1500078706922,0.27287498,-9.225089,3.3750327
1500078706986,-0.27287498,-9.29211,4.016528
1500078707050,-0.33032233,-9.0814705,4.5335546
1500078707113,-0.33032233,-9.033598,4.581427
1500078707178,-0.33032233,-8.937852,4.3995104
1500078707241,-0.37819514,-8.813383,4.1601467
1500078707304,-0.56968635,-8.813383,3.9782298
1500078707369,-0.8473486,-8.870831,3.911208
1500078707433,-1.0005416,-8.880404,4.08355
1500078707496,-1.0771381,-8.708063,4.1601467
1500078707559,-1.1345854,-9.569773,4.658024
1500078707624,-0.8856468,-8.813383,3.7197168
1500078707687,-1.1058618,-9.004874,3.9207826
1500078707752,-1.2782038,-9.225089,4.495256
1500078707814,-1.8431029,-9.41658,4.7058964
1500078707878,-3.4707782,-8.44955,4.5622783
1500078707941,-3.499502,-10.058076,3.9207826
1500078708005,-2.3505547,-9.847435,4.1792955
1500078708069,-0.2441513,-10.450633,4.303765
1500078708133,-0.7420284,-5.538883,3.6526947
1500078708196,-1.8335283,-3.193116,5.960164
1500078708260,-4.2463174,-3.8058877,4.7058964
1500078708324,-7.0708127,-8.00912,3.5282254
1500078708387,-6.9463434,-8.641041,5.5101595
1500078708451,-6.4197426,-8.765511,1.9675722
1500078708515,-5.155901,-8.995299,-1.1728836
1500078708579,-6.5059137,-8.095291,-0.12925656
1500078708642,-6.1420803,-8.526146,-1.0196906
1500078708706,-5.155901,-8.32508,-1.8239537
1500078708771,-4.9739842,-6.103782,2.0824668
1500078708834,-5.2899446,-6.7931504,3.9399316
1500078708897,-4.658024,-6.151655,4.284616
1500078708961,-4.1122737,-6.4293175,5.194199
1500078709025,-4.6388745,-6.4005938,5.979313
1500078709088,-5.0314317,-5.481436,7.281453
1500078709152,-4.5239797,-5.82612,6.515488
1500078709216,-4.121848,-5.567607,6.6495323
1500078709279,-3.3750327,-4.801642,7.204857
1500078709343,-3.3175852,-5.376116,7.6261373
1500078709407,-3.518651,-4.9452605,7.6452866
1500078709471,-3.0686467,-5.605905,7.4729443
1500078709534,-2.8388572,-5.17505,8.037844
1500078709598,-3.2218397,-5.108028,7.4250717
1500078709662,-3.3558834,-5.873993,7.204857
1500078709725,-3.3175852,-5.5580325,8.191036
1500078709789,-2.9250283,-5.835695,6.7069798
1500078709853,-2.101616,-4.610151,7.2240057
1500078709917,-2.2452345,-5.692076,8.957002
1500078709980,-3.8346114,-5.481436,8.315506
1500078710044,-2.8580062,-7.9803963,3.9782298
1500078710108,-2.427151,-8.957002,1.5558661
1500078710171,-2.3505547,-8.296356,2.187787
1500078710235,-1.8431029,-7.999545,2.4175766
1500078710299,-2.5707695,-7.511243,3.997379
1500078710363,-3.5282254,-10.163396,3.5378
1500078710426,-4.801642,-10.211268,3.8920588
1500078710490,-5.194199,-7.3867736,5.586756
1500078710554,-5.634629,-6.9559183,5.7495236
1500078710617,-5.0984535,-7.243155,4.0069537
1500078710681,-4.0931244,-7.137835,1.5175679
1500078710745,-4.3707867,-7.741032,-0.3877697
1500078710808,-5.653778,-8.909128,0.20585304
1500078710872,-6.7069798,-8.143164,2.5707695
1500078710936,-4.887813,-7.9133744,1.6611862
1500078711000,-6.764427,-6.6495323,0.61755913
1500078711063,-6.1899533,-4.9739842,1.0867126
1500078711127,-7.310177,-5.7495236,-2.6377914
1500078711191,-7.243155,-8.727212,-3.6622694
1500078711255,-6.630383,-8.411251,-4.0261025
1500078711318,-7.051664,-6.563361,-1.7665064
1500078711382,-6.9176197,-7.281453,-2.494173
1500078711446,-8.124015,-4.6293,-0.5218136
1500078711509,-8.258059,-5.041006,-0.062234644
1500078711573,-7.788905,-6.975067,-0.20585304
1500078711637,-7.482519,-5.4239883,0.9430942
1500078711700,-7.846352,-4.495256,1.6611862
1500078711764,-7.7506065,-6.3622956,-0.3877697
1500078711828,-5.979313,-7.1186857,-1.0101161
1500078711892,-6.0846334,-5.2899446,-0.8856468
1500078711955,-7.2335806,-5.3569665,-0.46436617
1500078712019,-8.372953,-6.6016593,-0.37819514
1500078712083,-8.822957,-6.438892,-0.69415563
1500078712146,-8.152739,-4.610151,-0.25372586
1500078712210,-8.7750845,-5.4239883,-0.03351096
1500078712274,-8.650616,-6.410168,-0.25372586
1500078712338,-7.1474094,-8.028269,-1.0005416
1500078712402,-7.8655014,-5.873993,1.0675635
1500078712474,-7.9325233,-4.1122737,1.2686293
1500078712529,-8.382527,-3.5569491,2.0537431
1500078712592,-7.0708127,-3.9686553,1.0005416
1500078712656,-5.2420716,-4.9452605,1.2494801
1500078712720,-8.995299,-3.7005677,0.9622433
1500078712784,-9.952756,-1.9771467,-1.383524
1500078712847,-8.296356,-2.647366,-2.5420458
1500078712911,-7.176133,-2.2356598,-2.9154537
1500078712975,-9.368708,-1.9005502,-2.8963046
1500078713038,-10.661273,-0.47394073,-0.49308985
1500078713102,-10.938935,-0.2920241,-1.0675635
1500078713166,-9.98148,-1.2494801,-1.4122477
1500078713230,-10.374036,-2.8771553,0.10053288
1500078713293,-10.354887,-0.0718092,3.7005677
1500078713357,-9.828286,-3.604822,0.71330476
1500078713421,-10.967659,-0.93351966,2.4463003
1500078713484,-9.636795,2.360129,2.3026817
1500078713548,-8.851681,-0.42606795,0.78990126
1500078713612,-8.55487,0.6079846,2.7909844
