1500078126134,-12.3463955,-12.212352,-2.1399143
1500078126197,-13.294277,-7.2623043,-1.1537346
1500078126261,-19.3071,0.0718092,-3.3558834
1500078126326,-18.186878,-2.475024,-3.0973704
1500078126390,-16.109198,-3.0016246,-1.5845897
1500078126452,-16.214518,-3.3271596,-2.6569405
1500078126516,-14.060242,-1.5941644,-2.6377914
1500078126580,-9.512326,8.124015,-2.4558747
1500078126643,-8.152739,5.7016506,-2.2452345
1500078126707,-15.544299,-1.0196906,-3.911208
1500078126771,-15.410255,-3.020774,-2.3026817
1500078126835,-16.568777,-3.4324799,-3.7101421
1500078126898,-19.498592,-3.604822,-0.014361841
1500078126962,-18.99114,-7.4537954,3.1835413
1500078127026,-15.027272,-7.6835847,3.9782298
1500078127089,-12.480439,-8.23891,2.5324712
1500078127153,-14.615566,-5.06973,-0.9430942
1500078127217,-16.97091,-2.9346027,-2.972901
1500078127281,-14.53897,-2.2165108,-1.0005416
1500078127344,-13.600663,-2.6377914,-2.5994933
1500078127408,-14.567694,-2.6377914,-2.800559
1500078127472,-11.657027,3.2984362,-2.733537
1500078127535,-9.474028,3.1643922,-0.2441513
1500078127599,-12.978316,-0.91437054,-0.71330476
1500078127663,-15.075146,-2.9250283,-1.5271424
1500078127727,-12.58576,-3.777164,-2.1590633
1500078127790,-13.658111,-1.1633091,0.5218136
1500078127854,-16.568777,-6.6878304,-0.42606795
1500078127918,-13.208106,-14.864505,-2.8101335
1500078127981,-10.785743,-6.6208086,2.3888528
1500078128045,-12.001712,-6.6495323,1.5941644
1500078128109,-15.314509,-6.323997,-3.3941817
1500078128173,-13.246405,-3.2984362,-2.7239625
1500078128236,-12.154904,-1.8718265,-0.64628285
1500078128300,-14.385777,-2.7048132,-0.98139244
1500078128364,-14.510246,2.149489,-2.2931073
1500078128428,-11.379365,6.0846334,-2.6377914
1500078128491,-11.82937,1.3260766,-0.54096264
1500078128555,-15.563448,-4.322914,-1.2590547
1500078128619,-12.777251,-3.7484405,-4.389936
1500078128682,-11.551707,-0.27287498,0.83777404
1500078128746,-13.629387,-2.6186423,4.926111
1500078128810,-16.023027,-7.281453,3.7005677
1500078128873,-13.801729,-6.4005938,3.4707782
1500078128937,-14.290031,-5.3952646,1.0196906
1500078129001,-15.055996,-4.5239797,-1.6420372
1500078129065,-13.705983,-3.6431203,-1.3069274
1500078129128,-11.925115,-3.1452432,-1.2877784
1500078129192,-13.351725,-2.2069361,-0.9430942
1500078129256,-12.403843,2.5707695,-1.4218222
1500078129319,-9.732541,5.5963306,-1.622888
1500078129383,-13.265553,3.126094,-2.6952388
1500078129447,-18.617733,-3.1356685,-3.5282254
1500078129511,-13.715558,-5.7782474,-1.0196906
1500078129574,-12.068733,-3.7101421,0.42606795
1500078129639,-14.30918,-4.2941904,2.666515
1500078129702,-15.065571,-7.9325233,3.4803526
1500078129765,-12.126181,-9.569773,3.5856729
1500078129830,-11.398514,-7.5974135,2.7622607
1500078129893,-14.74961,-5.529309,0.3111732
1500078129956,-16.032602,-3.4612036,-0.77075213
1500078130022,-14.031518,-2.9633265,-1.3356512
1500078130084,-15.295361,-3.1069448,-1.3643749
1500078130148,-14.491097,0.751603,-1.7569319
1500078130212,-11.245321,6.4676156,-2.5707695
1500078130275,-10.498506,3.3080106,-2.9537518
1500078130339,-14.883655,-1.7665064,-1.9101248
1500078130403,-13.045339,-3.384607,-2.2835326
1500078130466,-12.279374,-2.475024,-2.3792782
1500078130530,-14.280457,-1.79523,-0.665432
1500078130594,-17.516659,-4.6867476,2.5037475
1500078130657,-14.912378,-5.873993,3.1835413
1500078130721,-13.820878,-7.8655014,1.9005502
1500078130785,-14.720886,-4.456958,-2.2356598
1500078130849,-16.578352,-2.8771553,-2.8580062
1500078130912,-13.437896,-1.9962958,-1.4122477
1500078130976,-13.198531,-2.5228968,-1.3930986
1500078131040,-16.338987,-2.6090677,-3.7197168
1500078131103,-14.653865,6.515488,-5.088879
1500078131167,-7.156984,4.8973875,-0.70373017
1500078131231,-12.805975,0.26330042,-3.6143966
1500078131295,-18.014536,-4.2941904,-3.078221
1500078131359,-15.678343,-5.366541,-3.0016246
1500078131423,-12.815549,-1.8909757,-2.0728924
1500078131486,-15.08472,-0.59841,0.8090504
1500078131549,-13.715558,-5.519734,1.3739494
1500078131613,-11.7049,-8.095291,-0.46436617
1500078131677,-13.179382,-5.787822,0.043085523
1500078131741,-16.568777,-2.2452345,-2.187787
1500078131804,-15.496426,-2.7814097,-1.5079932
1500078131868,-12.719804,-3.5569491,-1.6803354
1500078131932,-13.380448,-3.8729098,-5.3569665
1500078131995,-11.379365,2.6856642,-5.222923
1500078132059,-8.9761505,2.4654493,-4.658024
1500078132123,-11.858093,1.0771381,-6.2665496
1500078132186,-15.821961,0.110107444,-2.6760898
1500078132250,-12.9591675,-1.9771467,-0.71330476
1500078132314,-12.968742,-1.0292653,-4.2941904
1500078132378,-16.109198,-2.6186423,-2.5707695
1500078132441,-16.003878,-5.8835673,1.2303311
1500078132505,-12.911295,-7.9516726,1.1537346
1500078132569,-11.513409,-7.8655014,0.7228793
1500078132632,-14.548545,-3.9399316,-2.0920415
1500078132696,-14.050668,-2.7622607,-2.1207652
1500078132760,-12.892146,-2.1303396,-0.6271337
1500078132824,-17.085804,-3.8346114,-1.2686293
1500078132887,-17.363466,2.1303396,-3.2409887
1500078132951,-8.593168,7.0133657,-3.8154624
1500078133015,-9.368708,3.1643922,-5.376116
1500078133078,-14.060242,-0.61755913,-4.7441945
1500078133142,-13.753856,-2.6952388,-1.5941644
1500078133206,-12.69108,-2.905879,-3.5856729
1500078133270,-16.05175,-1.2016073,-2.3888528
1500078133333,-17.689001,-1.7665064,3.4229054
1500078133397,-14.462374,-5.500585,2.7814097
1500078133461,-12.69108,-8.104865,1.2303311
1500078133525,-15.553873,-3.7484405,-2.1303396
1500078133588,-16.51133,-1.9962958,-2.5420458
1500078133652,-13.820878,-2.1207652,-1.0484143
1500078133716,-13.150659,-3.1452432,-1.79523
1500078133779,-14.194285,-2.187787,-3.2888615
1500078133843,-10.565528,6.458041,-2.9824755
1500078133907,-8.545295,6.716554,-3.0494976
1500078133970,-16.224092,1.0484143,-3.518651
1500078134034,-14.720886,-3.6431203,-3.6622694
1500078134098,-13.686834,-1.622888,-2.5228968
1500078134162,-16.942184,1.0101161,3.2505634
1500078134225,-18.167728,-2.5516202,4.275041
1500078134289,-15.754939,-8.066567,1.1250108
1500078134353,-13.217681,-8.995299,0.13883112
1500078134416,-15.716641,-3.8346114,-2.4175766
1500078134480,-15.936856,-2.7909844,-2.7814097
1500078134544,-11.982562,-2.3697038,-1.4601204
1500078134607,-13.035764,-3.4420545,-1.7569319
1500078134671,-15.400681,-2.4463003,-2.9920502
1500078134735,-13.763431,2.1782124,-2.1782124
1500078134799,-6.5346375,4.9452605,-0.39734426
1500078134862,-9.110194,0.71330476,-0.27287498
1500078134926,-14.088965,-2.7909844,-3.1548176
1500078134990,-13.610238,-4.4090853,-1.6133134
1500078135053,-13.859177,-4.5527034,-0.043085523
1500078135117,-17.784746,-3.4420545,2.1303396
1500078135181,-15.783663,-10.709146,2.867581
1500078135245,-11.905966,-10.555953,1.776081
1500078135308,-12.997466,-8.746361,-1.7282082
1500078135372,-16.74112,-2.9824755,-3.4324799
1500078135436,-13.926198,-1.2973529,-1.3260766
1500078135499,-12.308098,-2.1782124,-0.8856468
1500078135563,-13.13151,-1.383524,-2.1207652
1500078135627,-11.637878,2.7622607,-1.9388485
1500078135691,-8.688913,4.9452605,-1.2686293
1500078135754,-12.365545,1.0388398,-2.6377914
1500078135818,-15.745364,-2.4845984,-2.8963046
1500078135882,-13.045339,-3.4899273,-3.078221
1500078135945,-12.90172,-2.0920415,-2.4463003
1500078136009,-16.042175,-1.2303311,1.2782038
1500078136073,-16.377285,-5.06973,1.9675722
1500078136136,-12.911295,-10.632549,-0.17712937
1500078136200,-13.255979,-6.7931504,-0.28244954
1500078136265,-14.53897,-2.800559,-1.622888
1500078136327,-16.654947,-2.9633265,-2.1207652
1500078136392,-14.414501,-2.0920415,-1.383524
1500078136455,-13.6676855,-2.5420458,-1.6037389
1500078136520,-13.859177,-2.6282167,-2.8771553
1500078136584,-9.885734,6.4005938,-3.3271596
1500078136646,-7.6452866,2.561195,-4.0644007
1500078136710,-14.0793915,-1.7569319,-4.811217
1500078136774,-15.132593,-2.647366,-1.3643749
1500078136837,-13.686834,-3.4133308,-3.7005677
1500078136901,-15.180466,1.2207564,-1.7665064
1500078136965,-18.081558,0.8760723,0.9430942
1500078137028,-15.036847,-11.522984,-1.0196906
1500078137092,-12.987891,-8.794233,-0.69415563
1500078137156,-14.759185,-3.2697124,-2.2835326
1500078137220,-15.534724,-2.905879,-3.5665238
1500078137283,-13.150659,-2.8580062,-1.7377827
1500078137347,-13.02619,-2.254809,-0.90479594
1500078137411,-14.921952,-1.6133134,-2.5228968
1500078137474,-11.877242,6.438892,-3.6622694
1500078137538,-8.487848,4.7920675,-1.2111819
1500078137602,-13.495343,0.83777404,-2.427151
1500078137666,-16.05175,-1.4313968,-3.078221
1500078137729,-13.849602,-1.4218222,-3.5090764
1500078137793,-15.209189,-1.0962871,-2.1111906
1500078137857,-17.009207,-2.752686,1.4984187
1500078137920,-15.879409,-6.639958,1.4026731
1500078137984,-13.44747,-8.497422,0.5792609
1500078138048,-13.112361,-5.3569665,-1.1250108
1500078138112,-16.137922,-2.8963046,-6.1612296
1500078138175,-17.832619,-0.7324539,-4.0548263
1500078138239,-14.682589,-1.709059,1.0101161
1500078138303,-15.142167,-3.3750327,-1.8431029
1500078138367,-15.525149,-4.08355,-5.079304
1500078138430,-10.2016945,4.8303657,-2.2643836
1500078138494,-7.3389006,6.8410234,-1.9101248
1500078138558,-14.395351,0.062234644,-5.021857
1500078138621,-14.720886,-3.5378,-3.777164
1500078138685,-13.34215,-2.5994933,-3.7005677
1500078138749,-17.26772,-1.4984187,-0.92394507
1500078138812,-19.603912,-3.2697124,3.518651
1500078138876,-18.416668,-8.5740185,3.6814184
1500078138940,-16.626225,-8.487848,-1.8048047
1500078139004,-13.524067,-2.6186423,-8.909128
1500078139067,-18.67518,1.0292653,-8.028269
1500078139131,-12.499589,-2.3026817,4.935686
1500078139196,-11.848518,-2.7909844,1.0867126
1500078139258,-12.231501,-2.8963046,-5.759098
1500078139323,-10.555953,2.6186423,-3.365458
1500078139386,-7.855927,4.0931244,-0.23457673
1500078139450,-14.53897,2.168638,-5.998462
1500078139514,-17.602829,-3.6143966,-5.912291
1500078139577,-17.248571,-6.2282515,-5.1271772
1500078139642,-17.066654,-3.671844,-6.151655
1500078139705,-18.837948,1.8239537,0.7228793
1500078139768,-17.334742,1.0196906,2.1207652
1500078139833,-13.323001,-9.876159,-2.8101335
1500078139896,-11.4272375,-7.2910275,-4.7058964
1500078139959,-17.363466,-0.91437054,-7.3006024
1500078140023,-16.587927,-0.33032233,-1.0771381
1500078140087,-15.553873,-1.8335283,1.3452257
1500078140150,-15.754939,-3.6143966,-3.4612036
1500078140214,-14.491097,1.2303311,-4.772918
1500078140278,-8.305931,6.065484,-2.1303396
1500078140342,-11.216598,4.0356774,-2.6282167
1500078140405,-16.645372,-4.4090853,-2.7431116
1500078140469,-14.223009,-6.065484,-4.2080193
1500078140533,-12.710229,-1.3165021,-6.783576
1500078140596,-17.210272,4.7537694,-0.3398969
1500078140660,-17.05708,0.22500217,0.6079846
1500078140724,-14.519821,-9.770839,-3.3367343
1500078140787,-10.71872,-10.5080805,-1.7282082
1500078140851,-13.524067,-4.3995104,-2.714388
1500078140915,-16.185795,-1.6899099,-4.619725
1500078140979,-13.849602,-1.5271424,-1.5175679
1500078141042,-13.370873,-2.3505547,-0.76117754
1500078141106,-15.6113205,-3.7867386,-2.9441774
1500078141170,-14.280457,4.3803616,-4.1122737
1500078141234,-9.033598,6.0080366,-2.513322
1500078141297,-13.23683,2.1399143,-1.948423
1500078141361,-15.793238,-2.8963046,-2.88673
1500078141424,-13.4666195,-3.0016246,-4.351638
1500078141489,-15.697492,0.8186249,-3.1356685
1500078141552,-17.621979,-0.512239,3.126094
1500078141616,-16.204943,-5.567607,2.819708
1500078141688,-13.600663,-10.479357,-0.4835153
1500078141743,-13.102786,-5.2516465,-1.6707608
1500078141807,-17.143251,-1.0771381,-4.954835
1500078141871,-13.983645,-1.14416,-1.3356512
1500078141934,-13.99322,-2.7909844,0.42606795
1500078141998,-16.712395,-3.8058877,-2.7718353
1500078142062,-14.864505,-2.6186423,-2.2643836
1500078142126,-8.602742,2.1590633,-0.6750065
1500078142189,-6.0367603,4.198445,-1.5367169
1500078142253,-13.983645,1.383524,-1.2207564
1500078142317,-17.219847,-2.8771553,-2.9633265
1500078142380,-16.453882,-1.9101248,-6.1420803
1500078142444,-18.90497,-1.0484143,-0.081383765
1500078142508,-18.770926,-3.0973704,4.0261025
1500078142572,-13.390023,-7.2144313,1.2686293
1500078142635,-11.005958,-7.894225,-1.1633091
1500078142699,-15.333658,-4.8303657,-4.6675982
1500078142763,-14.653865,-0.70373017,-2.0633178
1500078142826,-13.753856,-1.469695,0.47394073
1500078142890,-16.185795,-4.1026993,-1.8143792
1500078142954,-17.124102,-3.5473747,-4.351638
1500078143017,-10.900637,4.801642,-3.126094
1500078143081,-5.519734,2.6760898,-0.63670826
1500078143145,-13.409172,2.254809,-2.5516202
1500078143209,-15.563448,-4.476107,-2.0633178
1500078143272,-13.44747,-4.1409974,-5.529309
1500078143336,-16.26239,-1.2686293,-4.5622783
1500078143400,-18.062408,-2.034594,4.342063
1500078143463,-14.596417,-6.0559096,2.9633265
1500078143527,-12.815549,-9.531475,0.4835153
1500078143591,-14.20386,-5.261221,-0.56011176
1500078143655,-14.673014,-1.6420372,-0.2920241
1500078143718,-12.882571,-2.733537,-0.78032666
1500078143782,-14.031518,-3.6814184,-2.0537431
1500078143846,-16.147495,-2.6569405,-1.9196993
1500078143909,-13.150659,4.322914,-2.6282167
1500078143973,-9.665519,5.998462,-2.2069361
1500078144037,-12.949593,0.19627848,-4.2558923
1500078144101,-13.370873,-3.671844,-3.3271596
1500078144164,-12.020861,-1.7186337,-1.3643749
1500078144228,-14.404926,-1.2686293,0.110107444
1500078144292,-17.1624,-3.3367343,2.3122563
1500078144355,-16.51133,-7.434646,3.5760984
1500078144419,-11.197449,-8.497422,2.1973617
1500078144483,-9.359133,-10.374036,-1.9771467
1500078144547,-14.921952,-4.7058964,-0.5313881
1500078144610,-16.473032,-3.1643922,-1.0962871
1500078144674,-14.471948,-1.8143792,-0.32074776
1500078144738,-15.228338,-2.513322,-0.78990126
1500078144801,-15.132593,-0.98139244,-0.110107444
1500078144865,-10.364462,3.5473747,-1.6133134
1500078144929,-7.5208173,3.3080106,-2.6856642
1500078144992,-13.552791,-0.8664977,-2.9633265
1500078145056,-15.73579,-3.4803526,-2.475024
1500078145120,-13.648536,-3.059072,-1.622888
1500078145184,-15.850685,-0.98139244,0.46436617
1500078145247,-16.30069,-5.232497,3.231414
1500078145311,-13.370873,-7.6069884,2.427151
1500078145375,-11.197449,-9.339984,1.8909757
1500078145439,-13.801729,-5.2420716,1.7186337
1500078145502,-16.358137,-4.0356774,0.12925656
1500078145566,-13.677259,-2.6090677,-0.64628285
1500078145630,-13.409172,-3.039923,-0.8856468
1500078145693,-16.310265,-3.2026904,-1.2207564
1500078145757,-14.376203,0.78990126,-1.6516117
1500078145821,-7.3771987,5.873993,-1.8239537
1500078145884,-9.426155,3.9782298,-2.2069361
1500078145948,-17.018782,-2.2835326,-3.4707782
1500078146012,-15.6113205,-3.690993,-2.0633178
1500078146075,-15.659194,-1.2590547,0.49308985
1500078146139,-16.128347,-2.752686,3.844186
1500078146203,-14.816632,-7.693159,3.0303483
1500078146267,-12.576185,-10.431483,2.2643836
1500078146330,-13.00704,-6.37187,1.3643749
1500078146394,-17.143251,-3.1643922,-0.33032233
1500078146458,-15.027272,-2.513322,-1.7282082
1500078146521,-13.8879,-2.360129,-1.8814012
1500078146585,-16.09005,-2.5420458,-1.7856555
1500078146650,-14.797483,-0.9526688,-2.0728924
1500078146713,-9.991054,4.08355,-2.5037475
1500078146777,-6.8888965,5.155901,-4.4090853
1500078146840,-14.577269,-0.062234644,-4.658024
1500078146904,-16.329412,-1.9388485,-2.187787
1500078146967,-15.333658,-1.383524,-0.9526688
1500078147031,-17.928364,-0.6558574,2.5420458
1500078147095,-18.962418,-6.0559096,2.6090677
1500078147159,-13.016615,-8.679339,2.2643836
1500078147222,-10.172971,-8.918703,0.7324539
1500078147286,-13.907049,-5.787822,-1.1250108
1500078147350,-15.9177065,-2.7622607,-0.27287498
1500078147413,-14.988975,-2.3792782,-0.8281995
1500078147477,-15.094295,-2.34098,-1.0962871
1500078147541,-15.065571,-0.20585304,-1.2686293
1500078147605,-9.924032,5.787822,-0.78032666
1500078147668,-9.952756,5.1176023,-1.9675722
1500078147732,-15.276211,-0.5792609,-3.2409887
1500078147796,-15.419829,-3.7197168,-2.1303396
1500078147859,-12.815549,-3.1452432,-0.99096704
1500078147923,-13.859177,-2.4558747,1.4792696
1500078147987,-16.473032,-5.0122824,2.254809
1500078148051,-13.7730055,-8.679339,2.8388572
1500078148114,-10.776168,-9.407005,2.9250283
1500078148178,-11.216598,-7.281453,1.9579976
1500078148242,-14.53897,-4.7250457,0.8760723
1500078148305,-14.807057,-3.2601378,-0.22500217
1500078148369,-13.581514,-2.1973617,-0.751603
1500078148433,-13.801729,-3.059072,-0.05266008
1500078148497,-13.830453,-0.6079846,-0.13883112
1500078148560,-9.732541,2.1399143,-0.3877697
1500078148624,-8.066567,-0.2441513,-0.83777404
1500078148688,-11.503835,-1.6994845,-0.19627848
1500078148751,-11.819795,-2.6186423,0.26330042
1500078148815,-11.915541,-2.819708,0.33032233
1500078148879,-14.09854,-3.451629,1.9675722
1500078148943,-15.879409,-6.410168,5.462287
1500078149006,-15.668768,-8.095291,6.6495323
1500078149070,-10.919786,-7.089962,4.0069537
1500078149134,-12.126181,-4.658024,1.709059
1500078149198,-11.522984,-3.346309,0.18670394
1500078149261,-9.41658,-2.5037475,0.0718092
1500078149325,-11.36979,-3.1356685,-0.23457673
1500078149388,-14.376203,-0.014361841,-0.2441513
1500078149452,-11.580431,4.7441945,-1.709059
1500078149516,-11.685751,3.4420545,-2.8484318
1500078149581,-13.744282,-0.09095833,-2.3314054
1500078149643,-13.093211,-1.948423,-0.92394507
1500078149707,-10.144247,-0.63670826,1.0005416
1500078149771,-11.034681,-0.8856468,3.231414
1500078149834,-13.954922,-3.078221,2.752686
1500078149899,-13.897474,-6.2665496,3.451629
1500078149963,-12.231501,-5.797396,5.0314317
1500078150026,-12.729378,-4.993133,3.1356685
1500078150098,-16.626225,-4.0739756,0.36862057
1500078150153,-14.337904,-2.475024,-1.2494801
1500078150217,-12.738953,-1.79523,-1.1058618
1500078150281,-15.027272,-2.0537431,-2.015445
1500078150344,-14.404926,1.0771381,-1.9388485
1500078150408,-9.253813,4.2654667,-2.0824668
1500078150472,-8.708063,2.3026817,-2.4845984
1500078150535,-13.610238,-1.6611862,-2.905879
1500078150599,-15.113443,-3.3558834,-2.034594
1500078150663,-14.43365,-3.0877957,-0.26330042
1500078150727,-15.285786,-1.5367169,3.1643922
1500078150790,-15.6113205,-5.2133484,3.5378
1500078150854,-13.275128,-9.234664,0.9526688
1500078150918,-11.005958,-8.698488,1.2399056
1500078150981,-14.299606,-5.2516465,0.081383765
1500078151045,-17.564531,-3.384607,-1.6803354
1500078151109,-15.199615,-2.1590633,-1.5750152
1500078151173,-13.792154,-2.168638,-1.3356512
1500078151237,-14.414501,-2.5324712,-1.0101161
1500078151300,-13.878325,0.19627848,-1.383524
1500078151364,-8.056993,4.5910015,-1.8335283
1500078151428,-5.9697385,2.360129,-2.8963046
1500078151491,-13.792154,-1.8048047,-3.8346114
1500078151555,-16.53048,-2.8388572,-1.9675722
1500078151618,-14.74961,-0.8664977,-1.5367169
1500078151682,-16.099623,-2.2835326,1.5654407
1500078151746,-16.884737,-4.5622783,3.3941817
1500078151811,-14.404926,-8.21976,3.499502
1500078151882,-11.446387,-9.493176,3.518651
1500078151937,-14.443225,-3.499502,1.0005416
1500078152001,-16.903887,-3.3941817,-1.3548003
1500078152065,-14.711312,-1.948423,-1.7569319
1500078152128,-13.246405,-1.4984187,-1.8909757
1500078152192,-13.533641,-2.101616,-2.0920415
1500078152256,-11.848518,1.6516117,-1.3739494
1500078152319,-8.526146,4.169721,-1.79523
1500078152383,-9.464453,1.4218222,-2.187787
1500078152447,-14.577269,-1.9579976,-2.494173
1500078152511,-13.830453,-2.9537518,-1.8718265
1500078152574,-12.662356,-2.7048132,-0.2441513
1500078152638,-14.74961,-3.1835413,1.6899099
1500078152702,-16.023027,-4.696322,4.763344
1500078152766,-14.175137,-5.347392,5.49101
1500078152829,-12.135756,-8.11444,3.690993
1500078152893,-12.643207,-5.979313,1.6324625
1500078152957,-15.515575,-4.284616,-0.014361841
1500078153020,-14.069817,-2.88673,-0.751603
1500078153084,-14.088965,-2.0824668,-0.93351966
1500078153148,-15.8123865,-2.475024,-0.7420284
1500078153212,-14.290031,0.00478728,-0.8281995
1500078153275,-9.215514,3.5282254,-2.7909844
1500078153339,-4.619725,2.1973617,-4.5144053
1500078153403,-11.618729,-1.1345854,-4.782493
1500078153466,-13.878325,-3.1165195,-2.4845984
1500078153530,-14.673014,-1.3452257,-0.081383765
1500078153594,-16.97091,-2.800559,3.1452432
1500078153657,-16.444307,-5.8165455,4.342063
1500078153721,-13.074062,-6.8122997,4.6005764
1500078153785,-11.350641,-6.2282515,3.3558834
1500078153848,-13.093211,-4.658024,0.92394507
1500078153912,-13.571939,-3.7963133,-1.0292653
1500078153976,-12.643207,-2.6952388,-1.5462915
1500078154040,-14.021944,-2.867581,-1.6899099
1500078154103,-14.87408,-1.9388485,-1.5079932
1500078154167,-11.695326,0.7420284,-1.4409714
1500078154231,-7.4154973,2.7431116,-1.5367169
1500078154295,-9.579348,0.33032233,-1.6420372
1500078154358,-13.974071,-2.3122563,-1.7856555
1500078154422,-12.442142,-3.212265,-0.8856468
1500078154486,-11.819795,-3.2697124,0.014361841
1500078154549,-15.209189,-4.1888704,1.862252
1500078154613,-15.783663,-5.4718614,3.9686553
1500078154677,-12.365545,-7.2335806,4.0931244
1500078154740,-10.862339,-8.679339,2.733537
1500078154804,-14.481523,-4.9739842,1.1537346
1500078154868,-15.640044,-3.212265,0.20585304
1500078154932,-13.390023,-2.4175766,-0.49308985
1500078154995,-13.3612995,-2.800559,-1.3356512
1500078155059,-14.462374,-0.93351966,-2.1303396
1500078155123,-11.475111,3.7292912,-2.9633265
1500078155187,-8.047418,2.7718353,-1.8814012
1500078155250,-13.629387,-0.56011176,-2.1303396
1500078155314,-17.564531,-5.5580325,-0.15798025
1500078155378,-13.926198,-4.342063,2.905879
1500078155441,-11.982562,-2.3984275,4.849515
1500078155505,-13.954922,-6.7931504,3.5952475
1500078155570,-11.647452,-11.063405,2.4367256
1500078155632,-9.330409,-9.3878565,3.5473747
1500078155696,-11.7049,-8.229335,2.1207652
1500078155760,-15.927281,-6.7548523,1.2111819
1500078155824,-14.921952,-5.108028,0.023936402
1500078155887,-13.4666195,-4.121848,-0.5218136
1500078155951,-13.495343,-4.0261025,-0.5792609
1500078156015,-12.3463955,-2.2069361,-0.6558574
1500078156078,-10.393186,2.3888528,-1.2973529
1500078156142,-9.761265,1.948423,-1.622888
1500078156206,-15.161317,-2.6186423,-1.4792696
1500078156270,-14.902803,-6.3622956,-0.16755481
1500078156333,-11.714475,-4.8303657,0.8281995
1500078156397,-13.591088,-5.4718614,1.9579976
1500078156461,-15.802812,-7.6261373,3.5856729
1500078156525,-11.408089,-8.439975,5.452712
1500078156588,-8.459125,-8.947427,5.261221
1500078156652,-10.622974,-6.821874,3.8058877
1500078156715,-13.868751,-5.873993,2.1973617
1500078156779,-13.3612995,-4.1601467,0.78990126
1500078156844,-12.978316,-3.758015,0.10053288
1500078156907,-13.945347,-4.5144053,0.44521707
1500078156971,-14.605992,-0.98139244,0.03351096
1500078157034,-11.714475,3.2601378,-1.6133134
1500078157098,-10.259142,-0.10053288,-1.1250108
1500078157162,-14.136839,-4.1792955,-0.8281995
1500078157225,-13.1602335,-5.38569,0.4835153
1500078157289,-12.260224,-5.088879,1.5750152
1500078157353,-13.112361,-6.47719,2.1399143
1500078157416,-13.13151,-9.129343,4.351638
1500078157480,-11.005958,-9.41658,4.4473834
1500078157544,-7.9325233,-9.598496,2.034594
1500078157607,-11.580431,-8.717637,-0.00478728
1500078157671,-15.151742,-6.8027253,-0.61755913
1500078157735,-15.218764,-4.763344,-0.49308985
1500078157799,-16.894312,-4.6675982,-0.5792609
1500078157862,-15.180466,-3.6335456,-0.33032233
1500078157926,-12.135756,0.93351966,-1.3643749
1500078157990,-7.7984796,3.8633351,-1.1154363
1500078158053,-11.666602,-0.85692316,-1.7569319
1500078158117,-15.046422,-3.997379,-1.7186337
1500078158181,-14.031518,-4.2080193,-1.0005416
1500078158245,-14.232584,-3.4707782,-0.59841
1500078158308,-15.659194,-4.3324885,0.5313881
1500078158372,-15.391106,-6.132506,2.3314054
1500078158436,-12.442142,-10.06765,3.039923
1500078158499,-10.603826,-6.333572,2.7718353
1500078158563,-14.730461,-3.9207826,0.39734426
1500078158627,-14.730461,-2.714388,-1.1633091
1500078158691,-14.0793915,-2.1303396,-1.8431029
1500078158754,-15.908133,-1.5941644,-3.0111992
1500078158818,-14.845356,0.93351966,-2.6186423
1500078158882,-8.11444,4.1888704,-1.5654407
1500078158945,-8.286782,3.2697124,-4.437809
1500078159009,-13.121935,-0.7420284,-5.222923
1500078159073,-12.767676,-1.8239537,-2.6569405
1500078159137,-11.944264,-1.3643749,-1.1058618
1500078159201,-15.065571,-1.4026731,1.7665064
1500078159264,-17.334742,-2.7909844,4.6388745
1500078159328,-16.023027,-5.194199,4.6771727
1500078159392,-13.763431,-7.0708127,2.2356598
1500078159456,-14.519821,-3.8058877,-1.2590547
1500078159520,-15.410255,-2.254809,-2.5899186
1500078159584,-12.413418,-1.3548003,-2.34098
1500078159646,-12.920869,-1.9388485,-2.5994933
1500078159711,-13.476193,-0.46436617,-1.9771467
1500078159774,-11.216598,2.321831,-1.9771467
1500078159837,-8.11444,3.231414,-2.2452345
1500078159901,-10.94851,-0.081383765,-3.2601378
1500078159965,-14.66344,-2.4845984,-1.9675722
1500078160029,-13.332576,-2.1973617,-0.63670826
1500078160092,-12.968742,-0.9526688,0.4164934
1500078160157,-14.759185,-3.5282254,3.9878044
1500078160220,-16.338987,-4.5239797,5.567607
1500078160283,-14.213435,-5.8931417,4.849515
1500078160347,-12.365545,-7.089962,1.6037389
1500078160411,-15.73579,-4.9452605,-1.2016073
1500078160475,-14.395351,-3.4229054,-2.2356598
1500078160538,-12.518738,-2.3122563,-1.9579976
1500078160602,-14.261308,-2.4845984,-1.3739494
1500078160666,-15.199615,-0.63670826,-1.2590547
1500078160730,-8.641041,5.806971,-3.3941817
1500078160793,-7.482519,4.7920675,-3.0016246
1500078160857,-16.147495,-0.081383765,-3.518651
1500078160921,-16.17622,-2.0728924,-0.54096264
1500078160984,-12.576185,-0.5218136,-0.85692316
1500078161048,-12.729378,-2.0441687,0.76117754
1500078161112,-15.716641,-3.6622694,2.867581
1500078161176,-16.587927,-4.5144053,5.941015
1500078161239,-14.682589,-1.4409714,7.3867736
1500078161303,-15.055996,-2.6090677,-0.8473486
1500078161367,-16.118773,-3.9399316,-4.3612123
1500078161431,-14.682589,-2.4654493,-3.5090764
1500078161494,-11.350641,-0.50266445,-3.4612036
1500078161558,-10.737869,-3.4133308,-3.9495063
1500078161622,-12.748528,-3.8346114,-4.6867476
1500078161685,-10.249567,0.56968635,-2.647366
1500078161749,-8.765511,2.1973617,-3.0111992
1500078161812,-12.135756,-2.3505547,-3.2697124
1500078161876,-13.074062,-4.5622783,-2.3314054
1500078161941,-11.743198,-3.4037561,-1.0005416
1500078162005,-14.385777,-2.9346027,0.10053288
1500078162068,-17.124102,-6.563361,0.665432
1500078162131,-14.395351,-8.23891,2.819708
1500078162204,-11.676176,-8.746361,2.972901
1500078162259,-11.532558,-6.47719,1.5079932
1500078162322,-14.002794,-5.2899446,0.2154276
1500078162386,-13.23683,-3.8920588,-0.98139244
1500078162450,-12.978316,-3.4324799,-1.4792696
1500078162513,-15.276211,-3.4037561,-1.2590547
1500078162577,-14.299606,-0.14840569,-1.9101248
1500078162641,-8.487848,5.3569665,-1.4409714
1500078162705,-12.068733,2.8484318,-3.193116
1500078162768,-14.778334,-3.3367343,-3.4229054
1500078162832,-11.341067,-3.7197168,-1.8335283
1500078162896,-10.958084,-2.0633178,0.09095833
1500078162960,-13.562365,-4.016528,4.0644007
1500078163023,-15.257062,-5.873993,5.1846247
1500078163087,-12.738953,-6.592085,6.3144226
1500078163150,-11.216598,-6.8888965,6.5825105
1500078163214,-13.217681,-5.0505805,4.0069537
1500078163278,-13.457045,-4.5527034,1.4218222
1500078163342,-12.001712,-3.384607,-0.47394073
1500078163406,-13.34215,-3.173967,-0.25372586
1500078163469,-15.352808,-1.8431029,-0.00478728
1500078163533,-12.604909,4.8973875,-1.5462915
1500078163597,-10.115523,5.3952646,-2.5037475
1500078163660,-13.99322,0.043085523,-4.3995104
1500078163724,-13.6676855,-4.868664,-3.518651
1500078163788,-11.149575,-4.1792955,-2.2739582
1500078163851,-13.303852,-1.948423,0.99096704
1500078163915,-15.123018,-3.4037561,4.0261025
1500078163979,-14.280457,-6.9176197,4.6867476
1500078164043,-12.815549,-6.170804,4.7920675
1500078164106,-14.213435,-4.696322,2.9346027
1500078164170,-17.143251,-5.0505805,-0.99096704
1500078164234,-14.136839,-4.5622783,-2.0920415
1500078164297,-11.676176,-3.777164,-2.5994933
1500078164361,-14.366628,-4.198445,-2.6377914
1500078164425,-14.299606,0.70373017,-2.7909844
1500078164489,-8.851681,4.1792955,-1.7856555
1500078164552,-9.272962,1.9675722,-3.4420545
1500078164616,-14.64429,-2.2739582,-2.733537
1500078164680,-13.954922,-4.0069537,-1.1154363
1500078164744,-11.944264,-3.2409887,-1.14416
1500078164807,-12.69108,-3.078221,0.9622433
1500078164871,-14.931527,-5.0314317,2.0728924
1500078164935,-16.003878,-6.7357035,3.2218397
1500078164998,-15.295361,-6.0463347,2.494173
1500078165062,-14.491097,-3.9878044,-2.5707695
1500078165126,-15.96558,-2.321831,-3.8154624
1500078165190,-12.9591675,-2.3984275,-1.0484143
1500078165253,-11.542132,-2.4558747,-0.61755913
1500078165317,-13.753856,-3.9686553,-2.7239625
1500078165381,-14.069817,-1.5079932,-3.0877957
1500078165444,-10.335738,0.98139244,-2.1973617
1500078165508,-5.376116,2.6856642,-2.2069361
1500078165572,-12.107032,-1.4313968,-4.0261025
1500078165635,-15.324084,-4.935686,-3.4803526
1500078165699,-14.108115,-3.499502,-3.9590807
1500078165763,-15.802812,-2.0728924,-1.2686293
1500078165827,-17.315592,-2.3505547,2.7814097
1500078165890,-14.730461,-5.1176023,1.3165021
1500078165954,-12.758101,-12.403843,-3.6239712
1500078166018,-13.4666195,-5.7016506,-4.73462
1500078166081,-17.114527,0.56011176,-3.8633351
1500078166145,-13.150659,-1.1728836,-0.13883112
1500078166209,-12.537887,-2.867581,-0.27287498
1500078166273,-15.151742,-4.2941904,-3.8537605
1500078166337,-14.682589,-2.2835326,-4.543129
1500078166400,-8.095291,5.5101595,-1.5941644
1500078166464,-5.1367517,2.1973617,-0.17712937
1500078166528,-14.586843,-1.5175679,-2.6282167
1500078166591,-16.061325,-3.8537605,-3.1356685
1500078166655,-13.255979,-2.666515,-4.389936
1500078166719,-16.233667,-1.862252,-1.2111819
1500078166783,-17.07623,-3.173967,2.8963046
1500078166846,-14.701737,-7.003791,1.2782038
1500078166910,-12.3463955,-9.512326,-0.043085523
1500078166974,-13.840027,-4.916537,-1.4026731
1500078167038,-15.649619,-2.819708,-1.7569319
1500078167102,-13.533641,-2.647366,-1.1345854
1500078167165,-14.002794,-3.1356685,-1.709059
1500078167228,-16.109198,-3.2026904,-2.034594
1500078167292,-13.983645,1.3356512,-1.948423
1500078167356,-7.922949,3.346309,-1.776081
1500078167419,-6.9559183,0.665432,-2.3122563
1500078167483,-13.514492,-2.5707695,-2.5324712
1500078167547,-14.931527,-3.5952475,-1.1250108
1500078167611,-13.485768,-3.2218397,-0.2920241
1500078167674,-15.055996,-3.9590807,1.9388485
1500078167738,-15.821961,-6.0750585,4.08355
1500078167802,-12.5474615,-7.9803963,4.131423
1500078167865,-10.766593,-9.722966,3.126094
1500078167929,-14.031518,-5.8931417,1.5941644
1500078167993,-15.94643,-4.428234,-0.14840569
1500078168057,-13.648536,-2.7239625,-0.70373017
1500078168120,-13.705983,-3.3080106,-0.5792609
1500078168184,-14.701737,-2.8963046,-0.8090504
1500078168248,-13.543216,0.5792609,-2.7909844
1500078168311,-7.1857076,2.360129,-1.4505459
1500078168375,-9.761265,0.9430942,-2.1207652
1500078168439,-14.673014,-2.752686,-1.2399056
1500078168503,-15.113443,-4.150572,0.17712937
1500078168566,-14.596417,-1.8239537,-0.11968201
1500078168630,-15.8123865,-2.0920415,3.346309
1500078168694,-15.486852,-4.0931244,2.0058703
1500078168757,-12.872996,-7.894225,-1.0579889
1500078168821,-10.699572,-8.803808,-0.64628285
1500078168885,-14.634716,-3.8154624,-1.9867213
1500078168949,-15.400681,-1.8048047,-3.5760984
1500078169012,-13.112361,-1.2782038,-1.8431029
1500078169076,-15.927281,-3.758015,-1.0101161
1500078169140,-15.927281,1.6899099,-2.1973617
1500078169204,-10.211268,4.351638,-2.9441774
1500078169267,-6.2474008,3.3271596,-2.8292825
1500078169331,-11.925115,1.0292653,-2.4463003
1500078169396,-14.43365,-0.5505372,-1.862252
1500078169458,-12.987891,-1.2303311,-1.0962871
1500078169522,-14.452799,-0.90479594,-0.61755913
1500078169586,-17.238997,-3.4229054,1.7377827
1500078169650,-15.879409,-6.410168,4.456958
1500078169713,-14.194285,-7.808054,1.9675722
1500078169777,-15.6113205,-6.2665496,1.1824582
1500078169841,-18.196451,-5.998462,1.0867126
1500078169904,-17.05708,-9.8953085,0.56011176
1500078169968,-14.921952,-11.858093,3.078221
1500078170032,-12.413418,-6.850598,3.4229054
1500078170096,-6.4484663,0.50266445,3.8920588
1500078170159,-3.8058877,4.198445,6.017611
1500078170223,-0.5792609,2.9346027,6.0559096
1500078170287,0.50266445,1.9771467,6.1612296
1500078170350,-0.12925656,2.88673,6.458041
1500078170414,-0.54096264,4.3324885,4.954835
1500078170478,0.99096704,5.787822,5.261221
1500078170541,1.6037389,6.563361,7.4059224
1500078170605,2.1111906,7.156984,9.3878565
1500078170669,2.819708,6.8793216,10.527229
1500078170717,1.8335283,4.5144053,9.493176
1500078170732,1.8143792,3.8920588,9.454879
1500078170748,1.3548003,3.2409887,9.138918
1500078170764,1.2207564,2.9537518,8.363379
1500078170780,1.1537346,3.0686467,7.788905
1500078170796,0.8856468,3.1069448,7.482519
1500078170812,0.44521707,2.8101335,7.0325146
1500078170828,0.0,2.800559,6.3431463
1500078170844,0.2154276,3.365458,5.9218655
1500078170860,0.50266445,3.8058877,5.9218655
1500078170876,0.8186249,3.825037,6.103782
1500078170892,0.8186249,3.4707782,6.8122997
1500078170908,0.6750065,3.8824842,6.4484663
1500078170924,0.47394073,4.658024,5.8165455
1500078170939,0.39734426,4.868664,6.065484
1500078170956,0.47394073,4.954835,6.6878304
1500078170971,0.61755913,4.935686,8.095291
1500078170987,0.59841,4.811217,9.100619
1500078171003,0.59841,5.0505805,9.454879
1500078171019,0.39734426,5.634629,9.368708
1500078171035,0.34947145,5.8548436,10.096374
1500078171051,-0.18670394,5.7495236,10.5080805
1500078171067,-0.76117754,6.4484663,9.234664
1500078171083,-1.0771381,7.5782647,8.315506
1500078171099,-1.3548003,5.299519,10.958084
1500078171115,-1.8431029,4.954835,9.828286
1500078171131,-0.3877697,4.6675982,9.780414
1500078171147,0.46436617,2.9441774,9.684668
1500078171163,-0.13883112,1.5271424,10.785743
1500078171178,-1.6516117,1.5750152,11.580431
1500078171194,-2.666515,2.8388572,10.594251
1500078171210,-2.9250283,3.6526947,9.608071
1500078171226,-3.059072,2.580344,9.071896
1500078171242,-3.0973704,1.383524,7.999545
1500078171258,-2.9824755,1.2973529,6.8888965
1500078171274,-2.3888528,1.4505459,6.7069798
1500078171290,-1.4984187,1.5271424,6.7261286
1500078171306,-0.8090504,1.7856555,6.821874
1500078171322,-0.54096264,2.6760898,6.5537868
1500078171338,-0.4164934,3.4899273,5.605905
1500078171354,-0.6079846,3.9686553,5.538883
1500078171370,0.17712937,4.236743,5.806971
1500078171386,1.1728836,3.9782298,6.2952733
1500078171401,0.71330476,3.8058877,6.3814445
1500078171417,0.512239,4.5144053,6.821874
1500078171433,0.69415563,5.108028,7.1091113
1500078171449,0.9718179,5.261221,7.348475
1500078171465,1.0196906,5.529309,7.35805
1500078171481,0.9526688,5.1367517,7.9037995
1500078171497,0.93351966,4.6388745,8.334655
1500078171513,1.3069274,4.5622783,9.177217
1500078171529,1.5271424,4.696322,10.06765
1500078171545,1.383524,5.0505805,10.737869
1500078171561,1.0579889,5.941015,10.326163
1500078171577,1.79523,5.586756,10.0868
1500078171593,0.7228793,2.2260852,9.244238
1500078171609,-0.7420284,-0.30159867,7.0133657
1500078171624,-0.6079846,-1.5462915,5.0314317
1500078171640,-0.25372586,-2.6186423,4.466532
1500078171656,-0.59841,-2.5420458,4.466532
1500078171672,-0.2441513,-0.98139244,3.9686553
1500078171688,0.081383765,0.11968201,3.3558834
1500078171704,0.09095833,0.9622433,3.173967
1500078171720,-1.1824582,2.0728924,3.231414
1500078171736,-3.0303483,2.7814097,3.1835413
1500078171752,-4.7537694,2.5516202,3.1548176
1500078171768,-5.998462,1.1154363,3.1643922
1500078171784,-7.2240057,-0.7420284,3.3175852
1500078171800,-8.803808,-2.168638,3.4420545
1500078171816,-9.971905,-4.131423,2.5228968
1500078171832,-11.063405,-7.9803963,0.92394507
1500078171848,-12.154904,-9.062322,-0.8090504
1500078171864,-11.503835,-7.894225,-1.5750152
1500078171880,-9.8953085,-6.850598,-1.3165021
1500078171895,-8.650616,-5.82612,-1.2973529
1500078171911,-8.353804,-4.868664,-1.4984187
1500078171928,-9.0814705,-4.2271686,-1.5271424
1500078171943,-10.498506,-3.3175852,-1.6037389
1500078171959,-12.470865,-2.2931073,-2.0920415
1500078171975,-14.893229,-1.622888,-2.666515
1500078171991,-16.798567,-1.6899099,-4.1122737
1500078172007,-16.367712,-4.016528,-5.7016506
1500078172023,-15.831535,-7.894225,-6.668681
1500078172070,-19.603912,-17.660276,-8.305931
1500078172086,-12.231501,-9.655944,-0.77075213
1500078172134,-9.866585,-3.173967,2.0633178
1500078172198,-11.436812,-1.4122477,0.30159867
1500078172262,-7.5782647,-0.3398969,-1.5750152
1500078172326,-6.256975,0.2441513,-1.8718265
1500078172389,-9.014449,-3.8537605,-5.2133484
1500078172453,-12.011286,-7.137835,-0.8664977
1500078172517,-10.06765,-7.156984,4.504831
1500078172581,-10.977234,-7.0708127,1.948423
1500078172645,-15.314509,-6.8888965,-3.8920588
1500078172709,-14.53897,-2.9920502,-4.5527034
1500078172772,-10.077225,-0.50266445,-0.37819514
1500078172835,-9.991054,-2.2165108,0.37819514
1500078172899,-11.886817,-3.193116,-1.0484143
1500078172963,-11.867668,-0.05266008,-2.867581
1500078173026,-8.822957,1.4026731,-2.6856642
1500078173090,-8.870831,-3.5090764,-1.0867126
1500078173155,-13.99322,-4.543129,-1.1633091
1500078173218,-11.551707,-5.5484576,-2.1973617
1500078173282,-9.608071,0.023936402,-3.6814184
1500078173354,-15.3049345,0.9718179,-0.28244954
1500078173409,-14.807057,-2.8771553,1.3930986
1500078173472,-12.451715,-8.258059,-1.14416
1500078173536,-11.72405,-8.286782,-1.6324625
1500078173600,-14.740036,-1.948423,-2.6760898
1500078173664,-12.595334,-2.0058703,-1.8048047
1500078173727,-10.460207,-2.6856642,-2.0441687
1500078173791,-11.781497,-2.733537,-3.020774
1500078173855,-13.610238,-1.6037389,-2.8771553
1500078173918,-11.408089,4.198445,-3.8729098
1500078173982,-8.516571,-1.9388485,-6.8793216
1500078174046,-12.624058,-1.3165021,-7.664436
1500078174110,-15.486852,3.1452432,-2.3888528
1500078174173,-13.495343,0.6558574,-1.948423
1500078174237,-13.974071,-2.1399143,-1.3260766
1500078174301,-15.343233,-5.6250544,-1.4313968
1500078174364,-12.940019,-10.40276,-0.5505372
1500078174428,-11.896391,-5.634629,1.6420372
1500078174492,-12.997466,-4.0069537,0.49308985
1500078174556,-16.358137,-4.322914,-2.2931073
1500078174619,-14.376203,-3.2984362,-2.4463003
1500078174683,-13.792154,-2.800559,-1.79523
1500078174747,-15.438979,-3.4133308,-2.360129
1500078174811,-13.954922,0.4835153,-2.0920415
1500078174874,-9.397431,4.9452605,-2.3984275
1500078174938,-9.148493,1.4409714,-2.972901
1500078175002,-14.376203,-3.4037561,-2.6952388
1500078175065,-15.036847,-4.83994,-1.469695
1500078175129,-13.428321,-2.1590633,0.50266445
1500078175193,-14.797483,-2.2739582,2.7239625
1500078175257,-15.697492,-6.486765,2.0058703
1500078175320,-12.288948,-8.037844,2.867581
1500078175384,-10.220843,-7.875076,3.5665238
1500078175448,-13.945347,-5.538883,0.9526688
1500078175512,-16.49218,-4.150572,-0.7420284
1500078175575,-14.481523,-3.0877957,-1.383524
1500078175639,-13.830453,-3.020774,-1.5558661
1500078175703,-13.907049,-2.7814097,-1.3165021
1500078175766,-11.379365,2.580344,-1.8143792
1500078175830,-8.056993,3.3175852,-2.4845984
1500078175894,-12.576185,-1.0962871,-2.9441774
1500078175957,-16.013453,-4.4473834,-1.8718265
1500078176021,-13.811303,-4.7920675,-3.8824842
1500078176085,-13.246405,-0.12925656,-3.5090764
1500078176149,-15.975154,-0.91437054,0.44521707
1500078176213,-14.347479,-5.567607,0.043085523
1500078176276,-11.877242,-9.493176,-3.0973704
1500078176340,-10.852764,-7.846352,-0.8856468
1500078176404,-14.0793915,-2.8388572,-0.37819514
1500078176467,-15.716641,-3.1835413,-2.2835326
1500078176531,-13.792154,-2.4845984,-2.149489
1500078176595,-12.422992,-2.3314054,-1.1250108
1500078176659,-13.514492,-3.518651,-1.7856555
1500078176722,-12.805975,0.9430942,-2.666515
1500078176786,-8.928278,2.2069361,-2.7718353
1500078176850,-8.277207,-1.3260766,-0.39734426
1500078176913,-13.457045,-3.4324799,-1.8143792
1500078176977,-13.677259,-4.543129,-3.5282254
1500078177041,-12.537887,-0.83777404,-2.580344
1500078177104,-15.055996,-0.512239,0.7420284
1500078177177,-14.74961,-5.0122824,1.6899099
1500078177232,-12.384694,-9.531475,-1.3452257
1500078177296,-13.00704,-8.104865,-1.1728836
1500078177359,-15.008123,-2.714388,-2.0537431
1500078177423,-16.5975,-2.3792782,-2.3026817
1500078177487,-12.56661,-1.5845897,-0.77075213
1500078177550,-11.446387,-5.2133484,0.32074776
1500078177614,-13.648536,-3.7292912,-0.23457673
1500078177678,-12.154904,-0.2441513,-1.5941644
1500078177742,-7.9325233,1.5558661,-1.383524
1500078177805,-7.5208173,-0.5505372,-1.9196993
1500078177869,-12.786825,-3.8824842,-0.6750065
1500078177933,-14.242159,-5.806971,0.45479164
1500078177997,-12.068733,-5.529309,1.14416
1500078178060,-11.676176,-4.96441,3.0111992
1500078178124,-12.384694,-6.936769,4.6005764
1500078178188,-11.331492,-8.152739,6.0463347
1500078178252,-11.293194,-7.3771987,5.0505805
1500078178315,-12.7964,-7.1474094,3.0111992
1500078178380,-16.003878,-6.831449,-0.14840569
1500078178444,-15.324084,-4.6388745,-1.5079932
1500078178506,-12.633633,-3.6239712,-2.5516202
1500078178570,-12.633633,-3.671844,-2.7431116
1500078178634,-11.4272375,-2.1973617,-2.34098
1500078178697,-9.914457,-1.4792696,-2.1973617
1500078178761,-6.7931504,-1.1824582,-1.8526775
1500078178825,-4.8973875,-0.3398969,-1.3643749
1500078178889,-10.163396,-3.8058877,-1.4122477
1500078178952,-17.401764,-6.1420803,-0.512239
1500078179016,-16.023027,-4.954835,-0.33032233
1500078179080,-13.974071,-2.5994933,0.40691882
1500078179144,-13.303852,-3.4612036,1.0196906
1500078179207,-11.666602,-7.1186857,1.2303311
1500078179271,-14.376203,-6.678256,-1.0771381
1500078179335,-12.537887,-0.20585304,-2.494173
1500078179398,-15.055996,-0.043085523,-4.7058964
1500078179462,-14.615566,-5.2899446,-1.9867213
1500078179526,-12.729378,-3.4899273,-0.2154276
1500078179589,-12.490014,-2.4845984,-1.7665064
1500078179653,-11.111278,-3.6143966,-2.8580062
1500078179717,-10.910212,-1.5654407,-2.6760898
1500078179781,-6.7357035,2.2356598,-1.2877784
1500078179844,-3.5665238,-2.2069361,-0.77075213
1500078179908,-5.9218655,-2.1590633,-0.77075213
1500078179972,-13.351725,-3.911208,-1.3260766
1500078180035,-18.924118,-5.328243,-3.2792869
1500078180099,-15.601747,-2.6569405,-0.44521707
1500078180163,-13.514492,-3.8920588,1.7377827
1500078180227,-12.135756,-6.017611,2.666515
1500078180299,-11.532558,-7.243155,3.690993
1500078180354,-14.213435,-3.4612036,-0.0718092
1500078180418,-12.949593,-1.6516117,-4.303765
1500078180481,-16.338987,-2.168638,-3.3175852
1500078180545,-16.760267,-5.835695,-1.3643749
1500078180609,-13.7730055,-2.7622607,-1.7856555
1500078180673,-11.475111,-2.561195,-2.6090677
1500078180736,-8.7750845,-3.1356685,-2.8771553
1500078180800,-8.171887,-2.034594,-2.0250196
1500078180864,-5.7495236,-1.0196906,-1.2973529
1500078180927,-2.4558747,-2.149489,1.0484143
1500078180991,-3.2505634,-1.6420372,1.709059
1500078181055,-13.868751,-3.1835413,-1.79523
1500078181119,-19.603912,-8.55487,-3.0111992
1500078181182,-12.422992,-6.678256,0.062234644
1500078181246,-10.967659,3.2409887,-2.2165108
1500078181310,-11.992137,-2.6952388,-2.0441687
1500078181373,-9.225089,-8.631466,-0.10053288
1500078181437,-6.8122997,-4.7441945,0.25372586
1500078181501,-9.368708,-2.494173,-0.30159867
1500078181565,-14.625141,-3.0016246,-3.5952475
1500078181628,-12.719804,-1.3930986,-3.0303483
1500078181692,-11.953838,-1.3452257,-1.6324625
1500078181756,-8.870831,-3.1069448,-1.7473572
1500078181819,-7.6069884,-1.7473572,-2.7048132
1500078181883,-6.869747,-2.6856642,-2.5037475
1500078181947,-7.1665583,-3.1452432,-3.0686467
1500078182011,-6.9942164,-3.6431203,-2.513322
1500078182074,-9.0814705,-4.4186597,-3.173967
1500078182138,-11.714475,-3.5665238,-2.5037475
1500078182202,-15.640044,-0.8664977,5.2133484
1500078182265,-6.4293175,-8.478273,-5.2707953
1500078182329,-9.675094,-3.604822,-0.36862057
1500078182393,-9.234664,-2.360129,-2.88673
1500078182456,-9.110194,-2.187787,-0.40691882
1500078182520,-8.899554,-2.905879,-1.1058618
1500078182584,-8.957002,-3.2792869,-2.1207652
1500078182648,-8.899554,-3.4324799,-1.6516117
1500078182711,-9.100619,-3.3080106,-1.2973529
1500078182775,-9.320834,-3.231414,-1.2399056
1500078182839,-9.359133,-3.0973704,-0.8473486
1500078182902,-9.407005,-3.1069448,-0.5505372
1500078182966,-9.617646,-3.0016246,-0.014361841
1500078183030,-9.885734,-1.0388398,1.4984187
1500078183094,-9.043172,-3.212265,-0.4835153
1500078183157,-9.119769,-3.1165195,-0.9526688
1500078183221,-9.033598,-3.2888615,-1.2111819
1500078183285,-9.014449,-3.2601378,-0.7324539
1500078183349,-9.31126,-3.3367343,-0.93351966
1500078183413,-9.244238,-3.2888615,-1.2111819
1500078183476,-9.244238,-3.2601378,-0.93351966
1500078183541,-8.966576,-3.4707782,-1.0005416
1500078183603,-9.043172,-3.451629,-0.8473486
1500078183667,-9.18679,-3.2409887,-0.6079846
1500078183731,-9.368708,-3.231414,-0.54096264
1500078183795,-9.272962,-3.2026904,-0.54096264
1500078183858,-9.014449,-3.231414,-0.42606795
1500078183922,-8.985725,-3.212265,-0.40691882
1500078183986,-9.368708,-3.173967,-0.44521707
1500078184049,-9.407005,-3.1356685,-0.42606795
1500078184113,-9.272962,-3.212265,-0.6558574
1500078184177,-8.995299,-3.2984362,-0.71330476
1500078184240,-9.0814705,-3.2409887,-0.7994758
1500078184305,-9.062322,-3.365458,-0.751603
1500078184369,-9.148493,-3.346309,-0.7228793
1500078184433,-9.062322,-3.3750327,-0.6079846
1500078184496,-9.18679,-3.3558834,-0.5505372
1500078184559,-9.225089,-3.3558834,-0.50266445
1500078184623,-9.234664,-3.2984362,-0.44521707
1500078184687,-9.158067,-3.2792869,-0.36862057
1500078184750,-9.119769,-3.2505634,-0.34947145
1500078184814,-9.330409,-3.1835413,-0.3398969
1500078184878,-9.215514,-3.173967,-0.32074776
1500078184941,-9.052747,-3.1452432,-0.3398969
1500078185005,-9.091045,-3.1165195,-0.36862057
1500078185069,-9.100619,-3.1356685,-0.37819514
1500078185134,-9.110194,-3.1835413,-0.42606795
1500078185196,-8.985725,-3.0973704,-0.3877697
1500078185260,-8.947427,-3.0303483,-0.32074776
1500078185324,-9.071896,-3.0303483,-0.4356425
1500078185387,-8.832532,-3.0973704,-0.50266445
1500078185451,-8.832532,-3.1165195,-0.512239
1500078185515,-9.100619,-3.212265,-0.512239
1500078185579,-9.339984,-3.231414,-0.50266445
1500078185642,-9.110194,-3.3367343,-0.32074776
1500078185706,-9.196365,-3.039923,-0.043085523
1500078185770,-10.29744,-2.427151,-0.36862057
1500078185833,-9.560199,-1.0675635,-0.91437054
1500078185897,-9.359133,-1.7186337,-1.2973529
1500078185961,-8.650616,-2.4463003,-0.69415563
1500078186025,-9.301685,-1.3260766,-0.3877697
1500078186088,-10.220843,-1.3260766,-0.3111732
1500078186152,-10.6134,-2.5994933,0.2154276
1500078186216,-11.111278,-3.2505634,0.54096264
1500078186279,-12.786825,-4.0739756,0.6845811
1500078186343,-11.905966,-4.696322,1.5845897
1500078186407,-8.937852,-3.2409887,1.3643749
1500078186471,-12.068733,-3.3080106,0.36862057
1500078186534,-10.287866,-2.752686,0.6750065
1500078186598,-7.9803963,-2.5228968,0.39734426
1500078186662,-7.396348,-2.34098,-0.39734426
1500078186726,-7.137835,-1.0867126,-0.2441513
1500078186789,-9.665519,-1.1250108,-0.0718092
1500078186853,-12.719804,-1.2207564,-1.4218222
1500078186917,-12.997466,-3.5569491,-2.1207652
1500078186980,-12.604909,-4.9452605,-0.8856468
1500078187044,-10.804892,-2.733537,-1.5845897
1500078187108,-9.435729,4.3995104,1.3069274
1500078187172,-12.25065,-0.751603,0.3877697
1500078187235,-14.673014,-6.5537868,-0.8760723
1500078187299,-12.940019,-6.304848,0.6750065
1500078187363,-10.364462,-4.887813,2.3697038
1500078187426,-11.092129,-3.9590807,0.8186249
1500078187490,-13.878325,-3.212265,-1.3165021
1500078187554,-12.174053,-1.6420372,-1.14416
1500078187618,-12.049584,-3.212265,-0.8473486
1500078187681,-14.548545,-3.5760984,-2.187787
1500078187745,-13.495343,0.46436617,-3.039923
1500078187809,-7.961247,2.5324712,-2.1303396
1500078187872,-8.430401,0.6750065,-1.9196993
1500078187936,-13.792154,-2.408002,-3.346309
1500078188000,-13.255979,-3.5760984,-2.5516202
1500078188064,-12.107032,-1.4888442,-1.4601204
1500078188127,-16.099623,-0.4356425,0.6079846
1500078188191,-16.358137,-3.9399316,0.78032666
1500078188255,-13.284702,-8.526146,-1.5271424
1500078188319,-11.005958,-5.988888,-0.043085523
