1500140249945,1.6994845,-9.6942425,-0.93351966
1500140250009,1.79523,-9.770839,-0.99096704
1500140250074,1.6324625,-9.579348,-0.6558574
1500140250136,1.6324625,-9.943181,-0.751603
1500140250201,1.6133134,-9.952756,-0.751603
1500140250265,1.5750152,-9.617646,-0.4164934
1500140250328,1.5558661,-9.713391,-0.665432
1500140250391,1.3739494,-9.703817,-0.63670826
1500140250455,1.4601204,-9.761265,-0.54096264
1500140250519,1.3452257,-9.684668,-0.54096264
1500140250582,1.2207564,-9.722966,-0.37819514
1500140250646,0.8952214,-9.148493,-0.71330476
1500140250710,1.1824582,-9.675094,-1.2877784
1500140250774,1.2782038,-9.0814705,-2.6569405
1500140250837,0.34947145,-9.330409,-2.4558747
1500140250901,0.5313881,-9.368708,-4.610151
1500140250965,0.8760723,-9.043172,-5.0601554
1500140251028,1.0675635,-8.430401,-6.2665496
1500140251092,1.1345854,-7.8846507,-6.113357
1500140251156,0.6271337,-8.44955,-5.873993
1500140251220,0.7994758,-8.430401,-6.9942164
1500140251283,1.0196906,-7.5208173,-6.2474008
1500140251347,1.4792696,-7.7123084,-6.458041
1500140251411,2.015445,-7.2910275,-6.4963393
1500140251474,1.3643749,-7.7123084,-6.592085
1500140251539,1.2686293,-7.8272033,-6.5059137
1500140251602,1.3260766,-7.5782647,-6.1899533
1500140251666,1.5462915,-7.5974135,-6.0750585
1500140251729,1.9196993,-7.46337,-5.82612
1500140251793,2.5420458,-7.1091113,-6.6208086
1500140251857,2.6856642,-7.664436,-6.410168
1500140251921,2.6377914,-7.788905,-6.438892
1500140251984,2.5228968,-6.8410234,-6.3814445
1500140252048,2.408002,-6.7069798,-6.5346375
1500140252112,1.9579976,-7.2527294,-6.7261286
1500140252175,1.6707608,-7.4537954,-6.410168
1500140252239,1.5175679,-7.348475,-6.017611
1500140252303,0.8952214,-8.641041,-6.2091026
1500140252367,0.27287498,-8.382527,-5.2707953
1500140252430,0.98139244,-8.621892,-4.9739842
1500140252494,1.622888,-8.439975,-4.6293
1500140252558,2.1399143,-8.497422,-4.8207912
1500140252621,1.9101248,-8.00912,-5.3569665
1500140252685,1.6133134,-8.133589,-5.5771813
1500140252749,1.6803354,-8.363379,-5.462287
1500140252812,1.5654407,-8.487848,-5.2707953
1500140252876,1.6037389,-8.698488,-5.28037
1500140252940,1.5750152,-8.5740185,-5.5963306
1500140253003,1.5750152,-8.143164,-5.7303743
1500140253067,1.8431029,-7.702734,-5.787822
1500140253131,1.4218222,-8.1623125,-5.529309
1500140253196,1.5175679,-8.258059,-5.17505
1500140253259,1.2016073,-8.066567,-4.935686
1500140253323,1.0675635,-9.320834,-5.7303743
1500140253386,0.9622433,-8.363379,-4.0261025
1500140253451,1.383524,-8.803808,-4.6005764
1500140253514,1.5558661,-8.794233,-4.322914
1500140253577,1.3260766,-8.746361,-3.777164
1500140253641,1.1728836,-9.483603,-4.4473834
1500140253705,2.1207652,-8.516571,-3.8058877
1500140253768,2.2931073,-8.420826,-4.1122737
1500140253832,2.0633178,-9.0814705,-4.7058964
1500140253896,1.5750152,-8.32508,-2.015445
1500140253960,-0.25372586,-11.771922,-1.5750152
1500140254023,0.043085523,-10.287866,2.6569405
1500140254087,3.4420545,-10.182545,3.8537605
1500140254151,5.021857,-9.167642,2.34098
1500140254214,2.034594,-7.482519,2.7048132
1500140254278,-2.6856642,-8.55487,5.0601554
1500140254342,-3.0303483,-9.062322,6.4963393
1500140254406,-2.9824755,-6.716554,6.2091026
1500140254469,-4.495256,-5.1176023,7.4729443
1500140254533,-5.299519,-3.825037,6.6208086
1500140254597,-7.5782647,-6.304848,7.4920936
1500140254660,-2.8388572,-3.5856729,6.0750585
1500140254724,-1.2207564,-0.28244954,9.761265
1500140254788,-1.5654407,-4.08355,9.991054
1500140254852,-1.6899099,-2.8963046,7.5208173
1500140254915,-1.8431029,-1.0962871,10.144247
1500140254979,-1.8239537,-3.078221,9.550624
1500140255042,-1.8909757,-2.6186423,8.564445
1500140255107,-2.1303396,-2.2931073,8.55487
1500140255171,-1.8526775,-0.92394507,9.215514
1500140255235,-1.469695,-0.19627848,9.474028
1500140255299,-0.93351966,1.3069274,9.75169
1500140255361,-2.0728924,-1.5175679,10.000628
1500140255425,-3.8729098,-3.1165195,9.41658
1500140255489,-4.0931244,-0.22500217,7.8367777
1500140255553,-5.06973,0.46436617,11.695326
1500140255617,-8.794233,0.42606795,7.051664
1500140255680,-6.6495323,-2.34098,9.502751
1500140255744,-2.475024,-0.110107444,8.296356
1500140255807,0.54096264,-0.6750065,7.0708127
1500140255871,1.2686293,-1.5367169,6.745278
1500140255936,0.56011176,-3.4707782,6.8027253
1500140255998,0.081383765,-7.1091113,6.4005938
1500140256062,0.10053288,-10.670848,5.567607
1500140256126,-0.110107444,-11.676176,7.0803876
1500140256190,0.7994758,-7.9325233,8.037844
1500140256254,0.05266008,-5.845269,8.66019
1500140256317,-2.1782124,-5.8548436,8.621892
1500140256381,-3.499502,-5.567607,8.277207
1500140256444,-3.6814184,-4.763344,7.9133744
1500140256508,-3.5569491,-4.5622783,7.5974135
1500140256572,-3.231414,-4.926111,7.549541
1500140256636,-2.8101335,-5.146326,7.8272033
1500140256699,-2.5228968,-5.3378177,8.439975
1500140256763,-2.2739582,-4.4090853,8.583593
1500140256827,-1.8526775,-3.9495063,8.11444
1500140256890,-1.6611862,-1.4218222,10.144247
1500140256954,-1.2877784,0.4356425,9.407005
1500140257018,-0.92394507,1.1824582,7.3197513
1500140257082,-0.5505372,0.023936402,7.4442205
1500140257146,-2.0824668,-1.776081,9.98148
1500140257209,-4.5718527,-0.59841,10.316589
1500140257273,-4.351638,0.42606795,8.104865
1500140257336,-2.5324712,0.6558574,6.486765
1500140257400,-3.231414,0.4835153,6.2952733
1500140257464,-5.2899446,-2.561195,7.1091113
1500140257528,-6.6878304,-5.376116,7.3771987
1500140257591,-6.5825105,-3.0111992,5.806971
1500140257655,-7.769756,-2.3026817,5.586756
1500140257719,-11.187874,-2.580344,5.806971
1500140257782,-11.4272375,-0.8664977,5.9027166
1500140257846,-11.484685,2.101616,3.2601378
1500140257910,-10.000628,2.101616,0.7324539
1500140257975,-9.234664,-0.69415563,1.6516117
1500140258037,-9.052747,0.2920241,2.9824755
1500140258101,-10.096374,1.7377827,1.2207564
1500140258165,-9.052747,0.78032666,0.7324539
1500140258228,-8.717637,-0.5313881,1.0867126
1500140258293,-9.866585,-0.27287498,-0.7324539
1500140258356,-9.18679,-1.4026731,-1.0005416
1500140258420,-8.851681,-2.3697038,-0.76117754
1500140258483,-9.761265,-0.8760723,-0.70373017
1500140258547,-10.172971,-0.93351966,-0.56968635
1500140258611,-8.315506,-2.3697038,-0.4164934
1500140258675,-9.397431,-1.9005502,-0.78032666
1500140258738,-9.904882,-1.1537346,-0.98139244
1500140258802,-10.115523,-2.6377914,-0.71330476
1500140258865,-9.349558,-2.494173,-0.6845811
1500140258930,-9.924032,-0.56011176,-0.92394507
1500140258993,-9.407005,-1.4218222,-0.78032666
1500140259058,-9.904882,-2.3888528,-0.90479594
1500140259120,-9.397431,-0.7324539,-1.1058618
1500140259185,-9.770839,-1.1633091,-0.751603
1500140259248,-9.732541,-2.034594,-0.71330476
1500140259311,-9.608071,-0.18670394,-0.9526688
1500140259375,-9.426155,-0.70373017,-0.83777404
1500140259439,-8.966576,-2.714388,-0.5792609
1500140259503,-9.818711,-1.3548003,-0.8856468
1500140259566,-9.818711,-0.33032233,-1.1058618
1500140259630,-9.272962,-2.5420458,-0.50266445
1500140259694,-9.2825365,-2.4367256,-0.46436617
1500140259757,-10.048501,-0.45479164,-0.9526688
1500140259822,-9.837861,-0.751603,-0.8090504
1500140259885,-8.564445,-2.6282167,-0.3111732
1500140259948,-9.6942425,-1.5079932,-0.92394507
1500140260012,-9.924032,-0.10053288,-1.2494801
1500140260076,-9.253813,-1.8526775,-0.33032233
1500140260140,-9.359133,-2.2835326,-0.5888355
1500140260204,-10.536804,-0.8760723,-1.2303311
1500140260268,-9.454879,-2.3122563,-0.3877697
1500140260331,-8.966576,-3.4707782,0.15798025
1500140260394,-9.301685,-3.020774,-0.34947145
1500140260458,-9.924032,-2.408002,-1.4888442
1500140260522,-9.98148,-3.604822,-0.8473486
1500140260587,-9.5219,-3.6622694,-0.64628285
1500140260649,-10.163396,-2.5516202,-1.6899099
1500140260713,-10.220843,-2.9250283,-2.0537431
1500140260777,-10.469782,-3.0686467,-1.7665064
1500140260840,-10.000628,-2.5037475,-1.6037389
1500140260904,-10.29744,-1.8143792,-2.34098
1500140260968,-10.766593,-0.6750065,-1.6803354
1500140261032,-11.044255,-0.20585304,-0.63670826
1500140261095,-9.550624,1.1633091,-1.1824582
1500140261159,-9.062322,0.70373017,-0.77075213
1500140261223,-9.2825365,-0.0718092,0.7324539
1500140261286,-9.339984,0.23457673,0.7228793
1500140261350,-8.746361,-0.19627848,1.2686293
1500140261414,-9.780414,-1.469695,2.4175766
1500140261477,-10.163396,0.4356425,2.1782124
1500140261541,-9.31126,0.2154276,0.8090504
1500140261605,-9.722966,-2.714388,1.3165021
1500140261669,-10.125097,-1.9962958,2.0250196
1500140261733,-8.947427,-0.69415563,1.2111819
1500140261796,-9.215514,-1.14416,0.77075213
1500140261860,-9.885734,0.64628285,0.47394073
1500140261923,-9.761265,5.0314317,-0.8473486
1500140261987,-9.138918,4.131423,-2.0920415
1500140262051,-11.38894,1.5654407,-2.1399143
1500140262115,-10.996383,0.2154276,-2.3122563
1500140262178,-10.699572,-0.39734426,-2.8292825
1500140262242,-11.302769,-2.6090677,-4.2080193
1500140262306,-10.565528,-3.5473747,-3.777164
1500140262369,-10.029352,-3.2888615,-2.5324712
1500140262433,-9.493176,-2.4845984,-1.1537346
1500140262497,-9.167642,-3.5378,-0.5792609
1500140262561,-10.105948,-3.9495063,-0.16755481
1500140262624,-10.5080805,-1.6803354,1.5941644
1500140262688,-10.383611,-0.05266008,2.5899186
1500140262752,-10.144247,-5.452712,-1.0675635
1500140262815,-10.354887,-6.668681,-0.16755481
1500140262879,-8.200611,-8.11444,-3.5090764
1500140262943,-10.096374,0.36862057,-2.867581
1500140263007,-9.3878565,-1.9962958,-2.7048132
1500140263070,-9.033598,-4.9739842,-4.150572
1500140263134,-9.091045,-3.671844,-1.8526775
1500140263198,-9.033598,-5.1367517,-0.2441513
1500140263261,-9.426155,-5.021857,0.56968635
1500140263325,-8.813383,-0.90479594,2.9920502
1500140263389,-6.821874,-2.0537431,2.7239625
1500140263452,-7.35805,-3.7388659,2.8292825
1500140263517,-8.076141,-4.476107,2.9824755
1500140263580,-8.957002,-3.4037561,3.4420545
1500140263644,-7.3197513,-5.1367517,3.8537605
1500140263707,-5.9314404,-6.3527207,4.0548263
1500140263771,-6.3527207,-4.811217,2.6952388
1500140263836,-7.9037995,-2.752686,0.98139244
1500140263898,-8.631466,-1.9771467,-0.3877697
1500140263962,-9.100619,-2.494173,-1.4792696
1500140264026,-10.010203,-3.0686467,-2.1973617
1500140264089,-12.844273,-4.3803616,-2.408002
1500140264154,-12.068733,-6.563361,-1.929274
1500140264217,-10.536804,-5.088879,-0.64628285
1500140264281,-10.048501,-1.2494801,1.3452257
1500140264346,-8.535721,-5.309094,0.22500217
1500140264408,-9.675094,-4.8973875,-1.0675635
1500140264472,-11.666602,-1.8335283,-0.90479594
1500140264536,-9.502751,-0.63670826,0.5313881
1500140264599,-9.062322,-1.2494801,0.5218136
1500140264663,-9.818711,-0.3877697,-0.7994758
1500140264727,-9.608071,-0.9526688,-1.2686293
1500140264790,-8.583593,-2.0633178,-1.0196906
1500140264854,-8.641041,-1.4888442,-0.7994758
1500140264918,-9.138918,-1.9196993,-0.8760723
1500140264982,-8.7750845,-2.513322,-0.7324539
1500140265045,-9.761265,-1.8239537,-0.8856468
1500140265109,-12.030436,-1.0579889,-1.622888
1500140265173,-9.531475,-2.168638,-0.50266445
1500140265236,-8.784659,-2.819708,-0.42606795
1500140265300,-10.230418,-1.862252,-0.6845811
1500140265365,-9.675094,-1.7569319,-0.4356425
1500140265428,-9.426155,-2.3314054,-0.6750065
1500140265492,-9.933606,-1.0484143,-1.1345854
1500140265555,-9.85701,-0.512239,-1.2016073
1500140265619,-8.717637,-2.3697038,-1.0675635
1500140265683,-9.31126,-1.7282082,-1.2303311
1500140265746,-9.809137,-0.8664977,-1.1824582
1500140265810,-9.2825365,-2.2165108,-0.8090504
1500140265874,-9.378282,-2.1207652,-0.751603
1500140265937,-9.847435,-0.751603,-0.8856468
1500140266001,-9.474028,-1.8143792,-0.6271337
1500140266065,-9.158067,-2.714388,-0.61755913
1500140266128,-9.7899885,-1.2877784,-0.85692316
1500140266192,-9.713391,-1.2494801,-1.0484143
1500140266256,-9.129343,-2.6186423,-0.8281995
1500140266320,-9.234664,-2.3026817,-1.0196906
1500140266383,-9.7899885,-1.2207564,-1.2303311
1500140266447,-9.483603,-1.622888,-0.8856468
1500140266511,-8.995299,-2.561195,-0.83777404
1500140266574,-9.933606,-1.4409714,-1.1633091
1500140266638,-9.837861,-1.0484143,-0.8760723
1500140266702,-8.995299,-2.5420458,-0.39734426
1500140266765,-9.655944,-1.9388485,-1.0484143
1500140266829,-9.85701,-0.71330476,-1.2686293
1500140266893,-8.9761505,-2.6186423,-0.71330476
1500140266957,-9.129343,-2.714388,-1.1058618
1500140267020,-10.019777,-0.69415563,-1.4218222
1500140267084,-9.512326,-1.9675722,-0.8760723
1500140267148,-8.755936,-3.2601378,-0.9718179
1500140267211,-9.809137,-1.4218222,-1.1633091
1500140267275,-9.799562,-0.8664977,-1.1633091
1500140267339,-8.889979,-3.0686467,-0.69415563
1500140267403,-9.29211,-2.5324712,-0.92394507
1500140267466,-10.000628,-0.59841,-1.4026731
1500140267530,-9.41658,-1.9388485,-0.6845811
1500140267594,-8.957002,-3.126094,-0.98139244
1500140267657,-9.933606,-1.0196906,-1.2399056
1500140267721,-9.818711,-0.9718179,-1.14416
1500140267785,-9.177217,-3.078221,-0.6750065
1500140267848,-10.029352,-2.5420458,-0.77075213
1500140267912,-10.144247,-0.59841,-1.5462915
1500140267976,-9.62722,1.2111819,-1.7186337
1500140268040,-9.569773,-1.1920328,-1.79523
1500140268103,-11.1208515,-0.23457673,-2.0058703
1500140268168,-8.401677,2.2260852,-0.92394507
1500140268231,-8.258059,1.5079932,-2.034594
1500140268294,-9.110194,1.7665064,-2.819708
1500140268358,-10.728295,0.9526688,-2.5037475
1500140268422,-9.569773,-0.8760723,-0.6750065
1500140268485,-9.85701,-0.7420284,-0.10053288
1500140268549,-10.919786,-0.30159867,-0.93351966
1500140268613,-10.048501,0.17712937,-0.9430942
1500140268677,-9.244238,-0.32074776,-1.9005502
1500140268740,-9.004874,-1.4505459,-2.4654493
1500140268804,-8.736787,-2.8388572,-2.1207652
1500140268868,-8.880404,-2.9441774,-1.3930986
1500140268931,-9.31126,-2.360129,-1.1345854
1500140268995,-9.75169,-2.360129,-0.98139244
1500140269059,-9.024023,-2.7814097,-0.3398969
1500140269123,-9.320834,-3.212265,-0.062234644
1500140269187,-9.770839,-3.0303483,-0.2154276
1500140269251,-9.933606,-2.034594,0.46436617
1500140269314,-9.5219,-1.5558661,0.14840569
1500140269378,-9.54105,-2.0250196,-0.20585304
1500140269441,-9.550624,-1.7473572,-0.25372586
1500140269505,-9.655944,-2.168638,0.4164934
1500140269568,-9.138918,-4.715471,0.40691882
1500140269632,-8.191036,-6.697405,-1.6324625
1500140269696,-9.091045,-4.887813,-3.1835413
1500140269760,-8.258059,-1.5079932,-4.9452605
1500140269823,-9.31126,1.1537346,-4.131423
1500140269887,-10.345312,0.15798025,-3.7388659
1500140269951,-11.82937,0.71330476,-0.22500217
1500140270014,-9.31126,-1.1824582,-0.27287498
1500140270078,-7.204857,-3.7867386,-3.0016246
1500140270142,-7.12826,-4.5718527,-3.825037
1500140270206,-7.051664,-5.2133484,-3.9782298
1500140270269,-7.922949,-4.0548263,-3.6431203
1500140270333,-9.368708,-3.6239712,-4.275041
1500140270397,-10.82404,-5.82612,-5.3569665
1500140270461,-9.952756,-1.9675722,2.2452345
1500140270524,-8.842107,-5.586756,-1.3452257
1500140270588,-8.995299,-4.495256,-2.6090677
1500140270652,-7.2910275,-6.7548523,-3.7963133
1500140270716,-4.9739842,-6.8601727,-5.38569
1500140270779,-3.2026904,-7.1474094,-5.7208
1500140270843,-2.9250283,-7.1186857,-3.6622694
1500140270906,-4.9452605,-6.525063,-2.475024
1500140270970,-6.3144226,-7.501668,-2.1207652
1500140271034,-6.7740016,-7.2335806,-3.2218397
1500140271099,-6.8601727,-7.1857076,-3.5856729
1500140271161,-7.1474094,-6.3431463,-3.3941817
1500140271225,-7.5974135,-5.8548436,-3.3750327
1500140271289,-7.5399666,-4.5527034,-1.5845897
1500140271352,-7.195282,-4.610151,-1.9005502
1500140271416,-7.4537954,-5.088879,-2.187787
1500140271481,-7.999545,-5.1271772,-2.0633178
1500140271543,-8.794233,-4.6293,-2.2260852
1500140271607,-9.225089,-3.8729098,-2.101616
1500140271671,-10.278291,-3.1165195,-1.6899099
1500140271734,-10.374036,-3.2505634,-1.3260766
1500140271799,-10.077225,-2.6569405,-0.8090504
1500140271862,-10.527229,-1.6324625,-1.2111819
1500140271926,-10.6134,-2.34098,-1.7186337
1500140271989,-10.699572,-1.4505459,-1.5175679
1500140272053,-8.7750845,-0.3877697,-0.8760723
1500140272117,-7.769756,-1.2399056,-0.8760723
1500140272180,-8.296356,-0.3398969,-0.91437054
1500140272244,-9.272962,-0.42606795,-1.0388398
1500140272308,-9.598496,-1.3356512,-1.3356512
1500140272372,-9.263388,-0.9622433,-0.76117754
1500140272437,-9.761265,-0.49308985,-0.359046
1500140272499,-10.211268,-1.2782038,-0.4356425
1500140272563,-10.431483,-2.168638,-1.0579889
1500140272626,-9.349558,-0.8856468,-0.18670394
1500140272690,-8.794233,-0.78990126,-0.00478728
1500140272754,-9.148493,-1.8814012,-0.7228793
1500140272818,-9.148493,-1.3165021,-0.46436617
1500140272881,-9.847435,-0.8473486,-0.5792609
1500140272945,-10.71872,-1.4218222,-0.92394507
1500140273009,-9.579348,-0.56968635,-0.8664977
1500140273074,-8.612317,0.7420284,-0.64628285
1500140273136,-9.85701,0.110107444,-1.6994845
1500140273200,-9.780414,-1.14416,-1.5367169
1500140273264,-9.004874,-0.751603,-0.20585304
1500140273327,-9.684668,-0.77075213,-0.61755913
1500140273392,-10.058076,-1.2303311,-0.7994758
1500140273455,-9.75169,-0.6750065,-0.3877697
1500140273519,-9.5219,-1.2590547,-0.4356425
1500140273582,-9.225089,-1.3165021,-0.359046
1500140273646,-9.148493,-0.92394507,-0.4835153
1500140273710,-8.133589,-0.64628285,-0.5505372
1500140273773,-8.286782,-0.9430942,-0.6558574
1500140273837,-11.015532,-1.2399056,-1.4026731
1500140273901,-12.719804,-0.56968635,-1.2494801
1500140273964,-12.298523,-0.2441513,-0.110107444
1500140274028,-9.407005,-1.4984187,-0.043085523
1500140274092,-8.2676325,-0.3398969,0.47394073
1500140274156,-8.11444,-0.00478728,-0.28244954
1500140274219,-9.397431,-0.17712937,-2.2069361
1500140274283,-9.349558,0.0718092,-2.360129
1500140274347,-9.780414,-0.76117754,-2.149489
1500140274410,-8.765511,-1.2303311,-0.5888355
1500140274474,-9.608071,-1.8909757,0.2154276
1500140274538,-10.766593,-1.3739494,-0.36862057
1500140274602,-10.134672,-2.2643836,-0.014361841
1500140274665,-9.809137,-2.321831,-0.9430942
1500140274729,-9.703817,-1.0867126,-1.7473572
1500140274793,-9.378282,-1.3260766,-2.561195
1500140274856,-9.215514,-1.9101248,-3.4229054
1500140274920,-10.06765,-0.665432,-3.6431203
1500140274984,-10.019777,-1.2686293,-3.346309
1500140275047,-9.359133,-2.034594,-3.499502
1500140275111,-10.153821,-1.0579889,-3.9590807
1500140275175,-9.971905,-0.8186249,-3.777164
1500140275239,-9.780414,-1.5941644,-2.972901
1500140275302,-10.115523,-0.92394507,-2.5324712
1500140275366,-10.19212,1.0292653,-1.6324625
1500140275429,-9.62722,-0.5792609,-0.6845811
1500140275494,-9.3878565,-1.6707608,-0.359046
1500140275557,-9.349558,-0.10053288,-0.05266008
1500140275621,-9.655944,1.2016073,0.46436617
1500140275685,-10.345312,-0.49308985,0.8952214
1500140275748,-9.722966,-1.1058618,1.1154363
1500140275813,-9.454879,0.22500217,0.76117754
1500140275876,-10.479357,0.00478728,0.19627848
1500140275939,-9.550624,2.6377914,-0.50266445
1500140276003,-9.426155,2.714388,-0.92394507
1500140276067,-10.94851,1.1824582,-2.3984275
1500140276131,-9.502751,-3.2218397,-4.8782387
1500140276194,-8.937852,-5.873993,-5.232497
1500140276258,-9.0814705,-3.0494976,-1.1058618
1500140276322,-9.272962,3.3750327,3.671844
1500140276385,-10.172971,0.78032666,3.9686553
1500140276449,-10.335738,-1.8335283,1.8143792
1500140276513,-9.876159,-0.78990126,1.0579889
1500140276576,-10.412334,-0.00478728,0.32074776
1500140276640,-9.64637,0.6558574,-0.34947145
1500140276704,-9.215514,0.7420284,-0.4356425
1500140276767,-9.215514,-0.7420284,-0.28244954
1500140276832,-9.330409,-1.2111819,0.11968201
1500140276895,-9.531475,0.3398969,0.110107444
1500140276959,-10.172971,-0.78990126,0.18670394
1500140277022,-9.502751,-1.8431029,0.33032233
1500140277086,-9.8953085,-0.91437054,0.0718092
1500140277150,-10.077225,-1.9388485,0.00478728
1500140277213,-9.024023,-3.5090764,-0.512239
1500140277277,-9.799562,-1.4313968,-0.56968635
1500140277341,-9.560199,-1.0196906,-0.76117754
1500140277405,-9.3878565,-2.0633178,-0.99096704
1500140277468,-9.579348,-1.7282082,-0.85692316
1500140277532,-8.746361,-1.9867213,-0.78032666
1500140277596,-8.487848,-2.2069361,-1.0101161
1500140277659,-9.110194,-2.6856642,-1.0771381
1500140277723,-9.608071,-3.0303483,-0.47394073
1500140277787,-8.401677,-3.9782298,0.2920241
1500140277850,-9.85701,-3.9016335,0.023936402
1500140277914,-11.274045,-1.8431029,-0.014361841
1500140277978,-9.952756,-2.2069361,0.20585304
1500140278042,-9.493176,-3.0877957,-0.3877697
1500140278105,-9.320834,-1.3739494,-0.92394507
1500140278170,-10.153821,-1.469695,-1.6899099
1500140278233,-9.991054,-2.1111906,-1.7569319
1500140278297,-8.755936,-1.4505459,-1.2973529
1500140278361,-8.870831,-1.6707608,-1.1154363
1500140278424,-8.765511,-2.5707695,-1.3452257
1500140278488,-8.947427,-2.7431116,-0.37819514
1500140278551,-9.952756,-2.101616,-0.3398969
1500140278615,-9.75169,-2.6856642,-0.3877697
1500140278679,-9.359133,-3.0303483,-0.56011176
1500140278742,-9.85701,-2.8580062,-0.7420284
1500140278806,-9.349558,-2.5707695,-0.512239
1500140278870,-8.813383,-2.5324712,-0.27287498
1500140278934,-9.598496,-2.1973617,-0.8664977
1500140278997,-10.29744,-1.862252,-0.90479594
1500140279061,-9.512326,-2.101616,-0.9526688
1500140279125,-9.18679,-2.0058703,-1.0867126
1500140279188,-8.5740185,-1.1920328,-1.0196906
1500140279252,-8.392102,-1.8143792,-1.0292653
1500140279316,-9.761265,-2.427151,-1.4122477
1500140279380,-10.06765,-1.6611862,-1.5175679
1500140279443,-9.684668,-1.8814012,-1.1250108
1500140279507,-9.138918,-2.6090677,-0.77075213
1500140279571,-9.54105,-2.3984275,-0.85692316
1500140279634,-9.569773,-2.2643836,-0.6845811
1500140279698,-9.225089,-2.88673,-0.6079846
1500140279763,-9.234664,-2.752686,-0.6079846
1500140279825,-9.799562,-2.360129,-0.9430942
1500140279889,-9.655944,-2.5707695,-1.0196906
1500140279953,-8.899554,-2.752686,-0.85692316
1500140280017,-9.253813,-2.321831,-0.8664977
1500140280080,-9.713391,-2.187787,-1.0675635
1500140280144,-9.100619,-2.5228968,-0.85692316
1500140280208,-9.052747,-2.3122563,-0.61755913
1500140280272,-9.608071,-1.9771467,-0.7324539
1500140280335,-9.5219,-2.1207652,-0.8090504
1500140280400,-8.861256,-2.6952388,-0.90479594
1500140280463,-9.2825365,-2.513322,-0.83777404
1500140280527,-9.62722,-2.321831,-1.0388398
1500140280590,-9.41658,-2.6856642,-0.8186249
1500140280655,-9.225089,-2.494173,-0.7324539
1500140280718,-9.493176,-2.408002,-0.61755913
1500140280782,-9.502751,-2.360129,-0.9622433
1500140280845,-9.119769,-2.561195,-0.56968635
1500140280909,-9.129343,-2.4845984,-0.6750065
1500140280973,-9.531475,-2.3122563,-0.70373017
1500140281036,-9.5889225,-2.4463003,-1.1728836
1500140281100,-8.9761505,-2.7909844,-0.46436617
1500140281163,-9.158067,-2.5228968,-0.45479164
1500140281227,-9.713391,-2.1303396,-0.8760723
1500140281291,-9.435729,-2.4845984,-0.6271337
1500140281355,-9.004874,-2.7909844,-0.37819514
1500140281418,-9.349558,-2.34098,-0.5313881
1500140281482,-9.531475,-2.2356598,-0.59841
1500140281546,-9.253813,-2.5707695,-1.0005416
1500140281609,-9.062322,-2.8963046,-0.6750065
1500140281673,-9.359133,-2.6090677,-0.4835153
1500140281737,-9.531475,-2.1782124,-0.39734426
1500140281802,-9.531475,-2.3984275,-0.64628285
1500140281864,-9.435729,-2.2260852,-1.0101161
1500140281928,-9.0814705,-2.254809,-0.7994758
1500140281992,-9.20594,-2.2165108,-0.49308985
1500140282055,-9.665519,-2.3314054,-0.8760723
1500140282120,-9.617646,-2.034594,-1.0292653
1500140282183,-9.014449,-2.5228968,-0.98139244
1500140282247,-9.0814705,-2.7909844,-0.8473486
1500140282310,-10.144247,-2.427151,-0.8090504
1500140282374,-9.483603,-2.2931073,-0.6271337
1500140282438,-9.167642,-2.3697038,-0.4164934
1500140282501,-9.732541,-1.8909757,-0.47394073
1500140282565,-10.038927,-1.4984187,-0.49308985
1500140282629,-9.0814705,-3.7484405,-2.254809
1500140282693,-7.8367777,-5.682502,-4.581427
1500140282756,-7.788905,-5.366541,-4.811217
1500140282820,-6.151655,-4.389936,-4.504831
1500140282884,-6.4293175,-3.9016335,-6.898471
1500140282947,-6.4293175,-2.7622607,-8.583593
1500140283011,-6.2378263,-2.8963046,-6.7261286
1500140283075,-5.2420716,-2.5707695,-5.462287
1500140283138,-5.1271772,-3.758015,-7.587839
1500140283203,-5.3569665,-4.4186597,-8.708063
1500140283266,-4.8973875,-4.3612123,-8.832532
1500140283331,-4.045252,-3.2409887,-7.894225
1500140283393,-3.365458,-3.0973704,-9.474028
1500140283457,-3.2218397,-3.6239712,-9.579348
1500140283521,-3.825037,-2.9537518,-8.909128
1500140283584,-3.6239712,-5.414414,-9.531475
1500140283648,-4.1026993,-5.6633525,-8.181462
1500140283712,-3.0016246,-6.7931504,-6.8027253
1500140283776,-1.383524,-6.9463434,-5.7686725
1500140283839,0.69415563,-9.397431,-7.281453
1500140283903,1.0867126,-6.2091026,-7.0133657
1500140283967,1.4409714,-5.634629,-8.535721
1500140284030,1.8048047,-5.787822,-8.861256
1500140284094,1.4122477,-3.8729098,-9.579348
1500140284158,2.254809,-6.4197426,-8.545295
1500140284221,2.3505547,-6.438892,-7.741032
1500140284285,2.8771553,-5.759098,-6.017611
1500140284349,2.714388,-6.180379,-4.648449
1500140284412,3.3558834,-6.697405,-4.782493
1500140284476,3.8824842,-6.8122997,-5.347392
1500140284540,4.236743,-7.089962,-5.299519
1500140284604,4.926111,-6.7548523,-5.500585
1500140284667,5.108028,-6.898471,-5.1367517
1500140284731,4.935686,-6.9176197,-4.8590894
1500140284795,5.1367517,-6.7931504,-4.7537694
1500140284859,5.452712,-7.3006024,-4.476107
1500140284922,5.17505,-7.4729443,-3.3175852
1500140284986,4.9739842,-6.7931504,-2.4558747
1500140285050,5.3569665,-7.8272033,-3.5090764
1500140285113,5.0601554,-7.7793303,-3.1069448
1500140285177,5.021857,-7.846352,-3.020774
1500140285241,5.1654754,-7.35805,-3.7963133
1500140285305,4.6675982,-7.329326,-4.0548263
1500140285368,4.0644007,-6.678256,-4.0644007
1500140285432,4.4090853,-6.697405,-5.7208
1500140285496,4.772918,-6.4005938,-7.02294
1500140285559,4.5239797,-6.027186,-7.702734
1500140285623,4.495256,-6.132506,-7.5303917
1500140285686,4.696322,-5.7208,-7.8655014
1500140285751,4.1792955,-6.0559096,-7.4442205
1500140285815,3.7484405,-6.113357,-7.089962
1500140285879,4.0739756,-5.7112255,-7.2623043
1500140285942,3.8729098,-6.132506,-7.329326
1500140286005,3.1356685,-6.151655,-6.8410234
1500140286069,3.5090764,-5.529309,-6.831449
1500140286133,3.8824842,-6.027186,-7.2240057
1500140286196,3.2601378,-6.2952733,-6.9176197
1500140286260,3.2409887,-6.132506,-6.869747
1500140286324,3.5378,-6.2474008,-7.2144313
1500140286388,3.0303483,-6.4484663,-7.310177
1500140286451,2.8292825,-5.998462,-6.563361
1500140286515,3.6239712,-5.797396,-7.654861
1500140286579,3.173967,-5.4718614,-8.1623125
1500140286642,2.494173,-5.644203,-6.7740016
1500140286706,3.2026904,-5.845269,-7.4537954
1500140286770,2.7718353,-6.027186,-8.181462
1500140286833,2.2643836,-6.3527207,-7.3006024
1500140286898,2.7814097,-6.764427,-7.7601814
1500140286961,2.5707695,-6.6878304,-8.066567
1500140287025,2.6282167,-6.410168,-7.922949
1500140287088,2.867581,-6.4197426,-7.6261373
1500140287152,3.0016246,-6.103782,-7.396348
1500140287216,3.1643922,-5.82612,-7.3676243
1500140287279,3.0111992,-6.017611,-7.195282
1500140287343,3.1165195,-5.988888,-6.9271946
1500140287407,3.6622694,-5.950589,-6.9463434
1500140287471,3.8537605,-5.8644185,-7.042089
1500140287534,3.671844,-5.845269,-6.9080453
1500140287598,3.6143966,-5.988888,-6.9271946
1500140287661,3.825037,-5.873993,-6.9176197
1500140287726,4.2080193,-5.873993,-7.2527294
1500140287789,3.6814184,-5.8548436,-7.2623043
1500140287854,3.3750327,-5.845269,-6.8793216
1500140287918,4.0356774,-5.960164,-7.3771987
1500140287980,3.518651,-6.0846334,-7.3771987
1500140288044,2.9537518,-5.960164,-6.984642
1500140288107,3.758015,-5.873993,-7.3867736
1500140288171,3.7963133,-5.998462,-7.5974135
1500140288235,3.078221,-6.0080366,-7.0325146
1500140288299,3.4612036,-5.8548436,-7.3867736
1500140288364,3.5569491,-5.9314404,-7.511243
1500140288426,2.9346027,-6.065484,-7.156984
1500140288490,3.0973704,-5.835695,-7.0708127
1500140288553,3.5473747,-6.113357,-7.5591154
1500140288617,2.7814097,-6.170804,-7.12826
1500140288681,2.3888528,-5.4239883,-6.764427
1500140288745,2.3026817,-5.3378177,-7.348475
1500140288808,2.0920415,-5.1271772,-7.12826
1500140288872,1.6037389,-6.027186,-7.961247
1500140288936,0.8952214,-6.0750585,-6.7931504
1500140288999,-0.110107444,-8.526146,-5.3952646
1500140289063,-1.1537346,-9.397431,-4.5622783
1500140289127,-2.5037475,-9.98148,-5.5101595
1500140289191,-2.6282167,-9.454879,-5.309094
1500140289254,-2.8101335,-8.420826,-4.4856815
1500140289318,-3.5090764,-9.397431,-3.9016335
1500140289382,-3.0111992,-8.363379,-2.9537518
1500140289445,-2.7718353,-8.602742,-3.384607
1500140289509,-2.9441774,-8.688913,-3.365458
1500140289573,-3.5760984,-8.794233,-3.0877957
1500140289637,-3.4037561,-8.459125,-3.5378
1500140289700,-3.7292912,-8.34423,-2.5707695
1500140289764,-4.0931244,-7.693159,-2.9824755
1500140289828,-3.5569491,-6.783576,-3.0111992
1500140289891,-3.604822,-5.672927,-2.666515
1500140289956,-5.4718614,-5.0984535,-2.2356598
1500140290019,-8.861256,-5.002708,-2.9250283
1500140290082,-11.05383,-4.275041,-4.0739756
1500140290146,-11.925115,-4.3133397,-4.763344
1500140290210,-10.699572,-2.8292825,-3.7675896
1500140290275,-10.986808,-1.14416,-1.1633091
1500140290337,-8.382527,-3.1835413,-0.22500217
1500140290401,-8.583593,-4.169721,-1.2303311
1500140290465,-10.105948,-2.7239625,-1.7856555
1500140290528,-10.747444,-2.3505547,-1.2686293
1500140290593,-10.287866,4.696322,2.9441774
1500140290656,-10.000628,2.6952388,2.6760898
1500140290719,-10.354887,-0.23457673,0.5792609
1500140290783,-9.071896,-0.5888355,-0.5792609
1500140290847,-8.5740185,-2.3026817,-1.2207564
1500140290911,-9.493176,-2.9920502,-1.3452257
1500140290975,-10.412334,-2.34098,-1.0867126
1500140291038,-9.684668,-0.99096704,-0.11968201
1500140291102,-8.631466,-0.56011176,0.8090504
1500140291166,-9.761265,0.12925656,-0.26330042
1500140291229,-10.182545,-0.98139244,-0.3877697
1500140291293,-9.435729,-2.5228968,-0.6079846
1500140291357,-9.426155,-2.2452345,-0.6750065
1500140291420,-9.761265,-1.3165021,-0.6845811
1500140291484,-9.339984,-1.3643749,-0.043085523
1500140291548,-9.253813,-1.6994845,0.19627848
1500140291611,-9.732541,-1.4601204,-0.6558574
1500140291675,-9.847435,-1.0867126,-0.93351966
1500140291739,-9.445304,-1.4026731,-0.69415563
1500140291804,-9.41658,-1.5558661,-0.77075213
1500140291866,-9.608071,-1.2973529,-1.0292653
1500140291930,-9.464453,-1.383524,-0.30159867
1500140291994,-9.301685,-2.2069361,0.0
1500140292058,-9.75169,-1.7473572,-0.7228793
1500140292121,-9.54105,-1.4409714,-0.47394073
1500140292185,-9.215514,-2.0058703,-0.23457673
1500140292249,-9.713391,-1.929274,-0.6079846
1500140292312,-9.598496,-1.5079932,-1.0484143
1500140292376,-9.320834,-1.3930986,-0.09095833
1500140292440,-9.464453,-2.1111906,-0.043085523
1500140292503,-9.914457,-1.8335283,-0.8473486
1500140292567,-9.445304,-1.4888442,-0.512239
1500140292631,-9.091045,-1.7665064,0.05266008
1500140292695,-9.655944,-2.015445,-0.42606795
1500140292758,-9.742115,-1.776081,-1.1154363
1500140292822,-9.225089,-1.5175679,-0.3398969
1500140292887,-9.31126,-1.8143792,0.00478728
1500140292949,-9.818711,-1.8814012,-0.69415563
1500140293013,-9.512326,-1.4984187,-0.76117754
1500140293077,-9.148493,-1.5654407,0.10053288
1500140293141,-9.598496,-2.0441687,-0.26330042
1500140293204,-9.780414,-1.7282082,-1.0962871
1500140293269,-9.29211,-1.5367169,-0.44521707
1500140293333,-9.167642,-1.8431029,0.20585304
1500140293395,-9.799562,-1.9867213,-0.36862057
1500140293459,-9.722966,-1.6803354,-1.14416
1500140293523,-9.272962,-1.2494801,-0.062234644
1500140293586,-9.359133,-1.9771467,0.00478728
1500140293650,-9.837861,-1.8143792,-0.6845811
1500140293714,-9.64637,-1.5271424,-1.0962871
1500140293778,-9.244238,-1.3930986,0.10053288
1500140293841,-9.569773,-2.0537431,-0.043085523
1500140293905,-9.675094,-1.7473572,-0.56011176
1500140293969,-9.378282,-1.2877784,-0.92394507
1500140294032,-9.359133,-1.14416,-0.2154276
1500140294096,-9.636795,-2.1590633,-0.110107444
1500140294160,-9.665519,-2.0824668,-0.36862057
1500140294224,-9.454879,-1.7377827,-0.5505372
1500140294287,-9.378282,-1.3452257,-0.359046
1500140294351,-9.54105,-1.3356512,-0.5313881
1500140294415,-9.579348,-1.5462915,-0.45479164
1500140294478,-9.502751,-2.0250196,-0.3877697
1500140294542,-9.550624,-2.015445,-0.40691882
1500140294606,-9.560199,-1.8048047,-0.40691882
1500140294670,-9.5889225,-1.3452257,-0.3111732
1500140294733,-9.617646,-1.2686293,-0.45479164
1500140294797,-9.502751,-1.3548003,-0.50266445
1500140294861,-9.531475,-1.4984187,-0.54096264
1500140294924,-9.5219,-1.6707608,-0.359046
1500140294988,-9.608071,-1.6516117,-0.4164934
1500140295052,-9.493176,-1.4026731,-0.359046
1500140295116,-9.330409,-1.3739494,-0.4835153
1500140295179,-9.407005,-1.6899099,-0.4164934
1500140295243,-9.464453,-2.0058703,-0.10053288
1500140295308,-9.64637,-1.8718265,-0.19627848
1500140295370,-9.531475,-1.862252,-0.34947145
1500140295434,-9.3878565,-1.9675722,-0.49308985
1500140295498,-9.493176,-1.6516117,-0.18670394
1500140295562,-9.617646,-1.8048047,-0.3111732
1500140295625,-9.493176,-1.862252,-0.49308985
1500140295689,-9.407005,-1.6994845,-0.36862057
1500140295753,-9.531475,-1.7473572,-0.37819514
1500140295816,-9.474028,-1.8526775,-0.27287498
1500140295881,-9.493176,-1.5941644,-0.39734426
1500140295943,-9.5219,-1.469695,-0.4835153
1500140296007,-9.512326,-1.79523,-0.32074776
1500140296072,-9.512326,-1.5654407,-0.39734426
1500140296135,-9.531475,-1.3069274,-0.4356425
1500140296198,-9.454879,-1.8239537,-0.2154276
1500140296262,-9.64637,-1.79523,-0.2441513
1500140296326,-9.502751,-1.5175679,-0.33032233
1500140296389,-9.5889225,-1.709059,-0.42606795
1500140296454,-9.569773,-1.6420372,-0.42606795
1500140296517,-9.454879,-1.4409714,-0.61755913
1500140296581,-9.608071,-1.4888442,-0.5888355
1500140296644,-9.550624,-1.79523,-0.3111732
1500140296708,-9.397431,-1.776081,-0.359046
1500140296773,-9.445304,-1.5175679,-0.4835153
1500140296835,-9.617646,-1.4505459,-0.5313881
1500140296899,-9.493176,-1.6420372,-0.359046
1500140296963,-9.5219,-1.8526775,-0.4835153
1500140297026,-9.54105,-1.7377827,-0.37819514
1500140297090,-9.742115,-1.5845897,-0.30159867
1500140297154,-9.407005,-1.6899099,-0.23457673
1500140297218,-9.339984,-1.862252,-0.63670826
1500140297281,-9.531475,-1.5175679,-0.6558574
1500140297345,-9.454879,-1.6037389,-0.2154276
1500140297409,-9.5889225,-1.8143792,-0.33032233
1500140297472,-9.598496,-1.7665064,-0.5792609
1500140297536,-9.474028,-1.8431029,-0.40691882
1500140297600,-9.435729,-1.7569319,-0.22500217
1500140297663,-9.684668,-1.5271424,-0.71330476
1500140297727,-9.3878565,-1.5558661,-0.5218136
1500140297791,-9.464453,-1.8814012,-0.27287498
1500140297855,-9.608071,-1.5845897,-0.5505372
1500140297918,-9.41658,-1.6324625,-0.46436617
1500140297982,-9.54105,-1.7569319,-0.40691882
1500140298046,-9.569773,-1.622888,-0.4164934
1500140298110,-9.598496,-1.7665064,-0.39734426
1500140298173,-9.655944,-1.6707608,-0.39734426
1500140298237,-9.368708,-1.6133134,-0.37819514
1500140298301,-9.445304,-1.6611862,-0.359046
1500140298364,-9.435729,-1.6037389,-0.4356425
1500140298428,-9.569773,-1.622888,-0.39734426
1500140298492,-9.560199,-1.6803354,-0.081383765
1500140298555,-9.579348,-1.5462915,-0.359046
1500140298619,-9.464453,-1.6516117,-0.54096264
1500140298683,-9.407005,-1.6516117,-0.25372586
1500140298746,-9.617646,-1.3356512,-0.512239
1500140298810,-9.41658,-1.4026731,-0.50266445
1500140298874,-9.675094,-1.6899099,-0.45479164
1500140298937,-9.617646,-1.4122477,-0.15798025
1500140299001,-9.713391,-1.4026731,-0.359046
1500140299065,-9.531475,-1.4313968,-0.46436617
1500140299130,-9.330409,-1.5558661,-0.54096264
1500140299192,-9.253813,-1.5367169,-0.46436617
1500140299256,-9.426155,-1.709059,-0.44521707
1500140299320,-9.5219,-1.9005502,-0.64628285
1500140299383,-9.636795,-1.8718265,-0.85692316
1500140299447,-10.0868,-1.6037389,0.00478728
1500140299511,-13.916624,-2.9250283,3.911208
1500140299575,-16.626225,-8.248484,-1.2111819
1500140299638,-10.651698,-10.6134,-2.101616
1500140299702,-0.93351966,-8.200611,-4.772918
1500140299766,2.6186423,-5.8931417,-5.759098
1500140299829,1.469695,-3.8920588,-4.811217
1500140299893,1.5941644,-4.0356774,-2.714388
1500140299957,1.1537346,-7.0803876,-1.2782038
1500140300020,0.27287498,-9.253813,0.2154276
1500140300084,1.5558661,-10.967659,-0.7994758
1500140300148,1.3260766,-11.49426,-0.014361841
1500140300212,2.1303396,-8.717637,0.61755913
1500140300275,3.844186,-8.9761505,-0.9622433
1500140300339,3.5473747,-9.3878565,-2.4367256
1500140300403,3.4612036,-8.918703,-1.1154363
1500140300466,4.2654667,-5.5580325,1.8048047
1500140300530,3.451629,-9.742115,-2.360129
1500140300594,2.101616,-12.183628,-4.351638
1500140300658,2.5899186,-7.846352,-1.4026731
1500140300721,3.3271596,-10.048501,-4.6771727
1500140300785,2.819708,-10.421909,-4.83994
1500140300849,2.408002,-7.501668,-2.4654493
1500140300912,3.4420545,-9.167642,-2.7718353
1500140300977,2.8771553,-9.5219,-3.231414
1500140301041,3.039923,-8.34423,-1.79523
1500140301104,3.4612036,-9.244238,-2.101616
1500140301168,3.5665238,-8.966576,-1.8048047
1500140301231,3.8633351,-8.7750845,-2.015445
1500140301295,3.7867386,-9.091045,-1.9579976
1500140301358,3.5760984,-9.378282,-2.0250196
1500140301422,3.451629,-8.985725,-2.0441687
1500140301486,3.5378,-8.612317,-2.0633178
1500140301549,3.7005677,-9.569773,-2.4367256
1500140301613,3.2697124,-8.459125,-1.8335283
1500140301677,4.121848,-9.64637,-2.6282167
1500140301741,3.4420545,-8.918703,-2.2165108
1500140301804,3.5282254,-8.478273,-2.149489
1500140301868,3.7388659,-9.426155,-2.3984275
1500140301932,3.3558834,-8.985725,-2.2452345
1500140301995,3.346309,-9.18679,-2.321831
1500140302059,3.346309,-9.0814705,-2.2260852
1500140302123,3.2409887,-9.062322,-2.149489
1500140302187,3.4707782,-8.909128,-2.2452345
1500140302250,3.6431203,-8.995299,-2.1590633
1500140302314,3.5952475,-9.62722,-2.3314054
1500140302378,3.2026904,-9.54105,-2.3026817
1500140302441,3.1356685,-8.861256,-2.0537431
1500140302505,3.499502,-9.004874,-1.9962958
1500140302569,3.3080106,-9.062322,-1.6611862
1500140302632,3.9686553,-9.41658,-1.929274
1500140302696,4.0644007,-8.880404,-1.8335283
1500140302760,4.2654667,-8.880404,-1.709059
1500140302824,4.0261025,-8.803808,-1.4888442
1500140302887,3.7197168,-8.708063,-1.3069274
1500140302951,3.8920588,-8.918703,-1.2111819
1500140303015,4.1122737,-9.20594,-1.2303311
1500140303078,4.121848,-8.487848,-1.2782038
1500140303142,5.500585,-8.334655,-1.6899099
1500140303206,3.7484405,-9.799562,-1.8814012
1500140303270,2.8963046,-8.487848,-0.8664977
1500140303333,5.3186684,-8.181462,-1.5845897
1500140303397,5.1654754,-9.474028,-2.254809
1500140303461,3.0973704,-9.129343,-1.3930986
1500140303524,3.3080106,-8.229335,-1.2782038
1500140303588,5.500585,-8.612317,-2.0920415
1500140303652,4.2558923,-9.876159,-2.360129
1500140303716,2.905879,-8.765511,-1.6420372
1500140303779,4.0739756,-8.095291,-1.8814012
1500140303843,5.1654754,-8.9761505,-2.2643836
1500140303907,3.518651,-9.54105,-2.149489
1500140303970,3.2697124,-8.698488,-1.9579976
1500140304034,4.1792955,-8.1623125,-2.2835326
1500140304098,4.7058964,-9.18679,-2.475024
1500140304161,3.365458,-9.5219,-2.4558747
1500140304225,3.6814184,-7.7123084,-2.168638
1500140304289,4.342063,-9.378282,-2.8101335
1500140304353,3.2984362,-9.349558,-2.647366
1500140304416,3.7292912,-7.8367777,-2.5899186
1500140304480,4.437809,-9.5889225,-3.193116
1500140304544,2.8388572,-9.339984,-2.8101335
1500140304607,3.384607,-7.6740103,-2.5899186
1500140304671,4.73462,-9.301685,-3.3367343
1500140304735,2.9633265,-9.483603,-2.9441774
1500140304799,2.7622607,-8.133589,-2.6186423
1500140304862,4.476107,-8.392102,-2.9824755
1500140304926,3.7963133,-9.818711,-3.126094
1500140304990,2.9154537,-8.516571,-2.647366
1500140305054,4.2654667,-7.961247,-2.800559
1500140305117,4.1026993,-9.742115,-3.126094
1500140305181,2.7814097,-9.253813,-2.8292825
1500140305245,3.4803526,-7.769756,-2.6952388
1500140305309,4.437809,-9.014449,-2.9441774
1500140305372,3.231414,-9.675094,-2.8580062
1500140305436,3.1643922,-8.430401,-2.752686
1500140305501,3.5856729,-8.564445,-2.733537
1500140305563,3.9495063,-9.244238,-2.6952388
1500140305627,3.8346114,-8.746361,-2.6569405
1500140305691,3.6622694,-8.641041,-2.6377914
1500140305755,3.346309,-9.272962,-2.666515
1500140305819,3.4133308,-8.708063,-2.6760898
1500140305882,3.451629,-8.813383,-2.494173
1500140305945,3.3080106,-9.5219,-2.7814097
1500140306009,3.5473747,-8.363379,-2.5707695
1500140306074,3.5473747,-8.985725,-2.647366
1500140306137,4.016528,-9.100619,-2.7718353
1500140306201,3.4707782,-8.899554,-2.733537
1500140306265,3.2218397,-9.100619,-2.666515
1500140306328,3.5856729,-8.880404,-2.6856642
1500140306391,3.451629,-8.813383,-2.7239625
1500140306455,3.0877957,-8.861256,-2.475024
1500140306519,3.4612036,-9.244238,-2.7048132
1500140306582,3.7675896,-8.832532,-2.7048132
1500140306646,3.3367343,-8.516571,-2.5420458
1500140306710,3.5856729,-9.435729,-2.7239625
1500140306774,3.2218397,-8.832532,-2.561195
1500140306837,3.5378,-9.014449,-2.5994933
1500140306902,3.5569491,-9.071896,-2.7048132
1500140306965,3.384607,-9.0814705,-2.5516202
1500140307028,3.193116,-9.407005,-2.5707695
1500140307092,3.212265,-9.110194,-2.5420458
1500140307156,3.078221,-8.995299,-2.2165108
1500140307220,3.8154624,-8.583593,-2.1590633
1500140307283,4.322914,-8.813383,-2.5420458
1500140307347,4.2558923,-8.708063,-2.4558747
1500140307411,4.0261025,-8.66019,-2.2739582
1500140307474,3.6431203,-8.784659,-2.0920415
1500140307538,3.4899273,-8.947427,-2.1782124
1500140307602,4.437809,-8.506997,-2.561195
1500140307665,5.0984535,-8.631466,-2.647366
1500140307729,3.4612036,-9.100619,-2.5516202
1500140307793,3.690993,-8.258059,-2.4367256
1500140307857,5.155901,-8.420826,-2.6952388
1500140307920,3.6814184,-9.493176,-2.714388
1500140307984,3.0973704,-8.478273,-2.4558747
1500140308048,4.610151,-8.229335,-2.7431116
1500140308112,4.351638,-9.435729,-2.8484318
1500140308175,3.3750327,-8.794233,-2.6569405
1500140308239,4.1026993,-7.9420977,-2.733537
1500140308303,4.9452605,-9.0814705,-2.7622607
1500140308366,2.905879,-9.512326,-2.5899186
1500140308430,3.3941817,-8.181462,-2.5037475
1500140308494,4.6675982,-8.21976,-2.6760898
1500140308557,4.150572,-9.742115,-2.6377914
1500140308621,3.6335456,-8.7750845,-2.5994933
1500140308685,4.1122737,-7.9133744,-2.7431116
1500140308749,4.868664,-8.995299,-2.5899186
1500140308812,3.1548176,-9.54105,-2.3888528
1500140308876,3.499502,-8.411251,-2.4845984
1500140308940,4.543129,-7.7793303,-2.6186423
1500140309003,4.437809,-9.847435,-2.5994933
1500140309067,2.7909844,-9.225089,-2.1973617
1500140309131,3.844186,-7.9133744,-2.580344
1500140309195,5.146326,-8.535721,-2.8388572
1500140309258,3.9016335,-9.560199,-2.3697038
1500140309322,3.1452432,-9.177217,-2.2260852
1500140309386,3.671844,-8.305931,-2.427151
1500140309449,3.9878044,-8.526146,-2.4367256
1500140309513,4.303765,-8.842107,-2.3314054
1500140309577,4.0739756,-9.531475,-2.3888528
1500140309640,3.2792869,-9.014449,-2.3505547
1500140309704,3.604822,-8.430401,-2.3984275
1500140309768,4.0069537,-8.755936,-2.187787
1500140309832,4.0739756,-9.062322,-2.2643836
1500140309895,3.911208,-9.014449,-2.3984275
1500140309959,3.8824842,-8.870831,-2.2356598
1500140310023,4.169721,-8.717637,-2.2835326
1500140310086,4.150572,-8.746361,-2.3792782
1500140310150,3.6526947,-9.024023,-2.4367256
1500140310214,3.5473747,-9.378282,-2.408002
1500140310278,3.0877957,-9.349558,-2.2643836
1500140310341,2.8963046,-8.784659,-2.0250196
1500140310405,3.2026904,-8.957002,-1.9005502
1500140310469,3.5665238,-8.957002,-2.2165108
1500140310532,4.0069537,-9.129343,-2.5420458
1500140310596,3.4612036,-8.861256,-2.0728924
1500140310660,3.3271596,-8.918703,-2.0058703
1500140310723,4.169721,-9.225089,-2.6760898
1500140310787,3.7867386,-8.861256,-2.2165108
1500140310851,3.2792869,-9.148493,-2.0824668
1500140310915,3.9016335,-9.043172,-2.5228968
1500140310979,3.7963133,-8.55487,-2.1590633
1500140311042,3.2792869,-8.822957,-1.7665064
