1500140127610,-3.825037,-6.3144226,-9.799562
1500140127673,-4.619725,-5.8548436,-8.928278
1500140127737,-5.2707953,-5.5484576,-7.5399666
1500140127802,-5.0601554,-7.4442205,-9.837861
1500140127866,-3.2505634,-7.0803876,-10.584677
1500140127930,3.0303483,0.7228793,-8.056993
1500140127992,11.207023,2.494173,-11.542132
1500140128056,6.4197426,-10.105948,-13.514492
1500140128120,-3.7292912,-4.4090853,-2.9920502
1500140128184,-0.90479594,-7.0325146,0.20585304
1500140128247,-2.408002,-8.717637,-1.709059
1500140128311,3.2026904,-7.9803963,-2.1590633
1500140128375,2.2356598,-0.3111732,-0.30159867
1500140128438,6.0750585,-17.91879,-3.4324799
1500140128502,3.126094,-9.847435,3.5473747
1500140128567,2.2931073,-12.087883,3.0111992
1500140128630,2.9250283,-9.177217,1.79523
1500140128695,1.9196993,-8.650616,3.0111992
1500140128757,2.1399143,-8.459125,4.5335546
1500140128821,2.7718353,-7.999545,4.1888704
1500140128885,3.9207826,-4.428234,3.2697124
1500140128949,4.351638,-6.151655,2.0824668
1500140129012,6.0463347,-5.2516465,0.78990126
1500140129077,6.6208086,-8.305931,1.6037389
1500140129140,6.850598,-8.258059,3.3080106
1500140129203,5.4431376,-8.420826,4.150572
1500140129267,3.9878044,-8.277207,5.414414
1500140129331,3.911208,-7.9420977,5.4718614
1500140129395,4.495256,-7.3676243,5.1176023
1500140129458,4.696322,-7.35805,4.7920675
1500140129522,4.437809,-5.538883,5.3952646
1500140129586,4.648449,-4.849515,6.5729356
1500140129649,4.4186597,-7.281453,6.7261286
1500140129714,4.648449,-8.143164,6.678256
1500140129777,4.801642,-6.6208086,6.065484
1500140129841,4.7441945,-5.2899446,6.745278
1500140129904,5.0314317,-6.764427,5.3569665
1500140129968,3.604822,-5.988888,7.35805
1500140130033,3.231414,-5.3569665,6.438892
1500140130095,4.2463174,-2.1782124,7.35805
1500140130159,3.5282254,-5.366541,6.2665496
1500140130223,4.5527034,-5.7782474,6.458041
1500140130287,4.6771727,-5.8548436,6.285699
1500140130350,2.972901,-5.146326,7.9803963
1500140130414,4.045252,-5.3952646,7.5974135
1500140130478,6.0559096,-7.2910275,5.3952646
1500140130541,3.825037,-5.988888,6.391019
1500140130605,3.3271596,-3.9590807,7.195282
1500140130669,4.2080193,-8.631466,7.2240057
1500140130733,4.4186597,-8.679339,5.433563
1500140130796,5.481436,-7.089962,4.5335546
1500140130860,4.83994,-4.2080193,4.2080193
1500140130925,3.3750327,-4.0931244,6.697405
1500140130995,4.9069624,-4.782493,6.8027253
1500140131052,4.9452605,-7.3389006,5.328243
1500140131116,4.73462,-7.156984,7.281453
1500140131179,3.5856729,-5.7016506,6.9654927
1500140131242,3.6143966,-5.529309,7.511243
1500140131306,4.504831,-5.49101,6.4197426
1500140131370,4.7058964,-5.529309,6.7069798
1500140131433,4.7441945,-5.787822,6.5729356
1500140131497,4.9452605,-5.433563,6.4963393
1500140131562,4.954835,-4.6867476,6.4963393
1500140131625,4.9835587,-5.146326,6.8793216
1500140131688,4.6771727,-5.2420716,6.975067
1500140131752,4.887813,-4.9069624,7.1186857
1500140131816,5.4239883,-4.476107,5.950589
1500140131880,5.8548436,-4.236743,6.486765
1500140131944,4.73462,-4.504831,6.8027253
1500140132007,3.9495063,-5.309094,6.8888965
1500140132071,4.275041,-5.17505,7.9899707
1500140132134,2.800559,-4.581427,8.688913
1500140132198,2.3792782,-4.121848,8.277207
1500140132262,3.7388659,-4.5527034,8.124015
1500140132326,5.347392,-4.5239797,6.9942164
1500140132390,6.8888965,-4.4090853,5.38569
1500140132453,6.0559096,-4.2558923,3.9686553
1500140132517,5.4239883,-6.544212,5.0314317
1500140132581,4.150572,-6.285699,6.6208086
1500140132644,3.9782298,-4.9739842,7.3389006
1500140132708,2.5228968,-6.4293175,7.788905
1500140132773,2.7048132,-6.2474008,7.721883
1500140132835,2.101616,-6.438892,7.5399666
1500140132899,3.3175852,-6.256975,7.434646
1500140132963,3.0303483,-6.8601727,7.1091113
1500140133027,2.561195,-7.310177,6.678256
1500140133091,2.9250283,-7.12826,6.2665496
1500140133155,3.2409887,-6.639958,6.103782
1500140133218,2.819708,-6.5825105,6.1229315
1500140133282,3.384607,-6.333572,6.4197426
1500140133345,2.8101335,-6.544212,7.02294
1500140133409,3.020774,-6.2474008,7.2240057
1500140133473,2.8771553,-5.7686725,7.5208173
1500140133536,2.513322,-5.8548436,7.7123084
1500140133601,3.2888615,-5.7495236,6.9080453
1500140133665,4.495256,-6.678256,5.7112255
1500140133728,4.08355,-7.2527294,5.0505805
1500140133791,3.1835413,-7.8272033,6.132506
1500140133855,2.5899186,-6.7548523,6.745278
1500140133919,2.647366,-4.0356774,6.7931504
1500140133982,3.4420545,-3.7867386,5.0505805
1500140134046,4.696322,-6.9271946,5.500585
1500140134110,4.581427,-6.850598,6.975067
1500140134174,4.3133397,-6.8122997,6.821874
1500140134239,2.905879,-8.650616,6.256975
1500140134301,1.6037389,-7.999545,6.9463434
1500140134365,2.475024,-7.2335806,6.2474008
1500140134429,3.4324799,-6.285699,5.5101595
1500140134492,3.193116,-8.085716,6.2474008
1500140134556,1.776081,-6.850598,7.0133657
1500140134620,0.8473486,-6.8410234,6.180379
1500140134683,0.9622433,-6.9176197,7.3867736
1500140134747,1.2016073,-6.5537868,7.243155
1500140134811,1.7282082,-6.3622956,7.3389006
1500140134875,2.101616,-6.783576,7.0133657
1500140134940,1.9101248,-6.8793216,7.243155
1500140135002,1.6324625,-6.6495323,7.3867736
1500140135066,2.2069361,-5.988888,7.6261373
1500140135130,2.2356598,-5.8548436,7.2910275
1500140135193,1.7665064,-5.988888,7.4729443
1500140135257,2.5516202,-7.204857,6.8122997
1500140135321,3.3558834,-8.2676325,6.821874
1500140135385,1.4984187,-6.3144226,6.764427
1500140135448,0.98139244,-5.806971,6.9176197
1500140135512,0.85692316,-4.658024,8.813383
1500140135576,1.3452257,-3.3080106,7.434646
1500140135640,2.6090677,-4.8303657,6.8793216
1500140135703,3.0973704,-5.146326,7.2144313
1500140135767,4.2080193,-5.3569665,7.195282
1500140135830,4.0548263,-7.9325233,6.9654927
1500140135894,2.7718353,-8.593168,6.850598
1500140135958,1.5845897,-7.46337,7.4442205
1500140136022,1.9388485,-6.764427,6.9080453
1500140136085,1.6037389,-5.7495236,6.486765
1500140136150,1.2207564,-6.3431463,6.333572
1500140136213,1.4313968,-6.9559183,6.218677
1500140136276,1.6994845,-6.8027253,6.515488
1500140136340,1.3930986,-8.047418,7.635712
1500140136404,0.37819514,-6.7357035,7.4729443
1500140136468,1.3548003,-6.898471,7.137835
1500140136531,1.4313968,-6.850598,6.9654927
1500140136595,1.5750152,-6.7069798,7.0803876
1500140136659,1.7377827,-5.8931417,6.8122997
1500140136722,2.3697038,-6.4484663,6.515488
1500140136786,1.7377827,-7.329326,6.410168
1500140136850,2.3792782,-8.00912,6.821874
1500140136914,2.8771553,-7.9516726,6.6591067
1500140136977,2.1399143,-7.549541,6.438892
1500140137041,2.101616,-7.894225,5.8931417
1500140137105,1.9101248,-7.693159,6.065484
1500140137168,2.4558747,-6.9176197,6.4005938
1500140137232,2.4367256,-6.984642,6.5729356
1500140137296,2.0058703,-6.831449,7.0325146
1500140137360,2.3314054,-6.5537868,7.2718787
1500140137423,3.039923,-5.941015,7.310177
1500140137487,3.2409887,-5.6633525,7.195282
1500140137551,3.1069448,-5.988888,6.7548523
1500140137615,3.2984362,-5.414414,6.831449
1500140137679,3.212265,-5.6154795,6.9559183
1500140137742,3.078221,-4.3707867,7.3771987
1500140137806,3.6814184,-3.2792869,6.304848
1500140137870,2.5228968,-4.0356774,6.323997
1500140137933,3.7388659,-6.8888965,7.9133744
1500140137997,2.972901,-5.5484576,7.4059224
1500140138061,2.5899186,-4.045252,6.151655
1500140138124,1.14416,-4.0356774,4.5144053
1500140138189,-1.1058618,-2.3697038,3.4707782
1500140138252,-2.321831,-7.1186857,10.469782
1500140138316,-3.3080106,-8.937852,9.043172
1500140138380,-1.2877784,-11.580431,3.7197168
1500140138443,3.6622694,-11.475111,-6.0463347
1500140138507,3.671844,-9.31126,-8.928278
1500140138571,2.2452345,-11.293194,-7.5303917
1500140138634,0.8760723,-10.833615,-5.912291
1500140138698,1.5654407,-7.8176284,-2.4654493
1500140138763,3.604822,-13.418746,-0.14840569
1500140138825,4.0069537,-10.900637,-5.3378177
1500140138889,7.9899707,-9.54105,-1.4313968
1500140138953,8.55487,-6.132506,1.14416
1500140139017,8.4686985,-4.4856815,2.666515
1500140139080,6.8410234,-5.17505,-0.69415563
1500140139144,4.543129,-1.6037389,-8.076141
1500140139208,5.7782474,-2.9154537,-5.3186684
1500140139271,5.2037735,-1.2207564,-3.078221
1500140139335,4.8303657,-2.360129,-0.2920241
1500140139399,3.6526947,-4.96441,1.3165021
1500140139463,1.14416,-7.1186857,2.0728924
1500140139528,-1.4026731,-9.54105,2.7239625
1500140139590,-2.733537,-9.119769,1.5271424
1500140139654,-2.3792782,-8.957002,2.2069361
1500140139718,-3.777164,-7.0995364,3.4037561
1500140139781,-8.056993,-6.5346375,3.2697124
1500140139846,-8.985725,-18.225176,2.3984275
1500140139909,-2.5324712,-14.87408,-0.76117754
1500140139972,-3.7197168,-14.232584,0.64628285
1500140140036,-1.2877784,-12.470865,1.4218222
1500140140100,-0.8186249,-9.904882,1.4026731
1500140140165,-0.7228793,-9.2825365,1.14416
1500140140227,0.3111732,-9.368708,0.78032666
1500140140291,1.4026731,-8.688913,0.93351966
1500140140355,1.0292653,-9.655944,0.2441513
1500140140419,0.34947145,-9.349558,1.1824582
1500140140482,1.1824582,-7.9420977,1.7569319
1500140140546,1.3643749,-10.058076,2.1973617
1500140140610,0.09095833,-9.004874,3.7005677
1500140140673,-1.1154363,-6.391019,4.610151
1500140140737,-3.5856729,-6.716554,4.7537694
1500140140801,-3.6239712,-11.647452,2.0250196
1500140140865,-2.7814097,-12.892146,5.155901
1500140140928,2.7239625,-9.560199,3.3750327
1500140140992,1.7473572,-8.23891,3.2888615
1500140141056,0.5505372,-7.3006024,1.8526775
1500140141119,3.6335456,-11.379365,-2.9537518
1500140141183,2.5994933,-11.015532,-1.4505459
1500140141247,1.469695,-8.832532,-2.187787
1500140141311,3.5665238,-9.435729,-2.6282167
1500140141374,3.9495063,-10.0868,-0.34947145
1500140141438,3.0016246,-8.66019,0.91437054
1500140141502,2.2069361,-9.761265,0.50266445
1500140141565,2.9633265,-9.6942425,0.8186249
1500140141629,2.0058703,-9.493176,1.5558661
1500140141694,2.1207652,-9.636795,1.0292653
1500140141757,2.972901,-9.359133,0.7994758
1500140141821,2.2165108,-9.091045,1.0388398
1500140141885,2.1111906,-9.177217,1.0484143
1500140141948,2.5324712,-9.378282,0.9526688
1500140142011,2.2739582,-8.909128,0.90479594
1500140142075,2.5420458,-10.000628,0.6845811
1500140142139,2.0633178,-9.569773,1.1633091
1500140142203,2.5037475,-9.301685,0.16755481
1500140142267,2.88673,-9.847435,-0.42606795
1500140142330,3.4324799,-9.617646,-0.61755913
1500140142394,2.7622607,-8.947427,-1.1728836
1500140142458,3.3941817,-9.397431,-1.3643749
1500140142521,3.8633351,-10.546378,-1.622888
1500140142585,4.715471,-11.178299,-0.45479164
1500140142649,5.002708,-9.655944,-1.2207564
1500140142712,7.616563,-11.561282,0.56011176
1500140142776,8.44955,-9.464453,-0.6845811
1500140142841,5.998462,-6.1899533,-0.56011176
1500140142903,4.476107,-4.543129,-3.126094
1500140142967,5.2707953,-3.8537605,-2.101616
1500140143031,4.763344,-4.73462,-0.3111732
1500140143095,7.12826,-7.4059224,0.91437054
1500140143158,6.3814445,-6.6591067,3.9686553
1500140143222,7.7314577,-7.042089,2.321831
1500140143286,4.456958,-7.922949,4.801642
1500140143349,5.309094,-8.210186,0.64628285
1500140143413,4.7537694,-7.9037995,-2.0058703
1500140143477,5.835695,-6.2091026,-5.38569
1500140143541,6.5825105,-8.650616,-6.391019
1500140143605,6.333572,-9.828286,-6.4484663
1500140143668,4.2080193,-8.23891,-6.113357
1500140143733,4.2941904,-9.435729,-7.2335806
1500140143796,2.0728924,-10.891063,-5.002708
1500140143859,2.972901,-9.5219,-1.5079932
1500140143923,2.733537,-7.3389006,0.062234644
1500140143987,-0.49308985,-7.693159,0.25372586
1500140144052,-3.4229054,-4.4090853,4.1888704
1500140144115,-1.0675635,-7.6069884,-0.081383765
1500140144179,-1.7377827,-8.392102,-0.54096264
1500140144242,-3.9495063,-10.268716,-1.5271424
1500140144306,-4.715471,-9.493176,-1.0867126
1500140144369,-6.6591067,-10.345312,-0.71330476
1500140144433,-7.549541,-8.372953,0.23457673
1500140144497,-7.243155,-8.55487,1.2399056
1500140144560,-6.8410234,-5.1654754,-1.0867126
1500140144624,-6.7931504,2.1111906,-3.7963133
1500140144688,-13.437896,-0.40691882,-4.428234
1500140144752,-15.209189,-3.9782298,-4.322914
1500140144815,-10.747444,-4.801642,-1.7569319
1500140144879,-10.689997,1.7856555,-4.0356774
1500140144943,-7.5303917,5.1654754,-4.916537
1500140145007,-6.8601727,4.016528,-4.658024
1500140145071,-6.6208086,3.5856729,-3.4899273
1500140145134,-8.382527,2.1303396,-3.911208
1500140145198,-8.995299,4.198445,-1.8814012
1500140145262,-11.38894,1.1824582,-3.1643922
1500140145326,-10.527229,0.6271337,-4.993133
1500140145389,-8.277207,0.2441513,-3.0016246
1500140145452,-5.3186684,-1.5367169,-4.7250457
1500140145516,-5.1367517,-1.6133134,-7.788905
1500140145580,-6.1420803,-2.0728924,-7.664436
1500140145644,-9.866585,-4.6005764,-6.027186
1500140145707,-9.780414,-4.916537,-4.8973875
1500140145771,-9.732541,-4.6675982,-3.6431203
1500140145836,-9.052747,-4.5335546,-2.3122563
1500140145899,-8.382527,-4.5527034,-0.23457673
1500140145963,-10.096374,-3.4612036,2.5899186
1500140146027,-10.651698,-2.101616,-0.081383765
1500140146091,-12.3463955,-3.7963133,1.4601204
1500140146154,-7.4729443,-5.82612,7.434646
1500140146217,-6.8601727,-4.5718527,7.3676243
1500140146281,-8.698488,-4.3995104,5.682502
1500140146345,-8.037844,-4.1026993,4.648449
1500140146409,-7.2910275,-3.518651,7.7793303
1500140146472,-6.2474008,-3.9590807,4.322914
1500140146536,-5.960164,-6.630383,5.06973
1500140146601,-6.7740016,-2.1303396,6.0750585
1500140146663,-6.1899533,0.3877697,8.334655
1500140146727,-5.7112255,-2.6856642,7.0803876
1500140146792,-5.653778,-3.3080106,7.9899707
1500140146855,-6.3814445,-2.4463003,6.6495323
1500140146919,-7.9133744,-0.7324539,4.868664
1500140146983,-8.32508,-1.9005502,2.8484318
1500140147046,-7.1665583,-1.5367169,4.8590894
1500140147110,-4.504831,-5.8644185,-2.4654493
1500140147173,-7.0325146,-11.197449,-8.411251
1500140147237,-6.132506,-1.5271424,5.088879
1500140147301,-6.0080366,-3.4899273,-3.1069448
1500140147364,-7.8655014,-6.7357035,-4.8590894
1500140147428,-7.8846507,-4.1122737,-0.8664977
1500140147492,-9.158067,-4.1888704,-1.2111819
1500140147556,-10.575102,-6.151655,-1.8526775
1500140147619,-14.347479,-5.9697385,-0.2154276
1500140147684,-15.592172,-8.104865,0.14840569
1500140147747,-16.731544,-3.5090764,2.9537518
1500140147810,-8.966576,-9.158067,-0.5792609
1500140147874,-2.7431116,-9.043172,-2.4463003
1500140147938,2.034594,-7.2335806,2.88673
1500140148001,2.0058703,-2.6186423,3.126094
1500140148065,-3.059072,0.4835153,4.8590894
1500140148129,-8.985725,2.4845984,4.9835587
1500140148193,-12.25065,2.0728924,8.047418
1500140148256,-8.937852,-5.088879,1.1345854
1500140148320,-7.5399666,0.8760723,3.690993
1500140148384,-9.665519,3.2984362,6.4005938
1500140148448,-7.8272033,-2.3505547,5.82612
1500140148511,-5.2420716,-5.309094,3.930357
1500140148575,-4.8973875,-6.0750585,6.065484
1500140148639,-4.6675982,2.8101335,4.9739842
1500140148703,-7.7506065,-0.23457673,3.7484405
1500140148766,-7.7123084,-0.062234644,2.9824755
1500140148830,-7.434646,0.2920241,1.2973529
1500140148894,-8.056993,0.4835153,1.4026731
1500140148957,-8.727212,2.3792782,1.776081
1500140149021,-10.776168,3.3558834,5.605905
1500140149085,-11.245321,3.231414,3.4324799
1500140149149,-14.060242,2.6952388,2.3697038
1500140149212,-16.425158,2.7718353,4.6005764
1500140149276,-16.147495,-0.23457673,2.6377914
1500140149340,-12.872996,-3.8824842,2.5420458
1500140149403,-6.936769,-2.0633178,5.759098
1500140149467,-1.1154363,-2.972901,3.2218397
1500140149531,1.6516117,-2.9154537,3.758015
1500140149595,0.9622433,-5.5963306,3.7101421
1500140149658,-4.4186597,-7.0133657,-1.4218222
1500140149722,-6.333572,-8.612317,0.12925656
1500140149786,-10.0868,-5.567607,11.848518
1500140149849,-3.604822,-5.002708,9.138918
1500140149914,-1.5750152,-4.4473834,5.806971
1500140149977,-6.611234,-3.231414,6.7740016
1500140150041,-9.617646,-7.3771987,4.887813
1500140150105,-5.653778,-3.9495063,0.40691882
1500140150169,-7.02294,-5.653778,0.3111732
1500140150232,-9.837861,-2.7909844,6.323997
1500140150296,-8.478273,-6.9942164,3.6526947
1500140150359,-7.693159,-5.021857,4.150572
1500140150423,-6.285699,-5.2707953,4.696322
1500140150487,-6.3814445,-4.8973875,3.1069448
1500140150551,-8.861256,-2.149489,2.0537431
1500140150614,-9.952756,-0.8760723,2.9920502
1500140150678,-9.512326,-1.383524,3.9399316
1500140150742,-7.7314577,-1.7282082,3.690993
1500140150806,-8.679339,-4.150572,2.972901
1500140150869,-8.621892,-2.4463003,3.7101421
1500140150933,-8.526146,-2.819708,3.4420545
1500140150997,-8.5740185,-3.2601378,3.6239712
1500140151060,-8.334655,-3.758015,3.4707782
1500140151124,-8.459125,-5.2037735,2.5899186
1500140151188,-7.204857,-5.088879,1.9579976
1500140151253,-7.310177,-4.1888704,3.451629
1500140151315,-8.104865,-4.7537694,4.3324885
1500140151379,-7.204857,-5.3952646,2.800559
1500140151443,-7.741032,-5.9027166,2.6760898
1500140151506,-7.922949,-4.3612123,2.2739582
1500140151570,-8.076141,-4.811217,3.6431203
1500140151635,-6.745278,-5.108028,3.5665238
1500140151698,-6.6208086,-6.8601727,3.4229054
1500140151761,-6.9176197,-5.28037,3.844186
1500140151825,-6.821874,-5.1176023,3.365458
1500140151889,-6.630383,-7.875076,0.8473486
1500140151953,-6.0367603,-7.1474094,-1.3069274
1500140152016,-5.4718614,-7.46337,-4.0548263
1500140152080,-5.9218655,-7.195282,-2.9537518
1500140152144,-7.3197513,-6.304848,-3.7101421
1500140152207,-6.6878304,-6.0750585,-2.6090677
1500140152271,-6.611234,-6.7069798,-1.1537346
1500140152335,-7.8846507,-7.7123084,-1.8048047
1500140152398,-7.8176284,-6.9176197,-0.4356425
1500140152463,-8.1623125,-3.6335456,-0.751603
1500140152526,-8.66019,-2.494173,-2.2165108
1500140152590,-8.842107,-4.0356774,-2.1973617
1500140152653,-9.138918,-4.169721,0.16755481
1500140152717,-8.909128,-4.2654667,-0.56011176
1500140152781,-8.6697645,-4.389936,-1.2207564
1500140152845,-8.679339,-4.763344,-0.98139244
1500140152909,-8.698488,-4.1601467,-0.32074776
1500140152972,-8.6697645,-4.9739842,-1.14416
1500140153036,-8.44955,-5.1654754,-0.40691882
1500140153099,-8.832532,-4.456958,0.8856468
1500140153163,-9.493176,-5.3569665,0.00478728
1500140153227,-12.365545,-7.501668,0.56968635
1500140153291,-10.881488,-2.015445,1.2494801
1500140153355,-3.4420545,-2.752686,2.6760898
1500140153418,1.4026731,-4.284616,2.819708
1500140153482,-0.05266008,-6.218677,1.4122477
1500140153546,-4.198445,-5.9027166,-1.3260766
1500140153609,-7.204857,-7.5303917,-5.079304
1500140153673,-8.526146,-8.459125,-5.7303743
1500140153737,-10.163396,-5.261221,-2.149489
1500140153800,-10.0868,-4.6771727,-2.6569405
1500140153864,-10.19212,-7.6261373,-3.231414
1500140153928,-9.129343,-3.6143966,-0.6271337
1500140153992,-10.268716,-6.4197426,-1.3165021
1500140154055,-8.918703,-4.0644007,0.91437054
1500140154119,-8.909128,-4.0261025,0.9622433
1500140154183,-9.914457,-5.2707953,0.3877697
1500140154246,-10.747444,-4.4856815,1.14416
1500140154310,-10.019777,-5.3952646,0.30159867
1500140154374,-9.7899885,-4.284616,1.2590547
1500140154438,-9.991054,-5.835695,1.5941644
1500140154501,-9.550624,-7.4250717,0.63670826
1500140154565,-3.1835413,-7.511243,-0.92394507
1500140154629,-2.2260852,-5.5963306,2.3122563
1500140154693,-3.1548176,-3.5378,0.05266008
1500140154756,-11.1208515,-1.1633091,10.584677
1500140154820,-10.29744,1.1633091,5.672927
1500140154884,-0.64628285,-5.0601554,4.6005764
1500140154947,-1.3643749,-7.9325233,4.8973875
1500140155011,-7.741032,-6.180379,2.034594
1500140155075,-12.987891,-3.2601378,6.544212
1500140155139,-7.693159,-4.476107,5.1846247
1500140155202,-4.1409974,-1.0771381,6.678256
1500140155266,-5.6250544,-1.4601204,9.7899885
1500140155330,-6.170804,-3.6526947,6.563361
1500140155394,-4.782493,-1.7186337,8.23891
1500140155457,-4.0356774,-3.0303483,5.9027166
1500140155521,-3.604822,-6.9942164,-5.7495236
1500140155585,-3.690993,-8.822957,-2.9250283
1500140155648,-3.7292912,-2.034594,1.0388398
1500140155712,-7.281453,-4.73462,-5.500585
1500140155776,-7.5591154,-5.28037,-3.1069448
1500140155839,-9.301685,-6.869747,-5.9027166
1500140155903,-11.618729,-4.504831,-1.8909757
1500140155967,-12.078308,-5.309094,-0.83777404
1500140156031,-10.689997,-5.5771813,-1.929274
1500140156094,-8.870831,-6.170804,-3.039923
1500140156158,-8.143164,-6.592085,-3.059072
1500140156222,-8.047418,-4.7250457,-1.5367169
1500140156285,-8.143164,-4.303765,-1.5558661
1500140156350,-8.1623125,-5.17505,-2.494173
1500140156413,-7.8846507,-6.1995277,-2.5324712
1500140156477,-7.7506065,-5.806971,-1.5558661
1500140156540,-7.741032,-4.5144053,-0.7420284
1500140156604,-8.602742,-5.0122824,-1.6324625
1500140156669,-10.010203,-5.376116,-1.3452257
1500140156731,-11.59958,-4.868664,-0.26330042
1500140156795,-13.0549135,-1.7473572,-2.2356598
1500140156859,-10.546378,-1.9771467,-6.0846334
1500140156923,-8.315506,-2.6377914,-6.678256
1500140156987,-4.5622783,-6.2091026,-4.954835
1500140157051,-3.0494976,-3.6143966,-9.426155
1500140157115,-2.6186423,-7.1474094,-8.794233
1500140157178,-3.6622694,-4.1888704,-2.2931073
1500140157241,-5.845269,-3.059072,-6.8122997
1500140157305,-6.37187,-1.8143792,-7.5591154
1500140157369,-6.304848,-0.25372586,-7.56869
1500140157432,-6.630383,0.00478728,-6.304848
1500140157496,-6.2665496,-0.11968201,-7.6261373
1500140157560,-5.692076,0.70373017,-7.9899707
1500140157623,-5.9697385,0.11968201,-8.104865
1500140157687,-6.563361,0.359046,-8.411251
1500140157751,-6.0367603,-0.09095833,-8.248484
1500140157815,-6.323997,0.00478728,-7.721883
1500140157878,-6.113357,0.062234644,-7.9325233
1500140157942,-6.2091026,0.46436617,-7.1186857
1500140158006,-6.6591067,0.4164934,-7.1186857
1500140158069,-6.869747,0.359046,-7.3676243
1500140158133,-6.5346375,0.33032233,-7.5974135
1500140158197,-6.544212,0.2920241,-8.056993
1500140158261,-6.630383,0.27287498,-7.1091113
1500140158325,-6.821874,0.30159867,-7.3771987
1500140158388,-6.831449,0.34947145,-7.35805
1500140158453,-6.7740016,0.63670826,-7.051664
1500140158516,-6.936769,0.54096264,-6.9942164
1500140158579,-7.042089,0.5792609,-6.898471
1500140158643,-6.9942164,0.512239,-7.4154973
1500140158707,-6.9559183,0.44521707,-7.3006024
1500140158770,-6.7069798,0.45479164,-8.526146
1500140158834,-5.9314404,0.023936402,-7.9325233
1500140158898,-5.2516465,-0.17712937,-8.736787
1500140158961,-5.2516465,-0.39734426,-8.411251
1500140159025,-5.17505,-0.15798025,-8.133589
1500140159089,-6.151655,0.37819514,-8.191036
1500140159153,-7.5399666,0.8664977,-5.988888
1500140159216,-7.5591154,-2.4367256,-6.8888965
1500140159280,-7.089962,-1.4888442,-7.0133657
1500140159344,-6.2282515,-2.5037475,-6.515488
1500140159408,-7.46337,-1.2303311,-8.229335
1500140159471,-6.9271946,-2.015445,-8.23891
1500140159535,-6.7069798,-3.9686553,-6.9271946
1500140159600,-6.3622956,-3.758015,-6.697405
1500140159662,-6.7261286,-3.3941817,-5.835695
1500140159726,-5.8165455,-3.8346114,-5.8644185
1500140159790,-6.697405,-2.513322,-7.3006024
1500140159853,-7.846352,-2.733537,-10.575102
1500140159917,-8.1623125,-4.3324885,-12.5474615
1500140159981,-7.1665583,-6.984642,-12.470865
1500140160045,-3.2026904,-6.9654927,-6.2378263
1500140160109,-1.0771381,-7.9420977,-4.610151
1500140160172,-1.862252,-9.004874,-4.1601467
1500140160236,0.71330476,-8.152739,0.6558574
1500140160299,2.714388,-5.605905,2.2069361
1500140160364,3.690993,-5.998462,2.149489
1500140160427,3.9878044,-7.051664,3.4707782
1500140160491,7.0995364,-5.912291,-1.0292653
1500140160554,7.0995364,-5.8548436,-6.0367603
1500140160619,6.9271946,-6.486765,-7.1186857
1500140160682,6.1612296,-4.8590894,-3.6335456
1500140160746,5.7208,-6.0463347,-3.911208
1500140160809,6.1995277,-5.759098,-1.5558661
1500140160873,6.831449,-5.759098,-3.4420545
1500140160938,5.414414,-6.3622956,-5.0505805
1500140161000,4.8303657,-8.152739,-4.73462
1500140161064,4.6867476,-7.855927,-4.4186597
1500140161128,4.5718527,-8.229335,-5.529309
1500140161192,4.4856815,-9.062322,-4.1026993
1500140161255,3.9878044,-8.602742,-1.9005502
1500140161319,4.6293,-8.018694,-2.3122563
1500140161383,5.7016506,-7.0612383,-2.513322
1500140161446,6.592085,-7.2335806,-2.3122563
1500140161510,7.12826,-7.855927,-4.0261025
1500140161574,7.511243,-6.6208086,-4.9452605
1500140161638,6.170804,-7.12826,-3.8346114
1500140161701,5.366541,-6.4293175,-3.8154624
1500140161765,4.495256,-9.98148,-3.4229054
1500140161829,4.342063,-7.5782647,-2.3984275
1500140161892,4.5335546,-8.832532,-1.7186337
1500140161956,4.9739842,-7.156984,-2.800559
1500140162020,3.911208,-6.9654927,-3.518651
1500140162085,3.039923,-6.9654927,-1.14416
1500140162147,2.6282167,-8.516571,-1.5845897
1500140162211,3.1069448,-11.896391,-1.8909757
1500140162275,2.0441687,-8.899554,0.33032233
1500140162339,1.383524,-9.349558,0.17712937
1500140162402,0.30159867,-8.7750845,0.5792609
1500140162466,0.46436617,-10.278291,0.54096264
1500140162530,0.8281995,-9.96233,0.12925656
1500140162594,0.8090504,-9.0814705,0.34947145
1500140162657,0.4356425,-10.345312,0.00478728
1500140162721,-0.110107444,-11.398514,0.34947145
1500140162785,-0.40691882,-10.785743,0.3111732
1500140162848,-0.93351966,-10.077225,0.359046
1500140162912,-1.14416,-10.105948,0.50266445
1500140162976,-0.7994758,-9.502751,1.0101161
1500140163039,-1.1633091,-9.474028,1.0962871
1500140163103,-1.1058618,-9.2825365,2.149489
1500140163167,-0.78032666,-8.641041,3.758015
1500140163231,-0.61755913,-9.560199,3.4707782
1500140163294,-0.7994758,-9.368708,4.2271686
1500140163358,-0.8473486,-9.253813,4.610151
1500140163422,-0.63670826,-8.363379,4.8207912
1500140163486,-0.8664977,-8.143164,4.8782387
1500140163550,-1.1345854,-8.32508,4.5622783
1500140163613,-1.3165021,-8.698488,4.8207912
1500140163677,-2.187787,-10.661273,4.284616
1500140163740,-2.9346027,-10.958084,3.9878044
1500140163804,-3.518651,-8.056993,3.451629
1500140163868,-4.284616,-7.922949,3.2505634
1500140163931,-3.451629,-6.6016593,3.7484405
1500140163995,-0.9622433,-5.433563,4.5910015
1500140164059,2.254809,-5.988888,4.7537694
1500140164123,3.2697124,-6.7261286,4.96441
1500140164186,2.8484318,-8.497422,4.8207912
1500140164250,1.5367169,-9.349558,3.9782298
1500140164314,-0.28244954,-11.101703,4.2558923
1500140164377,-1.9388485,-11.092129,3.5378
1500140164441,-2.7431116,-10.575102,3.126094
1500140164505,-3.3941817,-9.0814705,3.126094
1500140164569,-3.7197168,-8.497422,2.800559
1500140164632,-3.7484405,-8.516571,2.4654493
1500140164696,-3.604822,-9.004874,2.666515
1500140164760,-3.6622694,-8.372953,2.819708
1500140164823,-4.1792955,-8.382527,2.7814097
1500140164887,-4.389936,-7.808054,2.8484318
1500140164951,-4.0739756,-8.124015,2.8484318
1500140165014,-4.3324885,-9.014449,2.561195
1500140165078,-4.437809,-9.665519,2.6282167
1500140165142,-3.1548176,-10.421909,3.3941817
1500140165207,-0.50266445,-12.221927,4.5335546
1500140165270,0.3111732,-10.441058,4.73462
1500140165333,0.78990126,-9.435729,5.567607
1500140165397,0.03351096,-6.6016593,5.960164
1500140165461,-0.44521707,-4.5144053,4.3803616
1500140165524,-1.0675635,-5.299519,-0.13883112
1500140165588,-1.4313968,-5.088879,-2.015445
1500140165652,1.5271424,-4.5910015,-7.4537954
1500140165715,-0.2154276,-12.729378,-6.831449
1500140165780,4.6388745,-12.528313,-7.7793303
1500140165843,6.7357035,-10.125097,-7.6452866
1500140165907,5.2899446,-5.2899446,-7.137835
1500140165970,5.0984535,-5.605905,-8.200611
1500140166034,4.131423,-7.635712,-7.3676243
1500140166098,-0.28244954,-8.564445,-4.7058964
1500140166161,-0.7420284,-6.8888965,-2.88673
1500140166225,-1.5750152,-3.6239712,-0.39734426
1500140166289,-1.929274,-3.6335456,-1.7377827
1500140166353,-5.605905,-5.9697385,-1.776081
1500140166416,-8.439975,-9.196365,0.8473486
1500140166481,-8.650616,-8.612317,1.1728836
1500140166544,-8.813383,-7.0612383,1.8335283
1500140166607,-8.593168,-5.0314317,0.6750065
1500140166671,-10.412334,-4.016528,0.10053288
1500140166735,-11.26447,-2.6282167,0.8473486
1500140166800,-15.716641,-6.764427,-0.50266445
1500140166862,-9.158067,-3.2984362,5.8644185
1500140166926,-7.875076,-3.844186,3.844186
1500140166990,-8.439975,-3.5760984,2.5707695
1500140167053,-8.21976,-4.6675982,2.5420458
1500140167117,-7.2623043,-4.916537,4.322914
1500140167181,-7.4059224,-5.433563,3.9878044
1500140167244,-5.672927,-4.0356774,7.9708214
1500140167308,-6.1612296,-3.930357,8.00912
1500140167372,-4.5718527,-4.5335546,8.765511
1500140167436,-4.5335546,-7.0133657,2.2356598
1500140167499,-7.12826,-5.950589,6.1612296
1500140167564,-4.0356774,-2.6760898,2.5994933
1500140167627,-9.100619,-3.6431203,1.3165021
1500140167692,-11.082554,-4.8590894,0.10053288
1500140167754,-11.590006,-1.5941644,0.49308985
1500140167818,-9.502751,-5.0314317,1.5558661
1500140167882,-7.137835,-7.635712,3.8537605
1500140167945,-5.988888,0.6558574,5.2420716
1500140168009,-9.177217,-6.4484663,2.580344
1500140168073,-7.501668,-1.2782038,4.0261025
1500140168136,-7.855927,-4.610151,4.993133
1500140168201,-7.654861,-3.173967,4.3803616
1500140168264,-8.028269,-3.7484405,4.150572
1500140168328,-7.999545,-3.911208,3.8920588
1500140168391,-7.7123084,-3.6239712,4.5239797
1500140168456,-8.315506,-4.5718527,4.0548263
1500140168519,-7.5974135,-4.954835,4.198445
1500140168583,-6.515488,-6.017611,5.3378177
1500140168647,-6.1995277,-5.960164,4.3324885
1500140168710,-4.3707867,-5.433563,4.7920675
1500140168774,-2.9441774,-3.7675896,6.8793216
1500140168837,-4.5239797,-2.6377914,8.210186
1500140168901,-5.941015,-4.5527034,5.6250544
1500140168965,-6.525063,-5.9697385,4.1792955
1500140169028,-5.2037735,-5.7686725,7.9420977
1500140169092,-4.2941904,-5.5963306,6.4676156
1500140169156,-3.930357,-6.027186,6.218677
1500140169220,-3.9590807,-5.988888,6.8888965
1500140169283,-3.6143966,-6.47719,6.151655
1500140169347,-2.4845984,-5.8931417,7.281453
1500140169411,-2.0920415,-5.960164,7.616563
1500140169475,-2.254809,-5.682502,7.7793303
1500140169538,-2.2452345,-5.9314404,7.6452866
1500140169602,-1.7856555,-6.0080366,7.501668
1500140169666,-1.9005502,-5.912291,7.6835847
1500140169729,-2.3122563,-5.950589,7.4537954
1500140169793,-2.3505547,-5.9314404,7.3676243
1500140169857,-2.561195,-6.218677,6.8027253
1500140169920,-2.972901,-6.391019,6.898471
1500140169984,-3.4133308,-5.9218655,6.821874
1500140170048,-3.8346114,-5.692076,7.4442205
1500140170112,-5.9314404,-4.581427,11.38894
1500140170175,-8.00912,0.4835153,8.631466
1500140170239,-3.365458,-0.2154276,4.96441
1500140170303,3.0111992,-5.1846247,0.2920241
1500140170366,0.27287498,-5.759098,-2.88673
1500140170430,-5.6250544,-6.017611,-6.0750585
1500140170494,-7.501668,-7.02294,-5.787822
1500140170558,-10.958084,-5.3569665,-4.2271686
1500140170621,-12.595334,-4.6005764,-2.972901
1500140170685,-11.944264,-5.519734,-2.3122563
1500140170749,-10.268716,-4.801642,-0.46436617
1500140170813,-9.5889225,-3.2026904,-1.0675635
1500140170876,-10.0868,-0.69415563,-1.8526775
1500140170940,-12.662356,-2.8963046,-0.6750065
1500140171004,-11.302769,0.03351096,0.8186249
1500140171067,-11.484685,0.3398969,3.5665238
1500140171131,-13.198531,-5.28037,3.5090764
1500140171195,-10.642124,-5.155901,-0.15798025
1500140171259,-9.167642,-4.4473834,2.5420458
1500140171322,-6.5346375,-6.2282515,2.3122563
1500140171386,-2.5707695,-5.06973,1.4601204
1500140171450,-0.110107444,-10.565528,-0.56968635
1500140171513,-2.9824755,-3.6526947,4.5144053
1500140171577,-3.758015,-0.22500217,4.543129
1500140171641,-11.551707,-4.4090853,7.1474094
1500140171705,-14.194285,-4.495256,6.2665496
1500140171768,-9.636795,-9.454879,0.34947145
1500140171832,-5.452712,-7.721883,1.9675722
1500140171896,-2.3792782,-9.320834,2.2452345
1500140171959,-1.1920328,-9.98148,2.168638
1500140172023,-0.92394507,-9.502751,1.5845897
1500140172088,-1.8431029,-9.675094,2.5324712
1500140172152,-1.4984187,-6.869747,2.714388
1500140172214,-3.4037561,-4.389936,3.451629
1500140172278,-6.5059137,-6.2282515,1.4505459
1500140172342,-8.411251,-4.926111,-1.0484143
1500140172405,-10.278291,-2.2739582,-2.4845984
1500140172469,-11.063405,-3.2697124,-1.9771467
1500140172533,-10.6134,-6.2091026,1.0388398
1500140172597,-9.052747,-4.5239797,-1.0101161
1500140172660,-6.936769,-2.3505547,-0.3398969
1500140172725,-6.831449,-0.42606795,2.168638
1500140172788,-8.459125,-1.8909757,2.5994933
1500140172851,-9.54105,-3.777164,1.79523
1500140172915,-11.417664,-2.7909844,1.8431029
1500140172979,-13.380448,0.0718092,2.015445
1500140173043,-16.463457,1.9005502,-0.2441513
1500140173107,-11.36979,0.59841,0.2441513
1500140173171,-9.885734,-0.9718179,-1.3356512
1500140173235,-6.821874,-1.3930986,0.17712937
1500140173298,-5.979313,-2.3314054,2.7048132
1500140173361,-8.124015,-3.2026904,1.9771467
1500140173425,-11.082554,-0.36862057,1.9675722
1500140173488,-10.182545,0.2154276,0.6558574
1500140173553,-10.891063,-1.776081,-2.149489
1500140173617,-10.910212,1.6516117,-1.9388485
1500140173681,-10.268716,4.581427,-1.2303311
1500140173745,-8.411251,7.137835,0.22500217
1500140173807,-7.788905,7.721883,2.1782124
1500140173871,-8.334655,4.8590894,2.7718353
1500140173935,-8.717637,0.8760723,-0.54096264
1500140173999,-6.4963393,-5.873993,-4.2654667
1500140174062,-6.8122997,-5.9218655,-6.47719
1500140174126,-4.8973875,-7.1857076,-7.137835
1500140174190,-5.4431376,-7.3867736,-9.722966
1500140174253,-8.928278,1.5271424,-1.4888442
1500140174318,-11.886817,-3.5282254,2.905879
1500140174381,-9.234664,-4.0548263,2.2931073
1500140174445,-6.7931504,-4.96441,1.9771467
1500140174508,-4.9835587,-7.2335806,0.9430942
1500140174572,-4.782493,-9.54105,0.4835153
1500140174636,-3.997379,-9.971905,0.5505372
1500140174701,-5.3186684,-9.359133,-0.023936402
1500140174763,-6.0559096,-7.5208173,1.3739494
1500140174827,-6.256975,-6.2952733,1.7569319
1500140174891,-5.2516465,-3.8346114,0.8473486
1500140174954,-3.5378,-6.7069798,1.1728836
1500140175018,-4.5622783,-11.915541,-0.45479164
1500140175082,-4.3324885,-13.705983,-1.6516117
1500140175147,-1.1250108,-12.69108,-4.1026993
1500140175211,0.23457673,-9.809137,-5.452712
1500140175273,0.359046,-7.0612383,-5.0505805
1500140175337,0.043085523,-7.1665583,-4.916537
1500140175402,0.34947145,-6.6591067,-5.3378177
1500140175464,3.4899273,-5.759098,-4.73462
1500140175528,5.519734,-7.0325146,-2.2260852
1500140175592,6.37187,-9.445304,-1.0196906
1500140175655,5.3378177,-9.464453,0.30159867
1500140175719,5.1176023,-9.876159,-0.0718092
1500140175783,5.06973,-7.6261373,-1.1250108
1500140175846,4.8973875,-6.869747,1.469695
1500140175910,3.1643922,-9.493176,0.22500217
1500140175974,3.8154624,-8.506997,0.09095833
1500140176038,4.5144053,-9.608071,-2.2931073
1500140176103,4.6005764,-8.133589,-2.4558747
1500140176166,4.3707867,-8.229335,-1.7282082
1500140176229,5.38569,-9.225089,-1.4409714
1500140176292,5.146326,-9.483603,-0.9718179
1500140176356,3.7005677,-9.474028,-0.33032233
1500140176420,2.6952388,-10.5080805,-0.28244954
1500140176484,2.0058703,-6.850598,0.85692316
1500140176547,-0.17712937,-3.1356685,2.0633178
1500140176611,-4.5527034,-6.333572,2.1782124
1500140176675,-7.5782647,-2.6760898,-0.5888355
1500140176739,-11.618729,-3.671844,-3.1165195
1500140176803,-15.036847,-4.2080193,-3.5952475
1500140176867,-15.046422,-3.6622694,-7.4729443
1500140176930,-11.044255,-3.8346114,-8.056993
1500140176993,-8.918703,-0.13883112,-5.146326
1500140177057,-7.875076,-1.469695,-7.9899707
1500140177121,-8.028269,-2.1111906,-7.243155
1500140177185,-8.382527,1.1250108,-2.905879
1500140177248,-9.512326,1.2590547,-3.365458
1500140177312,-9.914457,2.6569405,-2.7431116
1500140177376,-8.612317,5.002708,-5.567607
1500140177439,-8.056993,3.6239712,-5.49101
1500140177503,-7.846352,3.9495063,-4.4186597
1500140177568,-8.794233,3.2984362,-4.3707867
1500140177631,-9.512326,3.5856729,-3.2888615
1500140177694,-9.052747,4.7058964,-1.2399056
1500140177758,-7.511243,2.0728924,-0.46436617
1500140177822,-9.024023,1.1154363,-0.92394507
1500140177885,-10.259142,2.0441687,0.7228793
1500140177949,-7.9037995,0.12925656,2.2069361
1500140178013,-9.138918,-1.1154363,-3.0973704
1500140178077,-11.752773,7.1857076,-1.6899099
1500140178140,-8.21976,3.3271596,-0.5792609
1500140178204,-8.133589,1.383524,-4.1601467
1500140178269,-9.885734,0.37819514,-4.08355
1500140178332,-8.583593,-1.14416,-3.2984362
1500140178395,-9.359133,-2.8771553,-2.9346027
1500140178459,-10.105948,-3.8920588,-3.499502
1500140178523,-9.847435,-4.4090853,-2.3888528
1500140178586,-8.918703,-5.4718614,-2.101616
1500140178651,-9.129343,-6.592085,-3.231414
1500140178714,-9.263388,-7.9516726,-2.2835326
1500140178778,-7.6069884,-8.104865,-0.56011176
1500140178842,-6.170804,-7.7984796,0.359046
1500140178905,-5.232497,-5.38569,1.7856555
1500140178969,-2.819708,-1.9962958,5.6154795
1500140179032,-0.78990126,-5.088879,7.2240057
1500140179096,-0.03351096,-6.7357035,6.5825105
1500140179160,0.5505372,-4.351638,7.549541
1500140179224,0.18670394,-6.333572,7.5974135
1500140179287,0.42606795,-5.873993,8.564445
1500140179351,0.69415563,-6.170804,8.372953
1500140179415,1.3930986,-5.653778,7.875076
1500140179478,1.1345854,-5.960164,7.664436
1500140179542,0.7994758,-6.7069798,6.5537868
1500140179607,1.6899099,-9.952756,4.916537
1500140179670,0.16755481,-8.497422,6.4484663
1500140179733,-0.665432,-6.7740016,7.9133744
1500140179797,0.2920241,-7.2718787,6.697405
1500140179861,1.6133134,-9.320834,6.0367603
1500140179924,2.7718353,-7.051664,5.653778
1500140179988,3.2697124,-6.323997,5.5580325
1500140180053,2.101616,-7.6069884,4.0931244
1500140180116,0.61755913,-6.716554,5.414414
1500140180179,0.5313881,-8.66019,3.9782298
1500140180243,2.0633178,-9.617646,4.7250457
1500140180307,3.6526947,-9.301685,2.2931073
1500140180371,5.0984535,-9.732541,0.12925656
1500140180434,3.911208,-6.898471,0.359046
1500140180498,2.0537431,-7.922949,-3.078221
1500140180562,4.3995104,-8.1623125,-2.6952388
1500140180627,4.9452605,-7.3771987,-0.512239
1500140180689,4.131423,-10.891063,-2.8771553
1500140180753,2.9250283,-10.029352,-2.2643836
1500140180816,2.3984275,-9.502751,-2.1782124
1500140180880,2.2069361,-9.732541,-2.0824668
1500140180944,1.9867213,-10.038927,-2.4367256
1500140181008,1.6803354,-9.914457,-2.494173
1500140181071,1.6324625,-9.225089,-2.1399143
1500140181135,1.7186337,-9.225089,-2.494173
1500140181199,1.776081,-9.320834,-2.6377914
1500140181262,1.8431029,-9.531475,-2.7048132
1500140181326,1.8909757,-9.493176,-2.733537
1500140181390,1.6899099,-9.675094,-2.6569405
1500140181454,1.3643749,-9.6942425,-2.5994933
1500140181517,1.2494801,-9.41658,-2.3792782
1500140181581,1.1920328,-9.474028,-2.3122563
1500140181645,1.2207564,-9.474028,-2.3888528
1500140181709,1.1920328,-9.502751,-2.3888528
1500140181772,0.92394507,-9.263388,-2.168638
1500140181836,0.92394507,-9.320834,-2.1111906
1500140181900,0.98139244,-9.799562,-1.9867213
1500140181963,1.0196906,-9.952756,-1.9388485
1500140182027,1.0867126,-9.799562,-1.9196993
1500140182091,0.9526688,-9.722966,-1.7569319
1500140182155,1.0867126,-9.684668,-1.862252
1500140182218,1.2782038,-10.077225,-2.101616
1500140182282,1.3260766,-10.747444,-2.408002
1500140182346,0.7994758,-10.096374,-2.2643836
1500140182409,0.7994758,-9.560199,-2.561195
1500140182473,0.3877697,-9.397431,-2.5899186
1500140182538,0.359046,-9.091045,-2.1207652
1500140182601,0.46436617,-9.464453,-2.4654493
1500140182664,0.37819514,-9.397431,-2.3792782
1500140182728,0.40691882,-9.368708,-1.9771467
1500140182792,0.39734426,-9.474028,-1.862252
1500140182857,0.3111732,-9.7899885,-1.8143792
1500140182919,0.3398969,-9.799562,-1.6994845
1500140182983,0.2441513,-10.058076,-1.8143792
1500140183047,0.20585304,-9.876159,-1.5558661
1500140183110,0.30159867,-9.665519,-1.2686293
1500140183174,0.54096264,-9.847435,-1.2111819
1500140183238,0.77075213,-9.866585,-1.0579889
1500140183302,0.9718179,-10.038927,-0.9622433
1500140183365,0.98139244,-10.172971,-1.0196906
1500140183429,0.98139244,-10.29744,-0.9526688
1500140183493,1.1058618,-10.5080805,-0.3877697
1500140183557,1.2303311,-10.575102,-0.11968201
1500140183620,1.4888442,-10.795317,0.7420284
1500140183683,2.4175766,-11.752773,1.7665064
1500140183748,2.9537518,-11.341067,3.2697124
1500140183811,2.972901,-8.765511,3.5856729
1500140183875,2.7622607,-6.821874,2.4463003
1500140183939,3.518651,-5.3186684,3.9016335
1500140184002,4.5910015,-5.088879,4.476107
1500140184066,5.452712,-5.194199,5.041006
1500140184130,5.8548436,-4.610151,5.8931417
1500140184193,6.563361,-4.7537694,6.1995277
1500140184257,6.745278,-5.309094,5.787822
1500140184321,6.5729356,-5.232497,5.634629
1500140184385,6.2761245,-5.0505805,5.2899446
1500140184448,5.941015,-5.28037,5.49101
1500140184512,5.653778,-4.437809,6.1229315
1500140184576,5.3378177,-4.0548263,6.630383
1500140184639,4.993133,-4.0069537,6.9271946
1500140184703,5.0122824,-2.1973617,7.8655014
1500140184767,5.194199,-1.9867213,6.563361
1500140184831,5.28037,-7.089962,2.733537
1500140184894,3.212265,-7.7123084,2.580344
1500140184958,5.2420716,-6.8122997,2.752686
1500140185022,3.7867386,-8.334655,3.9782298
1500140185085,4.016528,-9.119769,4.0356774
1500140185149,3.346309,-10.709146,3.7005677
1500140185213,2.3697038,-9.349558,4.4186597
1500140185277,1.9005502,-8.095291,2.3314054
1500140185342,1.2686293,-11.72405,2.3792782
1500140185404,0.2441513,-7.003791,6.2282515
1500140185468,-0.56011176,-9.196365,4.351638
1500140185532,-1.0005416,-9.579348,4.9069624
1500140185595,-0.92394507,-7.721883,4.696322
1500140185659,-1.79523,-8.593168,4.849515
1500140185723,-1.7377827,-8.32508,5.8548436
1500140185786,-1.6994845,-8.305931,4.5622783
1500140185850,-2.3026817,-8.717637,3.0877957
1500140185914,-2.7239625,-9.339984,2.2356598
1500140185977,-3.059072,-8.143164,2.254809
1500140186041,-4.275041,-8.928278,2.3026817
1500140186105,-6.5059137,-8.842107,2.0920415
1500140186169,-6.639958,-7.894225,2.2739582
1500140186232,-6.2952733,-7.9708214,2.752686
1500140186296,-5.433563,-7.788905,2.5516202
1500140186360,-5.2037735,-7.156984,2.5899186
1500140186423,-5.519734,-6.7548523,2.6760898
1500140186487,-6.065484,-6.831449,2.6090677
1500140186551,-6.984642,-7.4442205,2.34098
1500140186615,-6.6878304,-7.329326,2.0250196
1500140186679,-5.739949,-7.4154973,1.7665064
1500140186742,-5.3569665,-7.6740103,1.1824582
1500140186806,-5.3186684,-8.018694,1.0675635
1500140186869,-5.586756,-8.037844,0.46436617
1500140186933,-5.950589,-7.9420977,0.36862057
1500140186998,-5.9027166,-8.066567,0.5313881
1500140187061,-5.3952646,-8.018694,0.7324539
1500140187124,-4.772918,-8.363379,0.8664977
1500140187188,-4.5239797,-8.641041,1.1537346
1500140187252,-4.476107,-8.870831,1.2111819
1500140187317,-4.3324885,-8.909128,1.2494801
1500140187379,-3.911208,-8.641041,1.3069274
1500140187443,-3.6431203,-8.755936,1.2494801
1500140187507,-3.5090764,-9.033598,1.4122477
1500140187570,-3.4420545,-9.062322,1.4026731
1500140187634,-3.2888615,-9.0814705,1.4122477
1500140187698,-3.1643922,-9.110194,1.5558661
1500140187761,-3.173967,-9.253813,1.6994845
1500140187825,-3.1069448,-9.071896,1.7186337
1500140187889,-3.0494976,-9.129343,1.7569319
1500140187953,-3.193116,-9.225089,1.7569319
1500140188016,-3.059072,-9.033598,1.776081
1500140188080,-2.88673,-9.052747,1.79523
1500140188144,-2.9633265,-9.253813,1.7856555
1500140188207,-3.1165195,-9.234664,1.79523
1500140188271,-3.1452432,-9.129343,1.79523
1500140188335,-3.193116,-9.119769,1.8431029
1500140188399,-3.3271596,-9.100619,1.9579976
1500140188462,-3.4037561,-8.889979,1.948423
1500140188526,-3.231414,-8.889979,1.9579976
1500140188590,-3.4707782,-9.119769,1.929274
1500140188655,-3.4420545,-8.985725,1.8814012
1500140188717,-3.4037561,-9.071896,1.929274
