1500081271285,-4.868664,-8.382527,-0.2920241
1500081271349,-3.1452432,-7.693159,-0.78990126
1500081271413,-3.1165195,-7.855927,0.023936402
1500081271477,-6.3431463,-7.1186857,2.2260852
1500081271541,-9.655944,-5.1367517,4.935686
1500081271606,-7.961247,-4.6293,4.7537694
1500081271668,-5.8931417,-7.4920936,1.2494801
1500081271732,-7.0325146,-7.204857,1.2399056
1500081271796,-7.176133,-6.3431463,2.513322
1500081271860,-7.2910275,-5.481436,0.9526688
1500081271924,-7.434646,-6.716554,-0.062234644
1500081271987,-7.310177,-6.525063,0.83777404
1500081272051,-7.2527294,-6.2952733,1.8239537
1500081272115,-7.1186857,-5.82612,3.173967
1500081272179,-7.1091113,-5.6633525,3.6239712
1500081272243,-7.12826,-5.299519,3.5665238
1500081272307,-7.137835,-5.376116,3.4803526
1500081272371,-6.9654927,-5.682502,3.3941817
1500081272435,-7.0708127,-6.2282515,2.475024
1500081272499,-7.2527294,-6.8793216,1.4122477
1500081272562,-7.2910275,-6.525063,1.6611862
1500081272626,-7.137835,-5.998462,2.2165108
1500081272690,-7.1665583,-6.180379,2.0537431
1500081272754,-7.12826,-6.3622956,1.8335283
1500081272818,-7.1474094,-6.458041,1.6707608
1500081272882,-7.137835,-6.525063,1.4218222
1500081272945,-7.156984,-6.678256,1.1154363
1500081273009,-7.1186857,-6.6591067,1.1345854
1500081273073,-7.156984,-6.544212,1.2590547
1500081273137,-7.1091113,-6.611234,1.2590547
1500081273201,-7.1091113,-6.486765,1.2973529
1500081273265,-7.0803876,-6.5537868,1.3165021
1500081273329,-7.1474094,-6.6208086,1.0867126
1500081273393,-7.12826,-6.544212,1.2686293
1500081273456,-7.1186857,-6.544212,1.1250108
1500081273520,-7.137835,-6.5729356,1.1250108
1500081273584,-7.12826,-6.5729356,1.0675635
1500081273648,-7.1186857,-6.515488,1.1154363
1500081273712,-7.1186857,-6.5346375,1.0962871
1500081273776,-7.137835,-6.563361,0.9430942
1500081273840,-7.1474094,-6.592085,0.92394507
1500081273903,-7.137835,-6.5729356,0.9718179
1500081273967,-7.137835,-6.5346375,0.99096704
1500081274031,-7.156984,-6.611234,0.92394507
1500081274095,-7.1474094,-6.6016593,0.8760723
1500081274159,-7.12826,-6.5729356,0.91437054
1500081274223,-7.12826,-6.611234,0.8952214
1500081274286,-7.12826,-6.6016593,0.8760723
1500081274350,-7.1186857,-6.611234,0.8760723
1500081274414,-7.137835,-6.6208086,0.8186249
1500081274478,-7.089962,-6.9080453,1.1920328
1500081274542,-6.9271946,-7.7506065,2.0920415
1500081274606,-7.0708127,-9.004874,2.5228968
1500081274670,-6.5059137,-4.83994,4.466532
1500081274734,-6.5059137,-2.2069361,3.020774
1500081274797,-6.2474008,-0.91437054,0.8856468
1500081274861,-3.777164,-5.0314317,-0.39734426
1500081274925,-1.0196906,-8.870831,2.34098
1500081274989,0.110107444,-11.38894,5.682502
1500081275053,-6.5537868,-17.095377,0.4835153
1500081275117,-5.0314317,-8.028269,7.3197513
1500081275181,-1.2399056,-6.438892,5.8931417
1500081275245,0.99096704,-7.0995364,9.531475
1500081275308,-2.0633178,-7.3771987,6.6878304
1500081275372,-2.0441687,-7.0803876,6.8410234
1500081275436,1.1633091,-7.4920936,3.2218397
1500081275500,-1.776081,-11.341067,2.9633265
1500081275564,-5.0505805,-8.5740185,1.1537346
1500081275628,-6.783576,-7.4250717,-9.7899885
1500081275692,-3.365458,-7.769756,-9.876159
1500081275755,-3.0494976,-3.911208,-4.8782387
1500081275819,-6.1612296,-4.926111,-3.518651
1500081275883,-6.984642,-5.500585,-1.8335283
1500081275947,-7.3197513,-4.83994,-1.9675722
1500081276011,-7.4442205,-5.088879,-2.2739582
1500081276074,-7.35805,-4.610151,-0.56011176
1500081276139,-8.382527,-6.218677,-2.2931073
1500081276202,-7.855927,-4.6867476,-0.665432
1500081276266,-7.702734,-4.7537694,0.0718092
1500081276330,-7.769756,-5.108028,0.18670394
1500081276394,-7.9037995,-6.2378263,-0.8952214
1500081276458,-7.8176284,-6.151655,0.16755481
1500081276522,-7.7506065,-6.438892,0.0718092
1500081276586,-7.6452866,-5.9314404,0.28244954
1500081276658,-7.721883,-6.2474008,-0.22500217
1500081276713,-7.654861,-5.7112255,0.26330042
1500081276777,-7.664436,-6.132506,0.13883112
1500081276841,-7.6835847,-6.170804,0.3111732
1500081276905,-7.6452866,-6.017611,0.34947145
1500081276969,-7.664436,-5.950589,0.37819514
1500081277032,-7.6261373,-6.0559096,0.3111732
1500081277096,-7.635712,-6.113357,0.13883112
1500081277160,-7.6452866,-6.2378263,0.18670394
1500081277224,-7.635712,-6.0559096,0.23457673
1500081277288,-7.6069884,-6.017611,0.15798025
1500081277352,-7.6261373,-5.988888,0.11968201
1500081277416,-7.5974135,-6.027186,0.19627848
1500081277480,-7.6069884,-6.1420803,0.09095833
1500081277544,-7.616563,-6.103782,0.014361841
1500081277607,-7.56869,-6.180379,0.00478728
1500081277671,-7.5591154,-6.180379,0.062234644
1500081277735,-7.501668,-6.1899533,0.0718092
1500081277799,-7.511243,-6.2761245,0.09095833
1500081277863,-7.549541,-6.2952733,-0.110107444
1500081277926,-7.511243,-6.285699,-0.09095833
1500081277990,-7.5303917,-6.2378263,-0.062234644
1500081278054,-7.501668,-6.1612296,0.0
1500081278118,-7.501668,-6.2474008,-0.023936402
1500081278183,-7.5399666,-6.256975,-0.043085523
1500081278247,-7.482519,-6.285699,0.00478728
1500081278310,-7.5591154,-6.1995277,-0.05266008
1500081278374,-7.4729443,-6.0750585,0.062234644
1500081278438,-7.5974135,-6.132506,-0.13883112
1500081278501,-7.5208173,-6.3144226,-0.17712937
1500081278565,-7.511243,-6.323997,-0.014361841
1500081278629,-7.46337,-6.017611,0.0718092
1500081278693,-7.4442205,-6.2761245,0.110107444
1500081278757,-7.511243,-6.180379,0.26330042
1500081278821,-7.5303917,-6.3527207,0.0718092
1500081278885,-7.4537954,-6.3622956,0.00478728
1500081278948,-7.3771987,-6.3622956,0.081383765
1500081279021,-7.501668,-5.960164,0.00478728
1500081279076,-7.587839,-6.486765,-0.45479164
1500081279140,-7.4920936,-6.5537868,0.043085523
1500081279204,-7.4729443,-6.065484,0.05266008
1500081279268,-7.4442205,-6.065484,-0.0718092
1500081279332,-7.4250717,-6.2665496,0.20585304
1500081279396,-7.511243,-6.4484663,0.09095833
1500081279459,-7.4250717,-6.180379,-0.00478728
1500081279523,-7.434646,-6.3144226,0.043085523
1500081279587,-7.4442205,-6.37187,0.23457673
1500081279651,-7.4059224,-6.37187,0.22500217
1500081279715,-7.3771987,-6.323997,0.13883112
1500081279779,-7.4154973,-6.323997,0.15798025
1500081279843,-7.434646,-6.410168,0.081383765
1500081279906,-7.3867736,-6.391019,0.15798025
1500081279970,-7.396348,-6.37187,0.11968201
1500081280034,-7.3771987,-6.3431463,0.2154276
1500081280098,-7.396348,-6.391019,0.11968201
1500081280162,-7.3867736,-6.3431463,0.19627848
1500081280226,-7.35805,-6.3622956,0.23457673
1500081280290,-7.3676243,-6.4676156,0.10053288
1500081280353,-7.3676243,-6.323997,0.2920241
1500081280417,-7.3867736,-6.4197426,0.19627848
1500081280481,-7.329326,-6.410168,0.25372586
1500081280545,-7.3676243,-6.4005938,0.2154276
1500081280609,-7.3676243,-6.4005938,0.15798025
1500081280673,-7.35805,-6.4293175,0.17712937
1500081280737,-7.35805,-6.3814445,0.20585304
1500081280800,-7.35805,-6.410168,0.15798025
1500081280864,-7.3867736,-6.4005938,0.15798025
1500081280928,-7.3771987,-6.3527207,0.12925656
1500081280992,-7.3389006,-6.458041,0.12925656
1500081281056,-7.35805,-6.391019,0.12925656
1500081281120,-7.348475,-6.4293175,0.16755481
1500081281184,-7.348475,-6.4005938,0.10053288
1500081281248,-7.310177,-6.391019,0.15798025
1500081281311,-7.310177,-6.410168,0.19627848
1500081281375,-7.2527294,-6.525063,0.2920241
1500081281439,-7.2240057,-6.544212,0.44521707
1500081281503,-7.243155,-6.563361,0.49308985
1500081281567,-7.1665583,-6.5825105,0.6845811
1500081281632,-7.195282,-6.5729356,0.50266445
1500081281695,-7.2144313,-6.5825105,0.27287498
1500081281759,-7.195282,-6.515488,0.32074776
1500081281822,-7.2240057,-6.5537868,0.19627848
1500081281886,-7.2623043,-6.6495323,0.20585304
1500081281950,-7.2623043,-6.6495323,0.16755481
1500081282014,-7.2718787,-6.5825105,0.19627848
1500081282078,-7.2623043,-6.5825105,0.3111732
1500081282142,-7.281453,-6.458041,0.5505372
1500081282206,-7.3389006,-6.410168,0.63670826
1500081282269,-7.3197513,-6.2282515,0.9430942
1500081282333,-7.3389006,-6.151655,1.0005416
1500081282397,-7.348475,-6.2665496,0.9718179
1500081282461,-7.396348,-6.3622956,0.8952214
1500081282525,-7.3676243,-6.3527207,0.8952214
1500081282589,-7.35805,-6.3431463,0.92394507
1500081282653,-7.35805,-6.323997,0.8856468
1500081282716,-7.35805,-6.2665496,0.8760723
1500081282780,-7.3771987,-6.2761245,0.8760723
1500081282844,-7.396348,-6.333572,0.77075213
1500081282908,-7.3389006,-6.4197426,0.8090504
1500081282972,-7.3771987,-6.3814445,0.8090504
1500081283036,-7.3771987,-6.3431463,0.7994758
1500081283100,-7.348475,-6.333572,0.8281995
1500081283164,-7.348475,-6.3527207,0.8090504
1500081283227,-7.35805,-6.3814445,0.8186249
1500081283291,-7.3676243,-6.3527207,0.8473486
1500081283355,-7.35805,-6.323997,0.8473486
1500081283419,-7.3389006,-6.37187,0.8281995
1500081283483,-7.348475,-6.3527207,0.85692316
1500081283547,-7.35805,-6.3814445,0.8473486
1500081283611,-7.329326,-6.2952733,0.8281995
1500081283674,-7.35805,-6.410168,0.8281995
1500081283738,-7.348475,-6.4005938,0.93351966
1500081283802,-7.35805,-6.3527207,0.83777404
1500081283866,-7.3197513,-6.3527207,0.9430942
1500081283930,-7.3389006,-6.3431463,0.90479594
1500081283994,-7.348475,-6.3527207,0.92394507
1500081284057,-7.3389006,-6.391019,0.8952214
1500081284121,-7.3389006,-6.3431463,0.91437054
1500081284185,-7.3389006,-6.333572,0.9718179
1500081284249,-7.329326,-6.3622956,0.99096704
1500081284313,-7.348475,-6.2952733,0.99096704
1500081284377,-7.310177,-6.2952733,0.99096704
1500081284441,-7.35805,-6.4005938,0.9718179
1500081284505,-7.3771987,-6.391019,0.91437054
1500081284569,-7.329326,-6.3814445,1.0101161
1500081284632,-7.329326,-6.2091026,1.0771381
1500081284696,-7.3676243,-6.37187,0.9430942
1500081284760,-7.3389006,-6.4005938,0.9430942
1500081284824,-7.3867736,-6.323997,0.92394507
1500081284888,-7.329326,-6.3431463,1.0388398
1500081284952,-7.35805,-6.256975,1.0292653
1500081285015,-7.3676243,-6.3527207,1.0005416
1500081285079,-7.348475,-6.2952733,1.0005416
1500081285143,-7.35805,-6.304848,1.0101161
1500081285207,-7.3676243,-6.3527207,0.99096704
1500081285271,-7.35805,-6.323997,1.0101161
1500081285335,-7.348475,-6.3144226,1.0292653
1500081285399,-7.348475,-6.304848,1.0388398
1500081285463,-7.3771987,-6.3431463,1.0101161
1500081285527,-7.348475,-6.323997,1.0292653
1500081285590,-7.348475,-6.285699,1.0484143
1500081285654,-7.35805,-6.3527207,1.0388398
1500081285718,-7.348475,-6.333572,1.0484143
1500081285782,-7.348475,-6.285699,1.0771381
1500081285846,-7.348475,-6.2665496,1.0867126
1500081285910,-7.348475,-6.37187,1.0771381
1500081285973,-7.35805,-6.333572,1.0484143
1500081286037,-7.348475,-6.285699,1.0962871
1500081286101,-7.3389006,-6.304848,1.0771381
1500081286165,-7.348475,-6.3431463,1.0962871
1500081286229,-7.3867736,-6.333572,0.9718179
1500081286293,-7.3676243,-6.3144226,1.0292653
1500081286357,-7.35805,-6.2282515,1.1058618
1500081286421,-7.396348,-6.3144226,0.98139244
1500081286485,-7.3389006,-6.3431463,1.0196906
1500081286548,-7.3676243,-6.323997,0.99096704
1500081286612,-7.3197513,-6.323997,1.0771381
1500081286676,-7.348475,-6.3814445,1.0101161
1500081286740,-7.3389006,-6.3622956,1.0484143
1500081286804,-7.329326,-6.2952733,1.0962871
1500081286868,-7.329326,-6.333572,1.0579889
1500081286931,-7.3197513,-6.3527207,1.0675635
1500081286995,-7.329326,-6.3527207,1.0484143
1500081287059,-7.329326,-6.2665496,1.0579889
1500081287123,-7.310177,-6.3814445,1.0771381
1500081287187,-7.35805,-6.3144226,1.0388398
1500081287252,-7.3389006,-6.323997,1.1058618
1500081287315,-7.348475,-6.3431463,1.0388398
1500081287379,-7.348475,-6.304848,1.0675635
1500081287442,-7.329326,-6.304848,1.0675635
1500081287506,-7.3676243,-6.3527207,1.0196906
1500081287570,-7.35805,-6.3431463,1.0196906
1500081287634,-7.35805,-6.3144226,1.0388398
1500081287698,-7.348475,-6.304848,1.0292653
1500081287762,-7.35805,-6.333572,1.0101161
1500081287826,-7.35805,-6.304848,1.0005416
1500081287889,-7.3676243,-6.304848,1.0101161
1500081287953,-7.3389006,-6.323997,1.0196906
1500081288017,-7.3771987,-6.285699,1.0005416
1500081288081,-7.3676243,-6.3527207,1.0292653
1500081288145,-7.35805,-6.3144226,1.0388398
1500081288209,-7.3676243,-6.304848,1.0675635
1500081288273,-7.329326,-6.256975,1.0771381
1500081288336,-7.3771987,-6.37187,1.0292653
1500081288400,-7.3676243,-6.3527207,1.0196906
1500081288464,-7.3389006,-6.304848,1.0962871
1500081288528,-7.3389006,-6.2952733,1.0771381
1500081288592,-7.35805,-6.3431463,1.0675635
1500081288656,-7.348475,-6.323997,1.0675635
1500081288720,-7.348475,-6.304848,1.0579889
1500081288783,-7.3389006,-6.3527207,1.0771381
1500081288847,-7.3389006,-6.2952733,1.0867126
1500081288911,-7.348475,-6.323997,1.0675635
1500081288975,-7.329326,-6.3527207,1.0579889
1500081289039,-7.3676243,-6.2952733,1.0484143
1500081289103,-7.329326,-6.333572,1.0867126
1500081289166,-7.35805,-6.3622956,1.0388398
1500081289231,-7.3389006,-6.3622956,1.0675635
1500081289294,-7.329326,-6.256975,1.1154363
1500081289358,-7.348475,-6.323997,1.0962871
1500081289422,-7.3389006,-6.333572,1.0579889
1500081289486,-7.348475,-6.323997,1.0771381
1500081289550,-7.348475,-6.323997,1.0675635
1500081289614,-7.348475,-6.3527207,1.0579889
1500081289678,-7.3389006,-6.304848,1.0771381
1500081289741,-7.348475,-6.323997,1.0771381
1500081289805,-7.3389006,-6.3431463,1.0675635
1500081289869,-7.3676243,-6.304848,1.0867126
1500081289933,-7.3389006,-6.2952733,1.0675635
1500081289997,-7.3771987,-6.3431463,1.0292653
1500081290061,-7.3771987,-6.323997,1.0196906
1500081290125,-7.3867736,-6.256975,0.99096704
1500081290188,-7.3771987,-6.333572,0.9526688
1500081290252,-7.329326,-6.323997,1.0867126
1500081290316,-7.3771987,-6.285699,1.0196906
1500081290380,-7.348475,-6.2761245,1.0771381
1500081290444,-7.3389006,-6.304848,1.0771381
1500081290508,-7.3676243,-6.3144226,1.0484143
1500081290572,-7.3676243,-6.323997,1.0484143
1500081290636,-7.3389006,-6.333572,1.0867126
1500081290699,-7.3389006,-6.2952733,1.1345854
1500081290763,-7.3389006,-6.304848,1.1058618
1500081290827,-7.3389006,-6.3622956,1.1345854
1500081290891,-7.329326,-6.3527207,1.14416
1500081290955,-7.3197513,-6.2474008,1.1633091
1500081291019,-7.3006024,-6.3527207,1.2111819
1500081291083,-7.2910275,-6.391019,1.1345854
1500081291147,-7.3006024,-6.391019,1.2494801
1500081291210,-7.2718787,-6.323997,1.2111819
1500081291274,-7.3676243,-6.3527207,1.1728836
1500081291338,-7.3006024,-6.3144226,1.2207564
1500081291402,-7.348475,-6.2761245,1.2016073
1500081291466,-7.329326,-6.3814445,1.1824582
1500081291530,-7.3389006,-6.304848,1.2016073
1500081291594,-7.3197513,-6.285699,1.2016073
1500081291657,-7.329326,-6.37187,1.1824582
1500081291722,-7.329326,-6.323997,1.1824582
1500081291785,-7.329326,-6.2952733,1.2303311
1500081291849,-7.3197513,-6.3144226,1.2111819
1500081291913,-7.329326,-6.3527207,1.1824582
1500081291977,-7.329326,-6.3144226,1.2016073
1500081292040,-7.3389006,-6.304848,1.1920328
1500081292105,-7.3197513,-6.333572,1.2016073
1500081292168,-7.3006024,-6.2952733,1.2016073
1500081292233,-7.348475,-6.333572,1.1920328
1500081292297,-7.329326,-6.3622956,1.1633091
1500081292369,-7.329326,-6.285699,1.2207564
1500081292424,-7.3197513,-6.3144226,1.1920328
1500081292488,-7.348475,-6.37187,1.1345854
1500081292552,-7.3389006,-6.323997,1.1345854
1500081292615,-7.329326,-6.304848,1.1728836
1500081292679,-7.3197513,-6.2952733,1.1250108
1500081292743,-7.35805,-6.2761245,1.1728836
1500081292807,-7.396348,-6.4484663,0.9622433
1500081292871,-7.3197513,-6.2665496,1.1250108
1500081292935,-7.3006024,-6.180379,1.2399056
1500081292999,-7.329326,-6.333572,1.0675635
1500081293062,-7.3771987,-6.1899533,1.0196906
1500081293135,-7.3676243,-6.4197426,1.0196906
1500081293190,-7.329326,-6.4676156,0.99096704
1500081293254,-7.310177,-6.3622956,1.0292653
1500081293318,-7.3389006,-6.2761245,0.93351966
1500081293382,-7.3389006,-6.4293175,1.0196906
1500081293446,-7.3867736,-6.1899533,1.0771381
1500081293510,-7.329326,-6.256975,1.1920328
1500081293573,-7.434646,-6.4293175,0.8952214
1500081293637,-7.4059224,-6.410168,1.3548003
1500081293701,-7.089962,-5.634629,2.0441687
1500081293765,-6.8793216,-5.759098,1.8526775
1500081293829,-6.678256,-4.7537694,0.15798025
1500081293893,-5.261221,-5.5580325,0.49308985
1500081293956,-4.8590894,-6.6208086,-2.2739582
1500081294020,-3.5090764,-6.1229315,-4.2941904
1500081294084,-2.88673,-9.100619,-8.296356
1500081294148,-3.9207826,-7.2240057,-9.091045
1500081294212,-3.4707782,-7.9899707,-10.393186
1500081294276,-3.059072,-8.028269,-9.062322
1500081294340,-2.752686,-7.664436,-3.8824842
1500081294404,-2.1782124,-6.6208086,0.665432
1500081294468,-2.4463003,-9.5889225,1.6707608
1500081294531,-2.1303396,-9.952756,2.6856642
1500081294595,-2.0058703,-8.717637,2.8484318
1500081294659,-2.015445,-9.512326,0.7324539
1500081294723,-2.6760898,-9.608071,0.27287498
1500081294787,-1.8048047,-10.172971,3.059072
1500081294851,-1.6994845,-12.327247,2.5228968
1500081294914,-1.79523,-15.008123,3.3175852
1500081294978,-2.0058703,-7.5974135,5.2516465
1500081295042,-4.581427,-9.809137,5.567607
1500081295106,-5.2899446,-2.905879,1.0005416
1500081295170,-7.0803876,-4.351638,-2.972901
1500081295234,-7.310177,-4.993133,-1.2877784
1500081295298,-5.3378177,-0.61755913,2.972901
1500081295362,-7.482519,-3.2409887,7.6835847
1500081295425,-7.922949,-7.6069884,3.1643922
1500081295489,-7.999545,-4.9739842,3.4420545
1500081295553,-8.641041,-3.9495063,5.567607
1500081295617,-7.8272033,-3.3941817,5.2037735
1500081295681,-7.9899707,-8.957002,2.408002
1500081295745,-7.9516726,-6.7357035,3.930357
1500081295809,-6.0559096,-5.7686725,3.9495063
1500081295872,-3.9016335,-5.5771813,5.8644185
1500081295936,-0.37819514,-5.7303743,10.335738
1500081296000,-0.69415563,1.3260766,12.518738
1500081296064,-6.7069798,2.0441687,0.15798025
1500081296128,-9.608071,0.25372586,-7.549541
1500081296192,-9.062322,1.4984187,0.56011176
1500081296256,-7.348475,16.482605,7.5303917
1500081296319,-10.5080805,7.042089,1.4409714
1500081296383,-10.977234,8.392102,0.59841
1500081296447,-9.426155,10.163396,-4.772918
1500081296511,-6.486765,1.929274,-14.941102
1500081296575,-5.8835673,-1.3643749,-6.3622956
1500081296639,-1.1824582,-0.00478728,5.797396
1500081296703,-2.4463003,-7.2718787,8.181462
1500081296767,-4.3324885,-8.928278,2.88673
1500081296830,-8.411251,-13.102786,-3.604822
1500081296894,-5.481436,-2.800559,-2.7622607
1500081296958,-3.059072,-7.0325146,4.3803616
1500081297022,-15.659194,-4.236743,2.1399143
1500081297086,-12.892146,-6.5059137,3.2409887
1500081297150,-5.481436,-8.6697645,-2.3888528
1500081297214,-5.0505805,-7.2910275,-2.0537431
1500081297277,-9.225089,-5.998462,0.34947145
1500081297341,-7.501668,-6.132506,1.1154363
1500081297405,-7.616563,-6.4005938,-0.359046
1500081297469,-8.822957,-6.821874,1.622888
1500081297533,-7.8846507,-5.5580325,3.1643922
1500081297597,-5.462287,-5.49101,3.059072
1500081297661,-4.0931244,-3.1069448,4.916537
1500081297724,-4.7058964,-6.544212,2.800559
1500081297788,-8.171887,-8.487848,-0.4835153
1500081297852,-8.899554,-7.6452866,-1.6037389
1500081297916,-7.1186857,-6.9654927,-2.1782124
1500081297980,-7.0995364,-6.936769,-1.6516117
1500081298044,-7.7984796,-6.3431463,-0.3398969
1500081298108,-7.2144313,-7.875076,1.4505459
1500081298171,-5.835695,-8.133589,1.14416
1500081298235,-4.3995104,-6.1612296,1.6994845
1500081298299,-4.658024,-6.094208,1.9579976
1500081298363,-6.37187,-6.486765,1.7665064
1500081298427,-8.688913,-7.1186857,-0.16755481
1500081298491,-8.277207,-6.9080453,-1.0867126
1500081298555,-7.2240057,-6.831449,-1.1537346
1500081298618,-7.0995364,-6.458041,-0.043085523
1500081298682,-7.2718787,-6.5346375,0.110107444
1500081298746,-7.5303917,-6.47719,-0.39734426
1500081298810,-7.3676243,-6.2665496,-0.13883112
1500081298874,-6.7740016,-6.5729356,1.3739494
1500081298938,-7.2623043,-6.113357,0.61755913
1500081299001,-7.5399666,-7.02294,0.023936402
1500081299065,-7.4250717,-6.37187,0.90479594
1500081299129,-7.204857,-6.4676156,0.665432
1500081299193,-7.2335806,-5.82612,1.5462915
1500081299257,-7.042089,-6.438892,1.7665064
1500081299321,-7.329326,-6.984642,1.2686293
1500081299385,-7.434646,-5.672927,1.8143792
1500081299449,-7.4537954,-6.391019,1.1824582
1500081299512,-7.348475,-6.0367603,2.0441687
1500081299576,-7.204857,-5.759098,2.0537431
1500081299640,-6.9559183,-5.9218655,3.4324799
1500081299704,-7.2240057,-6.9942164,1.2973529
1500081299768,-7.137835,-6.6208086,1.6420372
1500081299832,-7.549541,-6.831449,1.6420372
1500081299896,-7.2527294,-6.333572,2.5420458
1500081299959,-6.9463434,-6.1420803,3.3271596
1500081300023,-6.7069798,-4.926111,4.6388745
1500081300087,-6.678256,-4.198445,5.567607
1500081300151,-7.549541,-5.232497,4.4856815
1500081300216,-7.089962,-3.6143966,6.7931504
1500081300280,-6.7548523,-6.1229315,3.9016335
1500081300352,-6.764427,-6.3431463,2.9346027
1500081300407,-5.8165455,-5.414414,5.452712
1500081300471,-6.9942164,-4.782493,4.7920675
1500081300534,-7.02294,-4.9452605,4.993133
1500081300598,-4.2654667,-7.156984,6.333572
1500081300662,-3.5569491,-4.8207912,6.37187
1500081300726,-2.2739582,-6.0367603,6.1612296
1500081300790,-2.6856642,-5.7208,5.7495236
1500081300854,-2.561195,-4.8207912,4.8782387
1500081300917,-5.088879,-6.1229315,5.6633525
1500081300981,-0.18670394,-8.200611,6.2091026
1500081301045,-14.443225,-3.059072,2.6856642
1500081301109,-6.697405,-7.5974135,2.6760898
1500081301173,-8.00912,-5.2516465,2.9250283
1500081301237,-7.1474094,-4.7441945,4.0261025
1500081301301,-6.984642,-4.169721,4.0069537
1500081301364,-7.396348,-5.222923,3.2409887
1500081301428,-7.482519,-6.7357035,3.1356685
1500081301492,-7.329326,-3.7484405,4.466532
1500081301556,-7.0133657,-5.309094,4.610151
1500081301620,-7.2144313,-5.155901,4.0548263
1500081301684,-7.6261373,-5.9218655,2.5228968
1500081301748,-6.9654927,-4.5527034,4.7441945
1500081301811,-7.4537954,-6.3144226,3.0494976
1500081301875,-7.2527294,-5.108028,2.9537518
1500081301939,-8.028269,-6.0367603,2.168638
1500081302004,-7.051664,-4.772918,3.7388659
1500081302067,-7.5782647,-5.7686725,2.9920502
1500081302132,-7.5974135,-4.8590894,3.3558834
1500081302196,-7.4729443,-5.500585,3.173967
1500081302259,-7.0803876,-5.414414,4.08355
1500081302322,-7.137835,-5.1271772,3.451629
1500081302386,-7.549541,-5.462287,3.1165195
1500081302450,-7.5974135,-5.261221,3.1452432
1500081302514,-7.4059224,-5.7208,2.9824755
1500081302578,-7.2144313,-5.0984535,3.2984362
1500081302642,-7.434646,-6.0846334,2.972901
1500081302706,-7.5208173,-5.682502,2.905879
1500081302769,-7.243155,-5.146326,3.193116
1500081302833,-7.3867736,-5.8931417,3.0111992
1500081302897,-7.5208173,-5.739949,2.9441774
1500081302961,-7.2718787,-5.299519,2.9537518
1500081303025,-7.3389006,-5.7495236,3.1165195
1500081303089,-7.4920936,-5.644203,3.1069448
1500081303153,-7.3006024,-5.0505805,3.193116
1500081303216,-7.3389006,-5.845269,3.078221
1500081303280,-7.5208173,-5.797396,2.8484318
1500081303344,-7.2623043,-5.309094,3.1835413
1500081303408,-7.3006024,-5.5484576,3.1356685
1500081303472,-7.482519,-5.8931417,2.8101335
1500081303536,-7.396348,-5.586756,3.0016246
1500081303600,-7.2623043,-5.538883,3.3175852
1500081303664,-7.3676243,-5.2037735,3.4229054
1500081303727,-7.5303917,-5.8644185,2.6856642
1500081303791,-7.1186857,-5.414414,3.346309
1500081303855,-7.4920936,-5.653778,3.1452432
1500081303919,-7.549541,-5.7495236,2.494173
1500081303983,-7.089962,-5.06973,3.5569491
1500081304047,-7.587839,-5.960164,2.6856642
1500081304111,-7.5591154,-5.8165455,2.561195
1500081304174,-7.12826,-4.926111,3.2984362
1500081304238,-7.5208173,-6.285699,2.6282167
1500081304302,-7.5399666,-5.998462,2.3697038
1500081304366,-7.2240057,-5.299519,2.8292825
1500081304430,-7.3771987,-6.113357,2.6282167
1500081304494,-7.5208173,-5.9027166,2.5420458
1500081304558,-7.281453,-5.3569665,2.7239625
1500081304621,-7.329326,-5.9697385,2.733537
1500081304685,-7.501668,-5.845269,2.6760898
1500081304749,-7.3676243,-5.5963306,2.5899186
1500081304813,-7.2527294,-5.739949,2.819708
1500081304877,-7.501668,-5.835695,2.580344
1500081304941,-7.3676243,-5.672927,2.7239625
1500081305004,-7.348475,-5.7208,2.7431116
1500081305068,-7.4059224,-5.7782474,2.7048132
1500081305132,-7.3771987,-5.845269,2.6856642
1500081305196,-7.3676243,-5.7016506,2.6952388
1500081305261,-7.4250717,-5.7686725,2.666515
1500081305325,-7.3867736,-5.8165455,2.6377914
1500081305388,-7.348475,-5.7112255,2.7239625
1500081305452,-7.3771987,-5.8165455,2.6569405
1500081305516,-7.348475,-5.7686725,2.7814097
1500081305579,-7.348475,-5.739949,2.7239625
1500081305643,-7.348475,-5.7782474,2.7431116
1500081305707,-7.3771987,-5.806971,2.6952388
1500081305771,-7.35805,-5.759098,2.6952388
1500081305835,-7.3771987,-5.7686725,2.6760898
1500081305898,-7.3676243,-5.806971,2.666515
1500081305962,-7.35805,-5.806971,2.666515
1500081306027,-7.35805,-5.797396,2.6760898
1500081306091,-7.348475,-5.797396,2.6760898
1500081306154,-7.3676243,-5.797396,2.666515
1500081306218,-7.35805,-5.835695,2.6282167
1500081306282,-7.35805,-5.797396,2.647366
1500081306346,-7.3771987,-5.845269,2.6186423
1500081306411,-7.35805,-5.806971,2.6760898
1500081306474,-7.35805,-5.787822,2.666515
1500081306538,-7.35805,-5.82612,2.666515
1500081306601,-7.3676243,-5.8548436,2.6282167
1500081306665,-7.348475,-5.7782474,2.666515
1500081306729,-7.3676243,-5.787822,2.6760898
1500081306793,-7.3867736,-5.8165455,2.6282167
1500081306857,-7.35805,-5.8165455,2.6377914
1500081306921,-7.3771987,-5.787822,2.6282167
1500081306985,-7.3771987,-5.787822,2.6569405
1500081307048,-7.3676243,-5.806971,2.6377914
1500081307113,-7.3867736,-5.797396,2.6282167
1500081307177,-7.3771987,-5.7782474,2.6282167
1500081307241,-7.3676243,-5.7782474,2.6282167
1500081307305,-7.3867736,-5.806971,2.6090677
1500081307368,-7.3676243,-5.7782474,2.714388
1500081307432,-7.4250717,-5.8931417,2.7909844
1500081307496,-7.329326,-5.3569665,2.187787
1500081307559,-7.396348,-6.3814445,2.513322
1500081307623,-7.4729443,-5.5580325,2.5420458
1500081307687,-7.35805,-5.8931417,2.5324712
1500081307751,-7.4059224,-5.8835673,2.5516202
1500081307815,-7.4537954,-6.0080366,2.4175766
1500081307879,-7.2623043,-5.452712,2.5994933
1500081307942,-7.3771987,-6.0559096,2.494173
1500081308006,-7.511243,-5.9218655,2.4463003
1500081308070,-7.4442205,-6.1612296,2.321831
1500081308134,-7.3389006,-5.567607,2.34098
1500081308198,-7.243155,-5.845269,2.8484318
1500081308262,-7.5782647,-5.8931417,2.4845984
1500081308326,-7.4729443,-5.873993,2.427151
1500081308390,-7.1857076,-5.2707953,2.8292825
1500081308453,-7.434646,-6.132506,2.5516202
1500081308517,-7.587839,-5.835695,2.4175766
1500081308581,-7.396348,-5.7782474,2.6856642
1500081308645,-7.3867736,-5.5580325,2.5324712
1500081308709,-7.2718787,-5.605905,2.752686
1500081308773,-7.4537954,-5.998462,2.5899186
1500081308837,-7.5399666,-5.806971,2.5420458
1500081308900,-7.4442205,-5.7782474,2.3984275
1500081308964,-7.310177,-5.519734,2.6377914
1500081309028,-7.4154973,-6.0750585,2.5037475
1500081309092,-7.5591154,-5.7208,2.6186423
1500081309157,-7.329326,-5.5963306,2.5516202
1500081309220,-7.4154973,-5.806971,2.6282167
1500081309284,-7.56869,-5.9218655,2.427151
1500081309348,-7.5208173,-5.7303743,2.5420458
1500081309411,-7.1665583,-4.8303657,3.126094
1500081309475,-7.549541,-6.1420803,2.8101335
1500081309539,-7.664436,-5.538883,2.7048132
1500081309603,-7.6740103,-5.682502,2.2931073
1500081309667,-7.2527294,-4.73462,4.016528
1500081309731,-7.6740103,-4.763344,3.5090764
1500081309795,-7.587839,-5.634629,2.513322
1500081309859,-7.2240057,-4.5527034,3.758015
1500081309922,-7.654861,-6.2665496,2.7814097
1500081309986,-7.6452866,-5.692076,2.254809
1500081310051,-7.1186857,-4.7250457,3.604822
1500081310114,-7.4537954,-6.6495323,2.408002
1500081310187,-7.6835847,-6.2761245,2.0728924
1500081310242,-7.0133657,-5.06973,3.3271596
1500081310306,-7.348475,-5.3186684,3.5282254
1500081310369,-7.635712,-6.7069798,1.6803354
1500081310433,-7.156984,-5.366541,3.3271596
1500081310497,-7.281453,-5.634629,3.1165195
1500081310561,-7.4250717,-5.5484576,3.0303483
1500081310625,-7.434646,-5.9218655,2.647366
1500081310689,-7.176133,-5.4048395,3.2697124
1500081310753,-7.3197513,-5.7208,2.9154537
1500081310817,-7.434646,-5.6250544,3.212265
1500081310880,-7.3771987,-5.835695,2.7814097
1500081310944,-7.0803876,-5.041006,3.6431203
1500081311008,-7.4729443,-5.941015,2.9537518
1500081311072,-7.587839,-5.9218655,2.6760898
1500081311136,-7.0612383,-4.9452605,3.4707782
1500081311200,-7.35805,-5.8644185,3.173967
1500081311264,-7.654861,-5.950589,2.5994933
1500081311327,-7.1091113,-5.0314317,3.5473747
1500081311391,-7.2910275,-5.672927,3.212265
1500081311455,-7.654861,-5.8835673,2.7909844
1500081311519,-7.2144313,-5.021857,3.3750327
1500081311583,-7.243155,-5.6633525,3.3175852
1500081311647,-7.587839,-5.787822,2.9920502
1500081311711,-7.1665583,-4.83994,3.4899273
1500081311775,-7.35805,-5.806971,3.2505634
1500081311838,-7.616563,-5.797396,2.9250283
1500081311902,-7.003791,-4.868664,3.6431203
1500081311966,-7.4059224,-5.759098,3.3080106
1500081312030,-7.5782647,-5.7686725,2.9346027
1500081312094,-6.9942164,-4.9739842,3.671844
1500081312157,-7.482519,-5.6154795,3.2888615
1500081312222,-7.5782647,-5.9314404,2.7814097
1500081312286,-7.089962,-5.232497,3.384607
1500081312350,-7.4920936,-5.433563,3.346309
1500081312415,-7.46337,-5.692076,2.733537
1500081312477,-7.2335806,-5.7782474,3.0973704
1500081312541,-7.511243,-5.6154795,3.1165195
1500081312605,-7.2718787,-5.0314317,3.0111992
1500081312669,-7.3867736,-5.9697385,3.0111992
1500081312733,-7.56869,-5.845269,2.819708
1500081312796,-7.137835,-4.9452605,3.1643922
1500081312860,-7.4442205,-5.941015,3.0494976
1500081312924,-7.616563,-6.0559096,2.513322
1500081312988,-7.02294,-5.088879,3.346309
1500081313052,-7.4920936,-5.7208,3.1643922
1500081313116,-7.5591154,-5.7208,2.3984275
1500081313180,-7.2335806,-5.912291,3.0303483
1500081313243,-7.281453,-5.586756,3.5473747
1500081313307,-7.3771987,-4.6771727,3.0686467
1500081313371,-7.4920936,-6.3431463,2.714388
1500081313435,-7.3389006,-4.772918,3.758015
1500081313499,-7.5399666,-5.634629,2.4367256
1500081313563,-7.348475,-5.9314404,2.9537518
1500081313626,-7.4729443,-5.414414,3.384607
1500081313690,-7.2910275,-4.782493,2.9441774
1500081313754,-7.434646,-6.5059137,2.6760898
1500081313818,-7.587839,-5.845269,2.819708
1500081313882,-6.9271946,-4.437809,3.5569491
1500081313946,-7.664436,-6.391019,2.5228968
1500081314010,-7.6452866,-6.065484,2.475024
1500081314073,-6.984642,-4.9739842,3.231414
1500081314138,-7.511243,-5.845269,3.0877957
1500081314201,-7.5974135,-6.1420803,2.4558747
1500081314265,-7.0612383,-5.1367517,3.1835413
1500081314329,-7.482519,-5.797396,3.0686467
1500081314393,-7.501668,-5.692076,2.7909844
1500081314457,-7.2527294,-5.692076,2.7814097
1500081314521,-7.4537954,-5.739949,3.1835413
1500081314585,-7.3676243,-4.926111,3.0303483
1500081314648,-7.434646,-6.017611,2.6377914
1500081314712,-7.5399666,-5.941015,3.0303483
1500081314776,-7.204857,-4.6771727,3.039923
1500081314840,-7.4537954,-6.0750585,2.9154537
1500081314904,-7.635712,-6.1612296,2.5994933
1500081314968,-7.12826,-4.926111,3.059072
1500081315032,-7.4442205,-5.960164,3.020774
1500081315096,-7.616563,-5.82612,2.513322
1500081315160,-7.2144313,-5.605905,2.7718353
1500081315223,-7.4537954,-5.7112255,3.1165195
1500081315287,-7.549541,-5.5101595,2.5899186
1500081315351,-7.2623043,-5.682502,2.867581
1500081315415,-7.482519,-5.873993,3.020774
1500081315479,-7.3771987,-4.8782387,2.8101335
1500081315543,-7.4059224,-6.1229315,2.6760898
1500081315606,-7.6069884,-6.0080366,2.6760898
1500081315670,-7.204857,-4.7250457,3.020774
1500081315734,-7.3867736,-6.094208,2.9346027
1500081315798,-7.702734,-6.132506,2.3984275
1500081315862,-7.0995364,-4.887813,3.231414
1500081315926,-7.4442205,-5.960164,2.9441774
1500081315990,-7.6740103,-5.979313,2.4463003
1500081316053,-7.12826,-5.366541,2.9633265
1500081316117,-7.4250717,-5.7208,3.193116
1500081316181,-7.5782647,-5.5484576,2.5516202
1500081316245,-7.2144313,-5.806971,2.8963046
1500081316309,-7.501668,-5.8165455,3.0303483
1500081316373,-7.3867736,-5.194199,2.6090677
1500081316437,-7.348475,-6.0463347,2.752686
1500081316501,-7.5782647,-5.8644185,3.2026904
1500081316565,-7.1091113,-4.4090853,3.231414
1500081316628,-7.501668,-6.256975,2.8771553
1500081316692,-7.5399666,-5.28037,3.231414
1500081316756,-7.2527294,-5.194199,3.5856729
1500081316820,-7.501668,-5.538883,3.078221
1500081316884,-7.4059224,-5.299519,3.5282254
1500081316948,-7.4154973,-5.7208,2.9633265
1500081317011,-7.2240057,-5.222923,3.4037561
1500081317075,-7.4729443,-5.787822,3.0494976
1500081317139,-7.434646,-5.194199,3.4037561
1500081317203,-7.348475,-5.4431376,3.212265
1500081317267,-7.4250717,-5.5580325,3.1548176
1500081317331,-7.396348,-5.462287,3.2505634
1500081317395,-7.4729443,-5.5101595,3.0686467
1500081317459,-7.3771987,-5.5484576,3.1835413
1500081317522,-7.176133,-4.7920675,3.4324799
1500081317586,-7.511243,-6.5059137,2.3505547
1500081317650,-7.3006024,-4.619725,3.9207826
1500081317714,-7.396348,-5.5580325,3.0686467
1500081317778,-7.3676243,-5.8931417,2.9250283
1500081317842,-7.2144313,-5.376116,3.2888615
1500081317906,-7.46337,-5.4718614,3.231414
1500081317969,-7.56869,-6.2474008,2.5228968
1500081318033,-7.0325146,-4.8590894,3.4229054
1500081318097,-7.4537954,-5.682502,3.4420545
1500081318161,-7.6261373,-6.323997,2.4367256
1500081318225,-7.003791,-5.1271772,3.4324799
1500081318289,-7.396348,-5.5580325,3.5856729
1500081318353,-7.549541,-5.462287,2.5899186
1500081318417,-7.176133,-5.5771813,3.4133308
1500081318480,-7.5399666,-5.519734,3.2601378
1500081318544,-7.3006024,-4.993133,2.752686
1500081318608,-7.4154973,-6.094208,3.1165195
1500081318672,-7.5591154,-6.170804,2.8771553
1500081318736,-7.042089,-4.5335546,3.2218397
1500081318800,-7.4154973,-5.644203,3.6335456
1500081318864,-7.721883,-6.37187,2.4845984
1500081318927,-7.0995364,-5.519734,3.1165195
1500081318991,-7.3006024,-4.8973875,3.6622694
1500081319055,-7.3389006,-5.2516465,2.8771553
1500081319119,-7.396348,-5.912291,3.2984362
1500081319183,-7.4059224,-6.323997,3.1356685
1500081319247,-7.1857076,-5.232497,2.7814097
1500081319311,-7.4059224,-5.529309,3.6526947
1500081319375,-7.4537954,-5.3952646,2.9441774
1500081319439,-7.3389006,-5.586756,3.2984362
1500081319502,-7.3676243,-5.4239883,3.5952475
1500081319566,-7.2144313,-4.763344,3.059072
1500081319630,-7.6069884,-6.1229315,2.8292825
1500081319694,-7.549541,-6.1229315,2.88673
1500081319758,-7.1091113,-4.8590894,3.078221
1500081319822,-7.46337,-5.7208,3.2888615
1500081319885,-7.5591154,-5.9027166,2.7909844
1500081319949,-7.2623043,-5.529309,2.800559
1500081320014,-7.4154973,-5.4048395,3.384607
1500081320077,-7.4250717,-5.2037735,2.9537518
1500081320150,-7.3867736,-5.9697385,2.9441774
1500081320205,-7.4537954,-5.6154795,3.2984362
1500081320269,-7.204857,-4.495256,3.384607
1500081320333,-7.434646,-6.0846334,2.9441774
1500081320397,-7.5303917,-5.835695,3.1356685
1500081320460,-7.1665583,-4.8590894,3.193116
1500081320524,-7.482519,-5.7686725,3.2505634
1500081320588,-7.4250717,-5.806971,3.078221
1500081320652,-7.4154973,-5.9314404,2.7048132
1500081320716,-7.348475,-5.0505805,3.499502
1500081320780,-7.3197513,-5.2133484,3.2697124
1500081320844,-7.4920936,-5.950589,2.867581
1500081320907,-7.35805,-5.481436,3.2984362
1500081320971,-7.3867736,-5.4048395,3.2601378
1500081321035,-7.4059224,-5.5101595,3.1643922
1500081321100,-7.329326,-5.7112255,3.1548176
1500081321164,-7.5303917,-5.5580325,3.173967
1500081321228,-7.3771987,-5.1271772,3.4420545
1500081321291,-7.3197513,-5.3952646,3.604822
1500081321354,-7.3676243,-5.3186684,3.4133308
1500081321418,-7.3867736,-5.38569,3.499502
1500081321482,-7.35805,-5.28037,3.4803526
1500081321546,-7.4059224,-5.261221,3.4803526
1500081321610,-7.396348,-5.2133484,3.4899273
1500081321674,-7.35805,-5.998462,3.0111992
1500081321738,-7.3867736,-5.5963306,3.2026904
1500081321802,-7.3676243,-4.7920675,3.7675896
1500081321865,-7.482519,-5.988888,3.059072
1500081321929,-7.089962,-5.3186684,3.5665238
1500081321993,-7.3197513,-4.8590894,4.121848
1500081322057,-7.2910275,-4.9739842,3.4803526
1500081322121,-7.2910275,-5.8548436,3.499502
1500081322185,-7.434646,-5.1367517,3.5473747
1500081322249,-7.243155,-5.079304,3.365458
1500081322312,-7.4059224,-5.950589,3.3750327
1500081322376,-7.4920936,-5.3378177,3.671844
1500081322441,-7.042089,-4.581427,3.4707782
1500081322505,-7.4250717,-5.644203,3.5282254
1500081322568,-7.693159,-6.592085,3.0016246
1500081322632,-6.936769,-4.5910015,3.4324799
1500081322696,-7.4250717,-5.739949,3.5473747
1500081322760,-7.281453,-4.96441,3.690993
1500081322823,-7.35805,-5.567607,3.365458
1500081322887,-7.396348,-5.529309,3.3367343
1500081322951,-7.434646,-5.3186684,3.7101421
1500081323015,-7.176133,-5.194199,3.2697124
1500081323078,-7.348475,-5.5580325,3.384607
1500081323142,-7.2144313,-4.3707867,4.198445
1500081323206,-7.2910275,-5.873993,3.2792869
1500081323270,-7.4537954,-6.1899533,2.7718353
1500081323334,-7.348475,-4.868664,3.7963133
1500081323398,-7.1857076,-5.309094,3.5760984
1500081323462,-7.434646,-6.065484,3.020774
1500081323526,-7.3389006,-5.3569665,3.6622694
1500081323589,-7.1186857,-4.926111,3.3750327
1500081323653,-7.3867736,-5.759098,3.7005677
1500081323717,-7.2910275,-5.605905,3.5665238
1500081323781,-7.2240057,-4.9452605,2.7909844
1500081323845,-7.4442205,-5.5963306,3.5282254
1500081323909,-7.654861,-6.47719,2.5324712
1500081323973,-7.1186857,-5.347392,3.2026904
1500081324037,-7.482519,-5.4048395,3.6335456
1500081324101,-7.2623043,-4.3995104,3.0686467
1500081324164,-7.4442205,-5.82612,3.5760984
1500081324229,-7.635712,-6.9271946,2.7909844
1500081324292,-7.137835,-4.1026993,3.2697124
1500081324356,-7.3771987,-5.4239883,3.9399316
1500081324420,-7.4250717,-4.6005764,3.2888615
1500081324484,-7.7601814,-6.2952733,2.6282167
1500081324547,-7.4154973,-6.2378263,3.604822
1500081324611,-7.2144313,-3.6814184,3.0303483
1500081324675,-7.482519,-4.8590894,4.150572
1500081324739,-7.654861,-5.2037735,3.3271596
1500081324803,-7.4442205,-5.347392,3.4420545
1500081324867,-7.2144313,-4.935686,4.1026993
1500081324931,-7.4442205,-4.648449,2.7622607
1500081324994,-7.501668,-5.692076,3.8633351
1500081325058,-7.56869,-6.4484663,2.714388
1500081325122,-7.1857076,-5.0505805,3.3367343
1500081325186,-7.2335806,-4.868664,4.3803616
1500081325250,-7.3676243,-4.543129,2.9441774
1500081325314,-7.434646,-6.3622956,3.1548176
1500081325378,-7.549541,-6.2282515,3.346309
1500081325442,-6.9080453,-4.150572,3.3367343
1500081325505,-7.549541,-5.82612,3.6431203
1500081325570,-7.46337,-5.950589,3.0016246
1500081325633,-7.2240057,-5.5101595,2.9633265
1500081325697,-7.4250717,-5.2899446,3.8346114
1500081325761,-7.4729443,-5.1176023,2.6856642
1500081325825,-7.56869,-6.027186,3.039923
1500081325889,-7.0612383,-5.079304,3.9207826
1500081325953,-6.7931504,-4.543129,4.811217
1500081326017,-6.975067,-5.0505805,4.0261025
1500081326081,-7.1186857,-5.9027166,3.604822
1500081326144,-7.3771987,-5.787822,3.6431203
1500081326208,-7.5591154,-4.811217,3.2888615
1500081326272,-6.764427,-4.4856815,3.8346114
1500081326336,-7.549541,-6.592085,2.8963046
1500081326400,-7.2527294,-4.5910015,4.08355
1500081326464,-7.1186857,-4.7058964,3.5665238
1500081326527,-7.4920936,-6.4676156,2.7909844
1500081326591,-7.35805,-5.0984535,3.8537605
1500081326655,-7.1186857,-4.4473834,3.451629
1500081326719,-7.511243,-6.1995277,2.9441774
1500081326783,-7.5782647,-5.950589,3.365458
1500081326847,-7.051664,-4.1792955,3.3941817
1500081326911,-7.4442205,-5.9218655,3.4229054
1500081326974,-7.549541,-6.1899533,2.9824755
1500081327038,-8.085716,-6.7548523,1.6994845
1500081327102,-6.132506,-4.456958,4.916537
1500081327166,-6.37187,-2.5516202,4.7920675
1500081327230,-7.348475,-5.998462,5.0122824
1500081327294,-7.329326,-5.692076,3.8824842
1500081327358,-6.1899533,-3.7292912,5.7112255
1500081327421,-7.3197513,-6.7261286,3.346309
1500081327485,-7.0995364,-5.222923,4.5910015
1500081327549,-6.2665496,-3.346309,4.8782387
1500081327613,-7.616563,-6.3431463,3.5665238
1500081327677,-7.003791,-5.9027166,4.2558923
1500081327741,-6.6878304,-4.351638,4.2654667
1500081327805,-7.5208173,-5.366541,3.9016335
1500081327869,-7.2240057,-6.6016593,3.8537605
1500081327932,-6.745278,-4.456958,3.9495063
1500081327996,-7.35805,-5.0122824,4.2654667
1500081328060,-7.195282,-5.519734,3.7963133
1500081328124,-7.1091113,-5.7303743,3.4803526
1500081328188,-7.1091113,-4.3133397,4.868664
1500081328252,-7.1091113,-4.6771727,3.5760984
1500081328316,-7.4154973,-6.7548523,2.867581
1500081328380,-7.137835,-5.605905,3.8824842
1500081328443,-7.1091113,-4.2463174,3.451629
1500081328507,-7.396348,-6.6208086,3.039923
1500081328571,-7.2623043,-6.151655,3.2409887
1500081328635,-6.7261286,-3.9016335,4.3995104
1500081328699,-7.6069884,-7.089962,2.0058703
1500081328763,-7.2910275,-6.027186,3.020774
1500081328827,-6.869747,-5.232497,2.5228968
1500081328890,-7.4729443,-6.563361,2.905879
1500081328954,-7.3867736,-6.3622956,2.2739582
1500081329018,-6.8793216,-5.4431376,2.88673
1500081329082,-7.4059224,-6.027186,2.9346027
1500081329146,-7.4442205,-6.5537868,2.015445
1500081329210,-6.8410234,-5.567607,3.020774
1500081329274,-7.3867736,-5.806971,3.1069448
1500081329337,-7.434646,-6.017611,2.360129
1500081329401,-6.9463434,-6.017611,2.905879
1500081329466,-7.35805,-5.739949,3.059072
1500081329529,-7.2718787,-5.38569,2.6952388
1500081329593,-7.176133,-6.5729356,2.4558747
1500081329657,-7.3006024,-5.739949,3.231414
1500081329721,-7.2240057,-5.2899446,2.580344
1500081329785,-7.2144313,-6.5059137,2.5324712
1500081329848,-7.3006024,-5.8835673,3.2218397
1500081329912,-7.2527294,-4.96441,2.580344
1500081329976,-7.243155,-6.5059137,2.7048132
1500081330040,-7.348475,-6.027186,2.88673
1500081330104,-7.1474094,-5.0601554,2.6186423
1500081330168,-7.310177,-6.2091026,3.0303483
1500081330232,-7.4250717,-6.1420803,2.714388
1500081330295,-7.137835,-5.108028,2.8292825
1500081330360,-7.3006024,-6.1899533,2.800559
1500081330423,-7.434646,-6.2091026,2.5994933
1500081330487,-7.1474094,-5.261221,2.819708
1500081330551,-7.348475,-6.1420803,2.5994933
1500081330615,-7.396348,-6.2091026,2.561195
1500081330679,-7.243155,-5.5580325,2.714388
1500081330743,-7.2527294,-6.1229315,2.733537
1500081330806,-7.3389006,-5.988888,2.8771553
1500081330870,-7.281453,-5.3378177,2.4367256
1500081330934,-7.204857,-6.2474008,2.6952388
1500081330998,-7.4059224,-5.912291,3.2888615
1500081331062,-7.1857076,-4.9835587,2.6569405
1500081331126,-7.2718787,-6.256975,2.9920502
1500081331190,-7.35805,-5.739949,3.2984362
1500081331253,-7.0612383,-4.954835,3.0494976
1500081331317,-7.2910275,-6.113357,3.1548176
1500081331381,-7.281453,-5.787822,3.2888615
1500081331445,-7.137835,-5.2420716,2.905879
1500081331509,-7.2910275,-6.103782,2.9346027
1500081331573,-7.2527294,-5.634629,3.4803526
1500081331637,-7.348475,-5.2899446,2.5899186
1500081331700,-7.2910275,-6.3431463,2.9154537
1500081331764,-7.2910275,-5.8165455,3.3080106
1500081331829,-7.2623043,-4.926111,2.7239625
1500081331893,-7.2527294,-6.1420803,3.1548176
1500081331957,-7.4154973,-5.9314404,3.193116
1500081332021,-7.1474094,-4.7920675,2.9441774
1500081332084,-7.3197513,-6.103782,3.1356685
1500081332148,-7.4154973,-5.960164,3.0111992
1500081332212,-7.1474094,-5.108028,3.078221
1500081332276,-7.329326,-5.8644185,3.1452432
1500081332339,-7.3771987,-6.132506,3.078221
1500081332403,-7.156984,-5.088879,2.9920502
1500081332467,-7.348475,-5.82612,3.1643922
1500081332531,-7.4537954,-6.0367603,2.9250283
