1500077442154,-4.150572,-7.310177,-5.28037
1500077442218,-4.495256,-7.5974135,-5.3952646
1500077442282,-4.342063,-6.984642,-5.1271772
1500077442346,-4.351638,-6.8122997,-4.696322
1500077442410,-4.456958,-7.1474094,-5.021857
1500077442473,-4.5718527,-7.0612383,-5.002708
1500077442537,-4.6388745,-7.195282,-5.0314317
1500077442601,-4.428234,-7.1091113,-4.935686
1500077442664,-4.5239797,-7.2335806,-5.0505805
1500077442728,-4.6388745,-7.5399666,-5.3952646
1500077442792,-4.4473834,-6.984642,-5.021857
1500077442855,-4.5144053,-6.9271946,-5.146326
1500077442919,-4.476107,-7.051664,-5.1271772
1500077442983,-4.495256,-6.9463434,-5.1846247
1500077443047,-4.5335546,-6.9654927,-5.194199
1500077443110,-4.5527034,-7.003791,-5.2133484
1500077443174,-4.5527034,-7.0325146,-5.28037
1500077443238,-4.5622783,-7.0133657,-5.261221
1500077443301,-4.5527034,-7.0803876,-5.2516465
1500077443365,-4.543129,-6.9463434,-5.328243
1500077443429,-4.581427,-7.042089,-5.2516465
1500077443493,-4.5622783,-7.176133,-5.261221
1500077443556,-4.648449,-7.0803876,-5.347392
1500077443620,-4.198445,-7.2240057,-4.4856815
1500077443684,-4.4473834,-7.616563,-4.7920675
1500077443748,-4.495256,-6.898471,-4.8207912
1500077443811,-4.5910015,-6.975067,-5.0505805
1500077443875,-4.658024,-7.281453,-5.079304
1500077443939,-4.619725,-7.089962,-4.926111
1500077444002,-4.5335546,-7.195282,-5.0122824
1500077444066,-4.5335546,-7.348475,-5.222923
1500077444130,-4.5910015,-7.1474094,-5.06973
1500077444194,-4.5335546,-7.0612383,-4.916537
1500077444257,-4.3612123,-7.2718787,-4.887813
1500077444321,-4.4856815,-7.434646,-5.079304
1500077444385,-4.5622783,-7.0803876,-5.1654754
1500077444448,-4.504831,-7.0612383,-4.954835
1500077444512,-4.5622783,-7.089962,-4.9835587
1500077444576,-4.5910015,-7.1857076,-5.06973
1500077444640,-4.4856815,-7.02294,-5.0314317
1500077444703,-4.5622783,-7.2335806,-5.1846247
1500077444767,-4.610151,-7.042089,-5.155901
1500077444831,-4.6388745,-6.9271946,-5.1367517
1500077444895,-4.610151,-6.9942164,-5.0314317
1500077444958,-4.619725,-7.042089,-5.1846247
1500077445022,-4.610151,-7.12826,-5.041006
1500077445086,-4.6675982,-7.0708127,-5.1271772
1500077445149,-4.6388745,-7.042089,-5.0984535
1500077445213,-4.658024,-6.9654927,-5.108028
1500077445277,-4.658024,-7.003791,-5.146326
1500077445340,-4.6771727,-7.0325146,-5.1271772
1500077445404,-4.6771727,-7.02294,-5.1271772
1500077445468,-4.696322,-6.975067,-5.17505
1500077445532,-4.7058964,-6.9654927,-5.1271772
1500077445595,-4.772918,-7.0133657,-5.1271772
1500077445659,-4.504831,-7.0803876,-5.108028
1500077445723,-4.6005764,-6.9176197,-4.8782387
1500077445787,-4.8207912,-7.2910275,-5.462287
1500077445850,-4.648449,-6.7548523,-5.1654754
1500077445914,-4.658024,-6.716554,-5.2420716
1500077445978,-4.6293,-6.9080453,-5.1846247
1500077446041,-4.6867476,-7.003791,-5.2707953
1500077446105,-4.7250457,-6.9080453,-5.376116
1500077446169,-4.6771727,-6.9654927,-5.2037735
1500077446233,-4.7537694,-6.9463434,-5.146326
1500077446296,-4.4090853,-7.56869,-5.021857
1500077446360,-4.437809,-7.4537954,-4.7537694
1500077446424,-4.428234,-7.1474094,-4.4856815
1500077446487,-4.5239797,-7.4537954,-4.6771727
1500077446551,-4.6005764,-7.12826,-4.8207912
1500077446615,-4.5144053,-7.243155,-5.021857
1500077446679,-4.581427,-7.1665583,-5.0601554
1500077446742,-4.696322,-7.02294,-5.28037
1500077446806,-4.619725,-7.003791,-5.021857
1500077446870,-4.715471,-6.9559183,-5.0984535
1500077446933,-4.658024,-7.2910275,-4.954835
1500077446997,-4.456958,-7.176133,-4.8782387
1500077447061,-4.5144053,-7.56869,-5.002708
1500077447125,-4.648449,-7.0133657,-5.2420716
1500077447188,-4.543129,-6.9271946,-4.8590894
1500077447252,-4.610151,-7.0708127,-5.041006
1500077447316,-4.5718527,-7.1091113,-5.146326
1500077447379,-4.6005764,-7.0708127,-5.0314317
1500077447444,-4.610151,-7.1665583,-5.146326
1500077447507,-4.6005764,-7.0708127,-5.0984535
1500077447570,-4.5527034,-6.9559183,-5.06973
1500077447634,-4.5527034,-7.1665583,-5.0122824
1500077447698,-4.619725,-7.1857076,-5.0314317
1500077447762,-4.5910015,-7.1474094,-5.041006
1500077447825,-4.610151,-7.0612383,-5.021857
1500077447889,-4.610151,-7.137835,-5.002708
1500077447953,-4.5527034,-7.0995364,-5.0122824
1500077448017,-4.581427,-7.2144313,-5.0314317
1500077448080,-4.6005764,-7.12826,-4.993133
1500077448144,-4.619725,-7.137835,-5.041006
1500077448208,-4.5910015,-7.089962,-4.993133
1500077448271,-4.658024,-7.0708127,-5.088879
1500077448335,-4.6005764,-7.2335806,-5.222923
1500077448399,-4.7250457,-7.35805,-5.1367517
1500077448463,-4.3612123,-7.02294,-3.9782298
1500077448526,-4.284616,-8.00912,-4.150572
1500077448590,-4.3995104,-7.635712,-4.2558923
1500077448654,-4.5239797,-7.482519,-4.476107
1500077448717,-4.476107,-7.4059224,-4.476107
1500077448781,-4.658024,-7.348475,-5.0984535
1500077448845,-4.466532,-7.1474094,-4.8590894
1500077448909,-4.5527034,-7.2335806,-5.002708
1500077448972,-4.5335546,-7.3389006,-4.7920675
1500077449036,-4.5718527,-7.348475,-4.8590894
1500077449100,-4.5144053,-7.3676243,-4.8590894
1500077449163,-4.5527034,-7.1665583,-4.8782387
1500077449227,-4.581427,-7.0803876,-5.088879
1500077449291,-4.619725,-7.396348,-4.954835
1500077449355,-4.2941904,-7.5974135,-3.7292912
1500077449418,-4.504831,-7.4154973,-4.466532
1500077449482,-4.6005764,-7.7793303,-4.648449
1500077449546,-4.619725,-7.1474094,-4.5910015
1500077449609,-4.543129,-7.3771987,-4.5718527
1500077449673,-4.610151,-7.1665583,-4.73462
1500077449737,-4.543129,-7.4059224,-4.6675982
1500077449801,-4.581427,-7.4250717,-4.7250457
1500077449864,-4.5910015,-7.3771987,-4.6867476
1500077449928,-4.648449,-7.243155,-4.763344
1500077449992,-4.5718527,-7.2527294,-4.7058964
1500077450055,-4.610151,-7.3676243,-4.763344
1500077450119,-4.6005764,-7.4250717,-4.9452605
1500077450183,-4.6293,-7.1665583,-4.6771727
1500077450247,-4.4090853,-7.35805,-4.916537
1500077450310,-4.3707867,-7.4729443,-4.6293
1500077450374,-4.543129,-7.3867736,-5.002708
1500077450438,-4.504831,-7.1665583,-4.811217
1500077450502,-4.5239797,-7.2335806,-4.935686
1500077450565,-4.495256,-7.329326,-4.849515
1500077450629,-4.5144053,-7.2910275,-4.926111
1500077450693,-4.456958,-7.243155,-4.9452605
1500077450756,-4.504831,-7.195282,-4.8590894
1500077450820,-4.466532,-7.329326,-4.868664
1500077450884,-4.610151,-7.195282,-4.926111
1500077450948,-4.6005764,-7.1665583,-4.8782387
1500077451011,-4.5718527,-7.2240057,-4.8782387
1500077451075,-4.581427,-7.2335806,-4.916537
1500077451139,-4.648449,-7.2527294,-4.916537
1500077451202,-4.6005764,-7.2335806,-4.73462
1500077451266,-4.5335546,-7.2718787,-4.868664
1500077451330,-4.5527034,-7.348475,-4.696322
1500077451394,-4.5144053,-7.4250717,-4.811217
1500077451457,-4.4856815,-7.329326,-4.763344
1500077451521,-4.581427,-7.2144313,-4.6867476
1500077451585,-4.610151,-7.310177,-4.715471
1500077451648,-4.658024,-7.2335806,-4.782493
1500077451712,-4.6771727,-7.3197513,-4.763344
1500077451776,-4.696322,-7.281453,-4.801642
1500077451840,-4.619725,-7.329326,-4.715471
1500077451903,-4.5335546,-7.2144313,-4.581427
1500077451967,-4.4856815,-7.3676243,-4.6675982
1500077452031,-4.504831,-7.396348,-4.7058964
1500077452095,-4.5144053,-7.3676243,-4.715471
1500077452158,-4.6005764,-7.204857,-4.6867476
1500077452222,-4.6867476,-7.2335806,-4.868664
1500077452286,-4.6675982,-7.310177,-4.96441
1500077452350,-4.504831,-7.35805,-4.887813
1500077452413,-4.5144053,-7.329326,-4.8782387
1500077452486,-4.5144053,-7.3006024,-4.772918
1500077452541,-4.504831,-7.2527294,-4.8303657
1500077452604,-4.543129,-7.2144313,-4.83994
1500077452668,-4.610151,-7.2240057,-4.8590894
1500077452732,-4.648449,-7.204857,-4.7920675
1500077452796,-4.619725,-7.329326,-4.811217
1500077452859,-4.581427,-7.3197513,-4.801642
1500077452923,-4.504831,-7.2718787,-4.772918
1500077452987,-4.4473834,-7.2910275,-4.782493
1500077453050,-4.437809,-7.3006024,-4.763344
1500077453114,-4.5335546,-7.310177,-4.811217
1500077453178,-4.5718527,-7.329326,-4.868664
1500077453242,-4.5527034,-7.3389006,-4.8590894
1500077453305,-4.5335546,-7.348475,-4.8207912
1500077453369,-4.456958,-7.35805,-4.811217
1500077453441,-4.428234,-7.329326,-4.8207912
1500077453496,-4.4186597,-7.3389006,-4.772918
1500077453560,-4.466532,-7.3771987,-4.801642
1500077453624,-4.4856815,-7.396348,-4.782493
1500077453688,-4.4856815,-7.3771987,-4.782493
1500077453751,-4.466532,-7.35805,-4.801642
1500077453815,-4.4186597,-7.3389006,-4.782493
1500077453879,-4.437809,-7.3676243,-4.782493
1500077453942,-4.3995104,-7.4442205,-4.801642
1500077454006,-4.342063,-7.4154973,-4.7058964
1500077454070,-4.351638,-7.4154973,-4.715471
1500077454134,-4.3803616,-7.3771987,-4.7537694
1500077454197,-4.4186597,-7.3771987,-4.7537694
1500077454261,-4.428234,-7.3676243,-4.7920675
1500077454325,-4.437809,-7.3867736,-4.7920675
1500077454388,-4.4090853,-7.434646,-4.811217
1500077454452,-4.3707867,-7.434646,-4.7537694
1500077454516,-4.389936,-7.4154973,-4.7920675
1500077454580,-4.3133397,-7.549541,-4.7058964
1500077454643,-4.1888704,-7.702734,-4.715471
1500077454707,-4.322914,-7.4537954,-4.782493
1500077454771,-4.495256,-7.12826,-4.782493
1500077454835,-4.581427,-6.9463434,-4.926111
1500077454899,-4.4856815,-6.9463434,-5.155901
1500077454962,-4.3324885,-7.1665583,-5.2133484
1500077455026,-4.169721,-7.56869,-5.17505
1500077455090,-3.7005677,-7.741032,-4.801642
1500077455154,-3.6143966,-7.511243,-4.715471
1500077455217,-3.5952475,-7.2144313,-4.811217
1500077455281,-3.346309,-6.9942164,-4.9069624
1500077455344,-3.126094,-7.042089,-4.9739842
1500077455408,-2.6377914,-7.3771987,-5.1367517
1500077455472,-2.2643836,-7.9325233,-5.845269
1500077455535,-1.9771467,-8.095291,-5.7686725
1500077455599,-0.9622433,-8.909128,-5.8548436
1500077455663,-0.00478728,-8.593168,-5.7112255
1500077455726,0.54096264,-8.143164,-5.7303743
1500077455790,0.19627848,-7.664436,-4.9069624
1500077455854,-0.22500217,-8.55487,-5.2516465
1500077455918,-0.19627848,-8.736787,-5.1367517
1500077455981,0.359046,-9.129343,-5.1367517
1500077456045,1.9388485,-8.746361,-5.529309
1500077456109,0.90479594,-8.755936,-5.309094
1500077456173,0.7324539,-9.426155,-6.5825105
1500077456236,0.8760723,-9.359133,-6.898471
1500077456300,1.0771381,-8.258059,-6.1229315
1500077456364,0.46436617,-8.028269,-6.4005938
1500077456427,-0.11968201,-7.894225,-6.6495323
1500077456491,-0.5792609,-7.2335806,-6.5729356
1500077456555,-1.0675635,-7.7123084,-6.869747
1500077456619,-2.0058703,-6.9654927,-6.9654927
1500077456682,-1.9196993,-7.35805,-4.8782387
1500077456746,-2.6090677,-7.9803963,-4.648449
1500077456810,-4.849515,-9.148493,-4.303765
1500077456873,-5.634629,-7.4154973,-6.0750585
1500077456937,-5.644203,-6.563361,-5.2037735
1500077457001,-5.644203,-6.304848,-4.2654667
1500077457065,-5.06973,-7.3676243,-3.9495063
1500077457128,-5.366541,-5.988888,-3.231414
1500077457192,-6.065484,-5.4048395,-2.0824668
1500077457256,-6.1420803,-5.806971,-1.9101248
1500077457320,-6.218677,-5.4431376,-2.1207652
1500077457383,-6.678256,-5.088879,-0.93351966
1500077457447,-8.171887,-6.2761245,-1.7665064
1500077457512,-8.334655,-5.299519,-2.7239625
1500077457575,-7.9803963,-5.155901,-2.2165108
1500077457639,-8.200611,-5.481436,-2.3026817
1500077457702,-7.8655014,-4.8973875,-2.9920502
1500077457766,-7.769756,-5.1271772,-2.7431116
1500077457829,-7.999545,-4.83994,-2.6282167
1500077457893,-8.056993,-5.088879,-2.7622607
1500077457957,-8.124015,-4.696322,-2.8963046
1500077458020,-8.028269,-4.916537,-2.733537
1500077458084,-8.076141,-5.06973,-2.867581
1500077458148,-8.085716,-4.9835587,-2.7048132
1500077458212,-7.875076,-4.926111,-2.4845984
1500077458275,-7.961247,-4.801642,-2.647366
1500077458339,-7.875076,-4.6867476,-2.427151
1500077458403,-7.894225,-5.06973,-2.8484318
1500077458467,-7.894225,-5.0505805,-2.5899186
1500077458530,-8.056993,-4.993133,-3.1835413
1500077458594,-7.9708214,-4.801642,-3.1356685
1500077458658,-7.9708214,-4.610151,-3.3175852
1500077458721,-7.9133744,-4.868664,-2.88673
1500077458785,-7.875076,-4.916537,-2.5707695
1500077458849,-7.922949,-4.926111,-2.9154537
1500077458912,-8.056993,-4.83994,-3.059072
1500077458976,-7.961247,-5.0122824,-3.0877957
1500077459040,-7.9037995,-4.8973875,-2.8484318
1500077459104,-7.9133744,-5.0122824,-2.8963046
1500077459168,-8.124015,-4.887813,-2.9346027
1500077459231,-7.922949,-4.926111,-2.513322
1500077459295,-7.587839,-5.481436,-1.7665064
1500077459359,-7.8846507,-5.309094,-2.2452345
1500077459422,-7.7314577,-5.261221,-1.929274
1500077459486,-7.846352,-5.500585,-2.2356598
1500077459550,-7.9133744,-5.433563,-2.427151
1500077459613,-7.9037995,-5.2420716,-2.3984275
1500077459677,-7.846352,-5.021857,-2.254809
1500077459741,-7.9037995,-5.328243,-2.427151
1500077459805,-7.8176284,-5.38569,-2.6090677
1500077459868,-7.769756,-5.261221,-2.5899186
1500077459933,-7.808054,-5.1654754,-2.4558747
1500077459996,-7.9516726,-5.2899446,-2.7909844
1500077460059,-7.7793303,-5.146326,-2.4463003
1500077460124,-7.8846507,-5.2707953,-2.7718353
1500077460187,-7.8655014,-4.849515,-2.752686
1500077460251,-7.9037995,-5.0505805,-2.8580062
1500077460315,-7.7984796,-5.3186684,-2.1782124
1500077460378,-7.8176284,-5.299519,-2.4654493
1500077460442,-7.8367777,-5.462287,-2.8292825
1500077460505,-7.7793303,-5.002708,-2.580344
1500077460569,-7.894225,-5.2037735,-2.561195
1500077460633,-7.9708214,-5.2707953,-2.5899186
1500077460697,-7.875076,-5.28037,-2.475024
1500077460760,-7.7601814,-5.1367517,-2.3984275
1500077460824,-7.769756,-5.2707953,-2.4175766
1500077460888,-7.7984796,-5.3952646,-2.408002
1500077460951,-7.846352,-5.3186684,-2.3792782
1500077461015,-7.7984796,-5.2899446,-2.34098
1500077461079,-7.7984796,-5.2420716,-2.494173
1500077461143,-7.7601814,-5.261221,-2.580344
1500077461206,-7.721883,-5.222923,-2.34098
1500077461270,-7.9037995,-5.3378177,-2.3792782
1500077461334,-7.9899707,-5.376116,-2.3888528
1500077461397,-7.8655014,-5.38569,-2.475024
1500077461461,-7.7984796,-5.366541,-2.034594
1500077461525,-7.8367777,-5.3186684,-2.5420458
1500077461589,-7.7984796,-4.96441,-2.3792782
1500077461652,-7.8655014,-5.5484576,-2.254809
1500077461716,-7.8655014,-5.4048395,-2.3984275
1500077461780,-7.7984796,-5.299519,-2.2931073
1500077461843,-7.7601814,-5.28037,-2.3697038
1500077461907,-7.769756,-5.3186684,-2.3888528
1500077461971,-7.8655014,-5.232497,-2.6186423
1500077462035,-7.7793303,-5.433563,-2.475024
1500077462098,-7.6452866,-5.299519,-2.3888528
1500077462162,-7.7984796,-5.309094,-2.513322
1500077462226,-7.8655014,-5.38569,-2.5994933
1500077462290,-7.7793303,-5.2516465,-2.561195
1500077462353,-7.693159,-5.2707953,-2.819708
1500077462417,-7.7793303,-5.3186684,-2.475024
1500077462481,-7.9037995,-5.261221,-2.647366
1500077462544,-7.3197513,-5.49101,-2.321831
1500077462608,-7.654861,-6.027186,-2.7909844
1500077462673,-7.5782647,-5.586756,-2.800559
1500077462736,-7.7123084,-5.519734,-2.4558747
1500077462800,-7.549541,-5.3378177,-2.513322
1500077462863,-7.6452866,-5.6250544,-2.6569405
1500077462927,-7.635712,-5.1846247,-2.5707695
1500077462990,-7.7506065,-5.2133484,-2.7814097
1500077463054,-7.8272033,-5.2037735,-2.8963046
1500077463118,-7.6740103,-5.155901,-2.8388572
1500077463182,-7.5399666,-4.935686,-2.8963046
1500077463246,-7.5974135,-4.8207912,-2.972901
1500077463310,-7.788905,-4.476107,-4.1601467
1500077463373,-7.2144313,-5.0314317,-3.7101421
1500077463445,-7.9037995,-4.0356774,-5.3569665
1500077463500,-7.137835,-5.6633525,-4.495256
1500077463564,-7.3867736,-4.1122737,-4.9452605
1500077463628,-6.821874,-4.284616,-4.811217
1500077463691,-6.6495323,-4.658024,-4.763344
1500077463755,-6.5346375,-4.2271686,-4.7250457
1500077463819,-6.1995277,-3.8824842,-5.7303743
1500077463882,-5.9314404,-3.9878044,-5.4718614
1500077463946,-5.1654754,-3.6239712,-5.8548436
1500077464010,-3.451629,-3.6431203,-5.4048395
1500077464074,-2.2260852,-2.6856642,-7.0708127
1500077464137,-1.1537346,-3.758015,-6.898471
1500077464201,0.22500217,-4.3612123,-8.4686985
1500077464265,1.5271424,-4.6293,-9.75169
1500077464329,2.9920502,-5.481436,-7.46337
1500077464392,4.303765,-5.462287,-6.0846334
1500077464456,7.2527294,-5.672927,-7.3197513
1500077464520,9.598496,-6.304848,-6.304848
1500077464583,9.320834,-5.82612,-4.993133
1500077464647,9.780414,-4.0931244,-5.376116
1500077464711,10.2016945,-4.1888704,-3.8729098
1500077464775,9.320834,-4.2463174,-3.173967
1500077464838,9.531475,-4.7058964,-3.604822
1500077464902,9.502751,-3.9590807,-3.9590807
1500077464966,9.435729,-4.6293,-2.1303396
1500077465029,8.918703,-4.0069537,-1.4601204
1500077465093,8.784659,-4.763344,-1.3452257
1500077465157,8.727212,-4.6293,0.17712937
1500077465221,8.277207,-4.5622783,0.6845811
1500077465284,7.7601814,-4.0931244,0.9718179
1500077465348,7.769756,-3.3750327,-0.081383765
1500077465412,9.933606,-3.3271596,-2.3314054
1500077465475,10.335738,-3.078221,2.2739582
1500077465539,9.742115,-3.1452432,2.5037475
1500077465603,10.747444,-2.5037475,2.9346027
1500077465667,11.637878,-2.2069361,2.2452345
1500077465730,11.4272375,-2.5420458,0.751603
1500077465794,10.153821,-2.408002,-0.2920241
1500077465858,9.339984,-2.8101335,-1.5079932
1500077465921,9.225089,-1.8526775,-3.4324799
1500077465985,11.551707,-4.4473834,0.44521707
1500077466049,9.071896,-5.682502,1.622888
1500077466113,6.2091026,-6.4676156,0.56011176
1500077466176,6.103782,-5.5484576,0.2441513
1500077466240,7.2144313,-5.088879,-1.4313968
1500077466304,7.4920936,-5.941015,-3.2888615
1500077466367,7.922949,-5.108028,-3.1548176
1500077466431,10.077225,-4.648449,-4.9739842
1500077466495,11.714475,-0.3877697,-0.77075213
1500077466559,10.249567,1.3356512,-0.11968201
1500077466622,8.34423,-1.6994845,-2.0441687
1500077466686,7.1474094,-2.015445,-1.6707608
1500077466750,7.1665583,-3.4229054,0.36862057
1500077466813,7.6261373,-4.811217,0.59841
1500077466877,10.048501,-6.438892,0.7420284
1500077466941,14.251733,-7.855927,0.46436617
1500077467005,13.552791,-5.692076,0.512239
1500077467068,8.612317,-4.3995104,0.36862057
1500077467132,6.6495323,-4.045252,-1.2877784
1500077467196,7.2240057,-5.2516465,-1.1633091
1500077467260,7.501668,-3.5760984,-0.3111732
1500077467323,9.847435,-3.604822,0.20585304
1500077467387,11.28362,-3.078221,1.0292653
1500077467451,10.910212,-2.2835326,-0.16755481
1500077467514,9.809137,-2.3026817,0.16755481
1500077467578,10.058076,-1.948423,-0.36862057
1500077467642,8.076141,-2.5994933,-1.6994845
1500077467706,9.004874,-2.9250283,-1.2973529
1500077467770,11.532558,-3.6431203,-0.12925656
1500077467834,12.681505,-4.131423,0.6845811
1500077467897,12.595334,-7.003791,-0.20585304
1500077467960,10.642124,-6.0846334,-0.6271337
1500077468024,13.457045,-3.499502,-0.36862057
1500077468088,12.35597,-1.9005502,-0.8952214
1500077468152,10.986808,-0.47394073,-0.4356425
1500077468215,14.452799,-0.6750065,-1.4313968
1500077468279,14.404926,-0.6750065,-2.733537
1500077468343,11.274045,0.4835153,-1.6899099
1500077468407,7.3676243,-0.39734426,-0.49308985
1500077468470,5.3952646,-2.7718353,0.14840569
1500077468534,6.525063,-0.45479164,-0.4356425
1500077468598,7.741032,-1.3930986,0.5505372
1500077468661,10.871913,-2.1303396,0.98139244
1500077468725,13.753856,-5.998462,0.8760723
1500077468789,14.127264,-7.7793303,1.6611862
1500077468852,13.619812,-5.7303743,2.5228968
1500077468916,11.877242,-4.437809,1.6133134
1500077468980,11.637878,-3.4037561,-0.4835153
1500077469044,10.527229,-2.3792782,-0.6845811
1500077469107,9.770839,-1.3165021,-0.91437054
1500077469171,11.905966,-0.98139244,-2.2165108
1500077469235,11.915541,-0.4356425,-2.360129
1500077469299,12.001712,0.5218136,-1.9101248
1500077469362,9.675094,-0.03351096,-1.1250108
1500077469426,5.2420716,-2.101616,-0.6079846
1500077469490,8.459125,-1.7282082,0.42606795
1500077469553,9.18679,-0.8952214,0.7994758
1500077469617,10.259142,0.05266008,-0.2920241
1500077469681,15.218764,-2.5994933,-0.043085523
1500077469745,14.337904,-6.3622956,0.71330476
1500077469808,13.323001,-4.610151,2.5324712
1500077469872,12.805975,-4.5718527,2.3697038
1500077469936,10.479357,-3.0303483,0.6558574
1500077469999,12.7964,-2.666515,-0.3111732
1500077470063,11.580431,-1.3069274,-0.5888355
1500077470127,11.015532,-0.11968201,-1.1250108
1500077470191,11.111278,-0.359046,-1.622888
1500077470254,11.896391,1.3930986,-2.7239625
1500077470318,9.96233,3.0303483,-1.383524
1500077470382,8.411251,0.6845811,-0.3398969
1500077470446,11.034681,0.110107444,1.0388398
1500077470509,10.891063,-0.3398969,-0.12925656
1500077470573,9.7899885,-1.5462915,-0.36862057
1500077470637,12.011286,-3.212265,1.14416
1500077470700,14.088965,-6.3431463,4.476107
1500077470764,11.944264,-6.783576,4.9069624
1500077470828,13.495343,-5.0505805,1.2590547
1500077470892,12.288948,-3.2026904,-0.8473486
1500077470955,14.596417,-2.3314054,-1.5845897
1500077471019,11.685751,-2.2069361,-2.2835326
1500077471083,11.810221,-1.3739494,-2.9346027
1500077471146,12.681505,-1.8814012,-4.045252
1500077471210,11.858093,1.2207564,-3.8154624
1500077471274,8.258059,2.9537518,-1.6133134
1500077471338,7.195282,1.7186337,-0.7228793
1500077471401,9.177217,-0.10053288,0.3877697
1500077471465,13.4666195,-0.45479164,0.8760723
1500077471529,14.605992,-2.5324712,0.64628285
1500077471592,13.696408,-5.500585,1.9675722
1500077471656,11.331492,-6.869747,3.4229054
1500077471720,9.904882,-6.8601727,1.7282082
1500077471784,10.938935,-5.529309,0.34947145
1500077471847,12.145329,-4.5144053,-0.7324539
1500077471911,15.659194,-4.3995104,-7.8176284
1500077471975,13.648536,-2.7239625,-11.168725
1500077472038,13.514492,-4.2175937,-6.9080453
1500077472102,12.748528,-3.039923,-2.9346027
1500077472166,10.632549,-2.6282167,-1.3069274
1500077472230,9.780414,-1.929274,4.5910015
1500077472293,6.9654927,-0.85692316,7.7601814
1500077472357,5.806971,-7.089962,2.88673
1500077472421,3.5282254,-8.229335,1.2782038
1500077472485,3.8537605,-8.028269,3.2984362
1500077472548,5.0601554,-10.06765,1.929274
1500077472612,3.1069448,-8.822957,0.2920241
1500077472676,2.1590633,-8.746361,-0.16755481
1500077472739,1.6420372,-10.326163,-1.4313968
1500077472803,1.0771381,-9.703817,-1.2111819
1500077472867,0.5792609,-10.364462,-1.0771381
1500077472930,0.61755913,-11.226172,-1.0196906
1500077472994,1.2973529,-9.7899885,0.50266445
1500077473058,2.972901,-11.293194,2.0250196
1500077473122,2.8292825,-8.55487,4.1601467
1500077473185,1.5750152,-5.462287,3.5378
1500077473249,3.5569491,-5.108028,4.0931244
1500077473313,6.103782,-5.8644185,5.7495236
1500077473377,7.7123084,-6.6016593,6.0463347
1500077473449,5.3569665,-5.433563,6.1229315
1500077473504,5.1846247,-5.06973,7.0995364
1500077473568,5.797396,-5.366541,6.936769
1500077473631,5.6633525,-4.7537694,7.02294
1500077473695,5.3186684,-4.1026993,7.35805
1500077473759,6.486765,-4.4090853,6.936769
1500077473823,7.654861,-4.801642,7.4442205
1500077473886,6.630383,-4.9069624,5.414414
1500077473950,5.222923,-5.82612,3.4324799
1500077474014,3.5378,-5.261221,3.0016246
1500077474077,3.365458,-6.563361,3.1069448
1500077474141,3.7963133,-8.832532,3.1069448
1500077474205,4.887813,-10.498506,2.580344
1500077474269,4.0739756,-9.799562,1.6420372
1500077474332,3.2218397,-8.794233,1.4888442
1500077474396,5.1176023,-8.7750845,0.8186249
1500077474460,7.4250717,-8.746361,0.23457673
1500077474523,5.2516465,-7.501668,-2.7048132
1500077474587,3.9878044,-8.277207,-2.6377914
1500077474651,4.504831,-9.62722,-1.2590547
1500077474715,2.752686,-7.8846507,0.42606795
1500077474778,1.9962958,-11.628304,2.972901
1500077474842,2.1303396,-11.15915,-3.2697124
1500077474906,2.0633178,-9.579348,1.6324625
1500077474969,2.5037475,-7.9325233,3.0973704
1500077475033,2.5037475,-9.828286,3.3175852
1500077475097,1.7569319,-8.6697645,3.690993
1500077475161,1.622888,-9.177217,3.844186
1500077475233,1.2782038,-8.947427,4.2558923
1500077475288,1.3739494,-8.411251,4.935686
1500077475352,1.3165021,-8.526146,5.002708
1500077475415,1.3739494,-8.506997,4.887813
1500077475479,1.5079932,-8.277207,5.021857
1500077475543,1.6707608,-8.497422,4.763344
1500077475607,1.709059,-8.4686985,4.7920675
1500077475670,1.9196993,-8.305931,4.7920675
1500077475734,1.9101248,-8.564445,4.4473834
1500077475798,2.1111906,-8.34423,4.6293
1500077475862,2.1590633,-8.401677,4.504831
1500077475925,2.2931073,-8.6697645,4.284616
1500077475989,2.7431116,-8.870831,3.758015
1500077476053,3.5378,-9.41658,2.5707695
1500077476116,3.6335456,-8.813383,0.8760723
1500077476180,3.911208,-10.6134,0.6079846
1500077476244,3.8920588,-10.460207,2.6856642
1500077476308,5.538883,-12.0400095,1.4505459
1500077476371,7.9899707,-6.4005938,4.275041
1500077476435,2.254809,-10.144247,2.733537
1500077476499,-0.27287498,-5.6250544,1.3548003
1500077476562,-0.11968201,-8.018694,-0.6845811
1500077476626,1.4313968,-10.622974,0.4356425
1500077476691,3.8824842,-9.924032,4.2558923
1500077476754,4.198445,-10.163396,5.4431376
1500077476818,0.8186249,-10.680422,0.05266008
1500077476881,-0.014361841,-9.933606,0.46436617
1500077476945,-0.2154276,-10.211268,-0.6558574
1500077477008,0.69415563,-8.832532,-0.4356425
1500077477072,1.5845897,-9.071896,2.360129
1500077477136,3.8058877,-11.379365,1.3548003
1500077477200,5.950589,-8.382527,0.49308985
1500077477263,6.6016593,-3.6814184,6.2091026
1500077477327,2.8484318,-5.309094,6.745278
1500077477391,1.2303311,-7.3389006,5.06973
1500077477455,0.22500217,-6.333572,6.7740016
1500077477518,0.40691882,-5.3186684,9.483603
1500077477582,0.56011176,-7.02294,8.095291
1500077477646,2.0441687,-7.855927,7.1091113
1500077477709,3.7197168,-6.7740016,7.2144313
1500077477773,3.690993,-5.041006,6.6878304
1500077477837,3.3558834,-4.1792955,6.898471
1500077477901,3.0016246,-5.108028,6.6878304
1500077477964,2.5707695,-5.4239883,7.2623043
1500077478028,2.6090677,-5.519734,7.5303917
1500077478092,2.6090677,-6.113357,7.56869
1500077478155,2.733537,-6.180379,7.482519
1500077478219,2.7909844,-5.912291,7.2335806
1500077478283,2.9633265,-5.8835673,7.176133
1500077478347,3.078221,-5.8548436,7.1665583
1500077478410,2.972901,-5.8165455,7.2910275
1500077478474,2.5994933,-5.950589,7.2910275
1500077478538,2.2165108,-6.5346375,7.348475
1500077478601,1.9579976,-6.898471,7.089962
1500077478665,1.2016073,-7.4537954,6.4484663
1500077478729,0.92394507,-8.258059,6.3144226
1500077478792,0.70373017,-8.736787,6.1420803
1500077478856,0.8952214,-8.478273,5.912291
1500077478920,0.70373017,-7.5782647,5.452712
1500077478984,0.91437054,-6.333572,5.2133484
1500077479047,0.23457673,-4.8303657,6.6591067
1500077479111,-0.5218136,-5.0601554,6.0750585
1500077479175,0.4356425,-2.905879,9.54105
1500077479239,-0.3877697,-6.6016593,8.650616
1500077479302,-0.78990126,-7.2527294,6.630383
1500077479366,-2.0920415,-8.34423,5.567607
1500077479430,-2.905879,-7.999545,5.0601554
1500077479493,0.14840569,-10.412334,3.604822
1500077479557,6.017611,-14.969825,4.83994
1500077479621,11.254896,-7.3006024,7.2910275
1500077479685,2.3984275,-6.2474008,7.7506065
1500077479748,-2.733537,-5.9027166,6.0559096
1500077479812,-3.1069448,-8.028269,4.4856815
1500077479876,-2.8963046,-8.564445,4.1792955
1500077479939,-3.3367343,-7.4920936,7.137835
1500077480003,-4.121848,-7.7793303,7.721883
1500077480067,-4.0931244,-8.018694,6.486765
1500077480131,-4.1026993,-6.323997,6.0750585
1500077480194,-4.801642,-4.8590894,5.672927
1500077480258,-5.873993,-4.7920675,3.7963133
1500077480322,-6.7069798,-7.2240057,2.0058703
1500077480386,-6.0846334,-7.12826,1.6994845
1500077480449,-5.519734,-5.38569,2.1303396
1500077480513,-5.414414,-4.8973875,2.1111906
1500077480577,-5.835695,-4.0548263,3.212265
1500077480640,-6.6495323,-4.3324885,3.9399316
1500077480704,-6.869747,-4.8207912,4.0739756
1500077480768,-6.831449,-4.9452605,3.9207826
1500077480832,-6.831449,-4.9069624,4.150572
1500077480895,-7.8655014,-4.6293,4.0069537
1500077480959,-8.851681,-4.0261025,3.039923
1500077481023,-8.315506,-2.972901,3.4420545
1500077481086,-7.0708127,-3.212265,4.5622783
1500077481150,-6.9559183,-2.7622607,4.5527034
1500077481214,-8.698488,-5.4718614,1.4505459
1500077481278,-8.2676325,-4.6005764,3.0303483
1500077481341,-6.745278,-4.2558923,2.6856642
1500077481405,-7.003791,-3.3080106,2.2739582
1500077481469,-7.4059224,-3.384607,2.015445
1500077481532,-6.7069798,-5.0984535,0.9526688
1500077481596,-5.4718614,-5.960164,0.14840569
1500077481661,-4.782493,-7.0708127,-0.10053288
1500077481724,-1.8431029,-5.9027166,0.5888355
1500077481789,-0.512239,-9.177217,1.14416
1500077481851,-1.1633091,-11.475111,1.5367169
1500077481915,-3.690993,-10.910212,4.150572
1500077481978,-1.6994845,-15.046422,3.8633351
1500077482042,0.110107444,-13.02619,3.0494976
1500077482106,3.173967,-10.163396,3.3558834
1500077482170,8.363379,-12.145329,5.6633525
1500077482234,10.249567,-11.025106,6.9271946
1500077482297,5.0984535,-11.197449,7.0995364
1500077482362,1.2590547,-10.029352,5.347392
1500077482433,-1.2782038,-10.029352,3.7484405
1500077482488,-2.168638,-8.650616,3.4707782
1500077482552,-4.4186597,-5.9314404,3.1643922
1500077482616,-6.7357035,-5.644203,0.7228793
1500077482679,-7.0995364,-3.1835413,1.5175679
1500077482743,-7.4729443,-1.7856555,2.3984275
1500077482807,-7.243155,-0.8952214,3.4803526
1500077482871,-6.630383,-1.3356512,4.0739756
1500077482934,-6.256975,-1.3643749,6.525063
1500077482998,-7.4729443,-2.3888528,5.653778
1500077483062,-7.7314577,-1.6707608,6.5346375
1500077483125,-7.56869,-1.2303311,6.821874
1500077483189,-7.281453,-2.5420458,4.696322
1500077483253,-6.850598,-0.8856468,5.108028
1500077483317,-7.1186857,0.44521707,4.6005764
1500077483380,-5.7208,2.494173,4.5622783
1500077483444,-4.131423,5.17505,3.8824842
1500077483508,-3.6143966,6.1899533,2.905879
1500077483571,-2.3505547,6.180379,3.1835413
1500077483635,-0.46436617,7.0325146,2.4367256
1500077483699,0.6845811,9.809137,1.0867126
1500077483763,-0.54096264,13.600663,1.1058618
1500077483826,-2.2165108,11.752773,-0.6750065
1500077483890,-3.604822,11.867668,-3.384607
1500077483954,-6.639958,10.919786,-2.972901
1500077484018,-8.9761505,8.200611,-0.47394073
1500077484081,-9.732541,5.653778,2.2643836
1500077484145,-8.6697645,2.0537431,3.9782298
1500077484209,-7.3867736,1.8814012,4.96441
1500077484272,-6.1995277,2.34098,5.9697385
1500077484336,-5.002708,3.1835413,7.243155
1500077484400,-5.4239883,2.494173,5.941015
1500077484464,-4.9739842,4.782493,6.333572
1500077484527,-4.696322,5.222923,6.410168
1500077484591,-4.4856815,4.7441945,6.065484
1500077484655,-4.581427,6.4197426,5.6154795
1500077484719,-4.619725,5.9314404,4.456958
1500077484782,-3.9686553,5.8835673,4.1409974
1500077484846,-2.8101335,6.3144226,3.777164
1500077484910,-1.6994845,6.716554,1.6994845
1500077484973,0.16755481,7.9803963,1.4792696
1500077485037,2.0633178,8.21976,2.4558747
1500077485101,2.6090677,9.004874,4.476107
1500077485165,0.59841,11.944264,1.709059
1500077485228,-0.63670826,12.365545,1.6994845
1500077485292,-4.5718527,8.870831,-0.56968635
1500077485356,-7.6069884,9.483603,-2.34098
1500077485419,-9.914457,5.7016506,0.3111732
1500077485483,-10.594251,5.6633525,3.499502
1500077485547,-9.943181,4.581427,3.9495063
1500077485611,-8.612317,1.2782038,4.4090853
1500077485674,-6.9654927,0.71330476,5.49101
1500077485738,-5.4048395,-0.54096264,6.0750585
1500077485802,-4.3803616,-0.4356425,8.4686985
1500077485866,-5.5101595,-0.14840569,7.9803963
1500077485929,-5.2899446,0.13883112,8.047418
1500077485993,-4.811217,0.512239,8.028269
1500077486057,-6.639958,1.1058618,6.2761245
1500077486120,-4.658024,1.3452257,7.549541
1500077486184,-4.6771727,0.63670826,6.1899533
1500077486248,-3.8058877,3.7867386,6.563361
1500077486312,-3.0016246,3.5665238,5.682502
1500077486375,-2.4175766,3.8920588,4.96441
1500077486439,-0.83777404,5.567607,4.3612123
1500077486503,0.5313881,7.156984,4.495256
1500077486566,0.76117754,7.0612383,4.428234
1500077486630,-0.9718179,8.5740185,4.3707867
1500077486694,-3.5282254,13.169807,3.9782298
1500077486758,-4.2463174,10.354887,2.2165108
1500077486821,-6.7740016,8.765511,-0.05266008
1500077486885,-8.085716,9.531475,0.081383765
1500077486949,-8.928278,5.8165455,-0.023936402
1500077487012,-9.866585,3.8058877,3.0686467
1500077487076,-9.253813,3.3941817,3.6526947
1500077487140,-8.497422,1.9388485,3.451629
1500077487204,-8.315506,1.8048047,3.3941817
1500077487268,-7.6452866,2.34098,4.9835587
1500077487332,-6.821874,2.1782124,5.8548436
1500077487396,-6.515488,3.758015,5.634629
1500077487458,-5.912291,4.8973875,4.5239797
1500077487522,-5.108028,5.7208,4.3612123
1500077487586,-4.782493,7.4920936,3.5665238
1500077487649,-4.658024,7.396348,2.5707695
1500077487713,-4.437809,8.32508,2.2643836
1500077487777,-4.150572,8.947427,0.5792609
1500077487841,-3.7005677,8.909128,0.34947145
1500077487904,-3.518651,8.870831,-0.36862057
1500077487968,-3.1643922,9.837861,0.8856468
1500077488031,-2.7909844,9.675094,0.8856468
1500077488095,-2.666515,9.828286,0.64628285
1500077488159,-1.8526775,8.047418,1.1250108
1500077488223,-1.2686293,7.875076,0.9622433
1500077488271,-1.929274,12.777251,2.6090677
1500077488286,-1.9388485,11.063405,4.1409974
1500077488302,-1.7377827,8.028269,2.475024
1500077488318,-2.015445,9.368708,1.7377827
1500077488334,-1.862252,8.870831,2.0633178
1500077488350,-1.5367169,7.9133744,2.4845984
1500077488366,-1.2686293,7.4729443,2.819708
1500077488382,-1.2303311,7.501668,3.2505634
1500077488398,-1.1537346,7.654861,3.4707782
1500077488414,-0.90479594,7.9708214,3.4803526
1500077488430,-0.50266445,7.922949,3.758015
1500077488446,-0.39734426,7.635712,3.6239712
1500077488462,-0.9430942,7.329326,3.4133308
1500077488477,-1.4409714,6.7069798,3.6335456
1500077488493,-1.3739494,6.8888965,3.4707782
1500077488509,-1.3260766,8.028269,3.2601378
1500077488525,-1.7473572,9.493176,2.9154537
1500077488541,-2.2643836,10.335738,3.3271596
1500077488557,-2.4558747,10.412334,2.8388572
1500077488573,-2.101616,9.5219,2.034594
1500077488589,-1.6707608,8.794233,1.0579889
1500077488605,-1.9579976,8.889979,0.34947145
1500077488621,-2.666515,9.033598,0.45479164
1500077488637,-3.078221,9.579348,0.64628285
1500077488653,-3.193116,10.096374,0.7420284
1500077488669,-3.3080106,9.943181,0.34947145
1500077488685,-3.4420545,9.636795,-0.37819514
1500077488700,-3.384607,9.809137,-0.59841
1500077488716,-3.3175852,10.287866,-0.4164934
1500077488732,-3.193116,11.341067,-0.03351096
1500077488748,-3.3080106,11.398514,-0.5792609
1500077488764,-3.9590807,8.822957,-1.1154363
1500077488780,-5.519734,8.4686985,-0.36862057
1500077488796,-6.678256,10.019777,0.17712937
1500077488812,-6.438892,10.450633,0.8760723
1500077488828,-5.002708,9.454879,1.8718265
1500077488844,-4.3995104,9.052747,1.8909757
1500077488860,-4.9452605,8.11444,1.3260766
1500077488876,-6.4676156,8.047418,-0.10053288
1500077488892,-7.3006024,8.085716,-0.8186249
1500077488908,-6.9559183,8.583593,-0.5792609
1500077488923,-6.6878304,9.20594,0.19627848
1500077488939,-6.7357035,9.272962,0.8473486
1500077488955,-7.3676243,9.244238,0.92394507
1500077488971,-7.7506065,8.545295,0.6271337
1500077488987,-7.769756,7.654861,0.50266445
1500077489003,-7.7314577,7.1857076,0.7420284
1500077489019,-7.7314577,7.042089,1.1633091
1500077489035,-7.855927,7.051664,1.5845897
1500077489051,-7.961247,6.936769,1.862252
1500077489067,-7.8655014,6.783576,2.0920415
1500077489083,-7.654861,6.6495323,2.2931073
1500077489099,-7.6261373,6.5059137,2.4463003
1500077489115,-7.6835847,6.458041,2.6952388
1500077489131,-7.6740103,6.2378263,2.9633265
1500077489146,-7.5303917,5.5580325,3.212265
1500077489163,-7.2527294,4.4186597,3.365458
1500077489179,-6.678256,2.972901,3.212265
1500077489195,-6.7261286,2.3314054,2.9250283
1500077489211,-7.02294,2.5899186,2.905879
1500077489226,-6.9654927,3.0686467,3.4899273
1500077489242,-6.544212,3.911208,4.1792955
1500077489258,-6.0559096,4.3995104,4.801642
1500077489274,-5.8644185,4.2175937,5.2420716
1500077489290,-5.8931417,3.7963133,6.094208
1500077489306,-5.5963306,3.7388659,6.1612296
1500077489322,-5.529309,4.0644007,6.2378263
1500077489338,-5.462287,4.504831,5.672927
1500077489354,-5.433563,4.0356774,4.801642
1500077489370,-5.538883,3.6526947,5.452712
1500077489386,-5.1271772,4.6771727,6.2665496
1500077489401,-4.3707867,5.2899446,6.9080453
1500077489418,-4.236743,5.433563,5.950589
1500077489433,-4.610151,5.519734,4.993133
1500077489449,-4.5910015,5.0314317,4.5144053
1500077489465,-3.758015,4.782493,4.658024
1500077489481,-3.2888615,5.988888,4.2654667
1500077489497,-3.6143966,7.702734,5.2037735
1500077489513,-3.3175852,8.133589,6.1420803
1500077489529,-3.5378,8.66019,5.586756
1500077489545,-3.8537605,8.526146,5.155901
1500077489561,-4.045252,7.7123084,4.169721
1500077489576,-4.351638,7.1186857,3.5090764
1500077489592,-4.811217,6.438892,2.513322
1500077489608,-5.17505,6.7069798,2.2739582
1500077489624,-4.466532,7.6261373,2.9920502
1500077489640,-3.7005677,8.765511,3.5856729
1500077489656,-3.384607,9.177217,3.1643922
1500077489672,-3.5952475,8.621892,2.800559
1500077489688,-4.0931244,9.18679,1.776081
1500077489704,-4.3133397,10.517654,2.1973617
1500077489720,-3.8058877,11.590006,2.4463003
1500077489736,-3.231414,11.647452,2.1111906
1500077489752,-2.88673,10.670848,1.383524
1500077489768,-3.0877957,9.397431,0.8473486
1500077489784,-3.3271596,8.55487,0.91437054
1500077489800,-3.0016246,8.296356,1.9388485
1500077489816,-2.2260852,8.21976,2.8292825
1500077489832,-1.9196993,8.392102,3.346309
1500077489847,-1.9005502,8.286782,3.4037561
1500077489864,-2.2931073,7.6069884,2.4845984
1500077489879,-2.8292825,6.8793216,1.6516117
1500077489895,-3.2601378,7.3389006,1.7186337
1500077489911,-3.5952475,8.870831,2.0920415
1500077489927,-3.758015,9.809137,2.149489
1500077489943,-3.844186,9.62722,1.3356512
1500077489959,-3.8346114,8.6697645,0.28244954
1500077489975,-4.016528,7.808054,0.28244954
1500077489991,-4.1026993,7.741032,1.5175679
1500077490007,-3.8633351,8.851681,1.8526775
1500077490023,-3.2409887,9.071896,2.8101335
1500077490039,-2.6569405,8.717637,3.5473747
1500077490055,-2.7909844,8.755936,3.7675896
1500077490070,-3.0686467,8.430401,4.5718527
1500077490087,-3.0111992,8.00912,5.347392
1500077490102,-2.1973617,7.12826,6.2665496
1500077490118,-1.383524,6.5059137,6.7548523
1500077490134,-0.6558574,6.094208,7.137835
1500077490150,-0.47394073,6.7740016,6.4005938
1500077490166,-0.8186249,7.5303917,4.6005764
1500077490182,-1.8335283,8.583593,2.714388
1500077490198,-2.3888528,8.995299,3.0494976
1500077490214,-2.0250196,8.334655,3.7388659
1500077490230,-1.6994845,7.482519,4.1409974
1500077490246,-1.8526775,6.8122997,4.303765
1500077490262,-1.79523,6.6495323,5.194199
1500077490278,-1.9101248,8.171887,4.1026993
1500077490294,-2.3792782,9.004874,3.5569491
1500077490310,-2.513322,8.55487,4.456958
1500077490325,-2.561195,8.516571,4.811217
1500077490341,-2.5516202,8.535721,5.0122824
1500077490357,-2.1973617,8.191036,5.1271772
1500077490373,-1.5654407,7.616563,5.1367517
1500077490389,-1.2590547,7.176133,5.6154795
1500077490405,-1.3452257,7.243155,5.232497
1500077490421,-1.9005502,7.2527294,5.2707953
1500077490437,-2.2356598,7.434646,4.96441
1500077490453,-2.2165108,7.616563,4.6771727
1500077490469,-2.0633178,7.434646,4.9069624
1500077490485,-1.9675722,7.4537954,4.954835
1500077490501,-1.9771467,7.7984796,4.7441945
1500077490516,-1.929274,7.7793303,4.96441
1500077490533,-1.8143792,7.501668,4.811217
1500077490548,-1.9196993,7.204857,4.73462
1500077490564,-2.034594,7.654861,4.9069624
1500077490580,-2.1590633,8.00912,4.5622783
1500077490596,-2.4175766,7.999545,5.041006
1500077490612,-2.561195,7.9803963,5.146326
1500077490628,-2.6186423,7.9133744,5.041006
1500077490644,-2.5228968,7.846352,4.83994
1500077490660,-2.254809,8.104865,4.9739842
1500077490676,-1.8909757,8.315506,4.504831
1500077490692,-1.4984187,7.396348,4.772918
1500077490707,-1.9388485,7.7123084,4.6675982
1500077490723,-2.1973617,8.143164,5.1654754
1500077490740,-1.7665064,7.9708214,5.950589
1500077490755,-1.2973529,7.693159,5.299519
1500077490771,-1.5175679,7.7984796,4.3803616
1500077490787,-2.0441687,7.654861,3.911208
1500077490803,-2.34098,7.2910275,3.8633351
1500077490819,-2.3792782,7.616563,4.4090853
1500077490835,-2.1111906,8.248484,5.079304
1500077490851,-1.8239537,8.7750845,5.38569
1500077490867,-1.776081,8.459125,4.782493
1500077490883,-2.149489,7.549541,4.6388745
1500077490899,-2.494173,8.258059,4.466532
1500077490914,-2.5420458,8.727212,4.3995104
1500077490930,-2.475024,8.602742,4.772918
1500077490946,-2.6090677,8.6697645,4.7441945
1500077490962,-2.6569405,8.909128,4.236743
1500077490978,-2.1399143,7.9133744,4.5527034
1500077490994,-1.6994845,7.348475,3.997379
1500077491010,-1.6516117,7.3389006,4.389936
1500077491026,-1.7186337,7.511243,5.8548436
1500077491042,-1.5750152,7.3006024,6.0846334
1500077491058,-1.4888442,7.482519,5.452712
1500077491074,-2.0728924,8.248484,5.28037
1500077491090,-2.1782124,7.961247,5.06973
1500077491106,-1.5367169,6.7740016,4.96441
1500077491122,-1.5462915,5.960164,5.366541
1500077491137,-2.4558747,6.8410234,5.155901
1500077491153,-2.8484318,7.9899707,4.9739842
1500077491169,-2.5994933,7.8655014,4.5144053
1500077491185,-2.427151,7.788905,4.5335546
1500077491201,-2.2356598,7.9420977,5.797396
1500077491217,-2.3505547,8.478273,5.960164
1500077491233,-2.7239625,8.229335,5.452712
1500077491249,-2.9920502,7.922949,4.5718527
1500077491265,-2.800559,7.4729443,4.0356774
1500077491281,-2.1399143,6.592085,4.1026993
1500077491297,-1.5845897,5.8548436,4.121848
1500077491313,-1.383524,5.4239883,4.169721
1500077491329,-1.2877784,5.17505,4.6867476
1500077491345,-1.2207564,5.5963306,4.5335546
1500077491361,-0.8090504,5.9218655,4.6867476
1500077491377,0.0,5.7112255,4.993133
1500077491392,0.36862057,6.2952733,4.581427
1500077491409,0.16755481,7.2527294,4.2941904
1500077491425,-0.39734426,7.4920936,3.6335456
1500077491440,-1.4792696,7.6452866,2.6377914
1500077491456,-2.6282167,8.286782,1.776081
1500077491472,-3.231414,9.196365,1.4122477
1500077491488,-3.4612036,10.938935,1.5558661
1500077491504,-3.2697124,11.992137,2.494173
1500077491520,-2.9346027,11.838944,3.5856729
1500077491536,-2.8101335,11.982562,3.5473747
1500077491552,-3.1356685,12.020861,3.5378
1500077491568,-3.2026904,11.896391,2.88673
1500077491584,-2.360129,11.063405,2.5516202
1500077491600,-1.2494801,10.575102,2.6952388
1500077491616,-0.512239,9.952756,3.604822
1500077491631,-0.110107444,9.225089,3.6622694
1500077491648,0.5313881,8.1623125,3.2601378
1500077491663,1.1537346,6.9176197,2.6760898
1500077491679,1.6324625,5.605905,1.6037389
1500077491695,1.7282082,4.6293,0.8856468
1500077491711,1.1154363,5.06973,0.512239
1500077491727,0.3398969,6.3144226,0.6271337
1500077491743,-1.2399056,8.171887,-0.2920241
1500077491759,-3.4899273,10.259142,-1.1824582
1500077491775,-5.538883,12.145329,-1.3356512
1500077491791,-6.2378263,12.2410755,-0.8281995
1500077491807,-5.4239883,11.15915,0.2154276
1500077491823,-4.016528,10.546378,0.4356425
1500077491838,-2.8388572,9.761265,0.5888355
1500077491855,-2.1399143,9.435729,0.8760723
1500077491870,-1.4984187,9.474028,0.7994758
1500077491887,-0.83777404,9.339984,0.44521707
1500077491902,-0.2441513,9.177217,0.42606795
1500077491918,0.043085523,9.397431,0.20585304
1500077491934,0.25372586,9.320834,-0.22500217
1500077491950,0.22500217,8.593168,-0.6271337
1500077491966,-0.33032233,8.181462,-1.2111819
1500077491982,-1.1824582,7.9803963,-1.1345854
1500077491998,-1.7856555,7.9803963,-1.0484143
1500077492014,-1.6899099,8.018694,-2.2260852
1500077492030,-0.8473486,6.5825105,-2.9920502
1500077492045,-0.8760723,4.0356774,-3.5760984
1500077492061,-2.8484318,2.6760898,-4.543129
1500077492077,-4.016528,2.561195,-4.6005764
1500077492093,-2.800559,2.819708,-3.930357
1500077492109,-1.6516117,2.6186423,-3.3750327
1500077492125,-1.3260766,1.1537346,-2.561195
1500077492141,-1.5079932,-1.5941644,-0.6558574
1500077492157,-1.776081,-6.151655,0.93351966
1500077492173,-2.6282167,-10.958084,3.5473747
1500077492189,-5.7495236,-12.90172,6.151655
1500077492205,-9.809137,-8.803808,5.5580325
1500077492221,-8.717637,-7.8272033,4.8207912
1500077492236,-5.299519,-10.06765,2.8101335
1500077492252,-2.905879,-12.279374,2.5994933
1500077492268,-0.8186249,-17.382614,7.5782647
1500077492284,-0.99096704,-18.301773,10.019777
1500077492300,-1.5941644,-15.142167,9.608071
1500077492316,-1.9771467,-11.657027,8.947427
1500077492332,-1.0962871,-8.631466,8.641041
1500077492348,1.0101161,-8.746361,9.569773
1500077492364,3.0686467,-10.058076,9.85701
1500077492381,4.5239797,-9.29211,9.617646
1500077492440,4.849515,-8.545295,9.31126
1500077492443,6.898471,-11.972988,12.35597
1500077492459,7.7314577,-10.689997,10.584677
1500077492476,5.2420716,-6.5346375,6.4197426
1500077492491,5.1846247,-6.8122997,6.4484663
1500077492555,4.437809,-6.256975,7.721883
1500077492619,7.0612383,-9.272962,8.095291
1500077492683,6.065484,-8.7750845,9.177217
1500077492746,0.7324539,-6.8888965,3.7675896
1500077492810,-2.0920415,-9.100619,-3.4612036
1500077492875,-4.016528,-3.1452432,-9.196365
1500077492938,-7.051664,-6.0080366,-14.730461
1500077493002,-6.333572,-2.6186423,-9.636795
1500077493066,-6.745278,0.27287498,-7.894225
1500077493130,-8.11444,-3.7484405,-8.708063
1500077493192,-7.7506065,-3.1835413,-4.495256
1500077493256,-6.7357035,-0.7324539,1.622888
1500077493320,-4.6867476,-1.5654407,4.7537694
1500077493384,-3.7963133,-1.3739494,5.194199
1500077493448,-3.7484405,0.10053288,5.797396
1500077493512,-3.604822,-0.46436617,4.581427
1500077493576,-1.0101161,-4.3707867,3.4229054
1500077493638,0.014361841,-9.2825365,2.6377914
1500077493702,0.3111732,-10.450633,1.6611862
1500077493766,1.4218222,-11.963413,2.1973617
1500077493830,3.4229054,-7.9420977,1.79523
1500077493893,4.7441945,-6.630383,-0.17712937
1500077493957,5.376116,-5.0314317,-0.17712937
1500077494021,6.7357035,-5.7016506,-0.3111732
1500077494084,7.3867736,-6.4197426,-3.3750327
1500077494148,9.253813,-7.176133,-3.7005677
1500077494212,10.2016945,-7.3771987,-5.06973
1500077494276,10.307014,-7.4250717,-5.692076
1500077494339,9.866585,-6.333572,-5.605905
1500077494403,9.071896,-5.2420716,-4.0548263
1500077494467,8.430401,-4.08355,-3.8824842
1500077494531,8.6697645,-4.0548263,-3.9207826
1500077494594,8.937852,-4.6005764,-3.911208
1500077494658,9.158067,-4.7250457,-4.045252
1500077494722,9.368708,-4.169721,-2.733537
1500077494785,9.866585,-4.1026993,-2.3792782
1500077494849,10.0868,-4.658024,-2.4558747
1500077494913,9.761265,-4.303765,-1.5271424
1500077494976,9.177217,-3.6622694,-0.751603
1500077495040,9.349558,-4.2558923,0.0718092
1500077495104,9.29211,-5.3952646,1.6994845
1500077495168,8.794233,-6.103782,3.2697124
1500077495231,7.501668,-6.9463434,4.6675982
1500077495295,5.2420716,-6.9654927,4.4473834
1500077495359,1.5941644,-5.7016506,4.169721
1500077495422,1.5558661,-4.198445,3.078221
1500077495486,1.2877784,-3.8154624,3.059072
1500077495550,3.671844,-6.4963393,3.212265
1500077495614,8.152739,-8.124015,3.6622694
1500077495677,10.594251,-5.797396,6.8888965
1500077495741,2.7048132,-0.99096704,9.244238
1500077495805,4.2271686,-2.0537431,7.875076
1500077495868,6.984642,-6.094208,8.028269
1500077495933,8.937852,-5.041006,8.861256
1500077495996,8.985725,-4.2271686,9.196365
1500077496061,6.7357035,-4.121848,6.975067
1500077496124,5.519734,-3.9495063,8.047418
1500077496187,4.322914,-3.1835413,8.152739
1500077496251,3.3750327,-5.7303743,5.500585
1500077496315,2.254809,-8.171887,2.2356598
1500077496378,0.76117754,-8.076141,0.751603
1500077496442,-0.42606795,-5.998462,0.4835153
1500077496506,0.3398969,-10.2016945,-1.1058618
1500077496569,1.5750152,-9.943181,0.50266445
1500077496633,2.6569405,-9.20594,-1.0484143
1500077496697,4.1122737,-7.721883,-3.4707782
1500077496760,7.12826,-3.8633351,-2.3505547
1500077496824,10.862339,-3.059072,2.7814097
1500077496888,9.368708,0.93351966,6.2474008
1500077496952,7.587839,-3.2792869,-0.7324539
1500077497015,9.052747,-5.8644185,-4.2463174
1500077497079,10.172971,-6.0367603,-8.028269
1500077497143,10.479357,-2.7239625,-6.8122997
1500077497207,10.460207,-1.1824582,-6.1899533
1500077497270,10.393186,-1.3739494,-6.170804
1500077497334,9.761265,-2.5228968,-5.9314404
1500077497398,8.420826,-6.2952733,-6.8122997
1500077497461,8.487848,-6.5059137,-5.787822
1500077497525,6.3814445,-8.066567,-5.155901
1500077497589,3.8633351,-7.5591154,-6.4005938
1500077497654,3.8920588,-10.546378,-9.033598
1500077497716,5.328243,-5.0314317,-5.433563
1500077497780,3.451629,-2.3697038,4.1792955
1500077497844,-0.2154276,-4.868664,5.5580325
1500077497907,4.0069537,-1.0484143,5.2133484
1500077497971,7.5208173,-8.459125,8.832532
1500077498035,6.5346375,-11.446387,4.993133
1500077498098,4.782493,-8.612317,2.513322
1500077498162,4.3995104,-8.957002,0.98139244
1500077498226,2.408002,-10.795317,-5.1176023
1500077498290,0.4356425,-9.914457,-5.8835673
1500077498353,-0.7324539,-6.6016593,-5.5963306
1500077498417,-0.7994758,-5.414414,-7.35805
1500077498481,-1.4026731,-9.119769,-11.484685
1500077498544,0.9622433,-9.435729,-8.191036
1500077498608,2.475024,-6.8793216,-7.35805
1500077498672,2.800559,-4.1888704,-8.066567
1500077498736,4.476107,-4.131423,-10.852764
1500077498799,2.8771553,-3.690993,-9.876159
1500077498863,1.709059,-2.5516202,-10.383611
1500077498927,2.168638,-5.7112255,-8.794233
1500077498990,2.494173,-4.3995104,-8.957002
1500077499054,1.3930986,-4.150572,-8.784659
1500077499118,0.8281995,-5.0314317,-9.263388
1500077499182,0.19627848,-4.0739756,-9.703817
1500077499245,-0.9622433,-3.8154624,-9.474028
1500077499309,-1.929274,-2.7909844,-10.077225
1500077499374,-1.6516117,-3.346309,-10.211268
1500077499436,-0.71330476,-4.868664,-9.608071
1500077499501,-0.043085523,-5.299519,-8.296356
1500077499564,0.8090504,-5.4048395,-7.3771987
1500077499628,1.2590547,-5.7208,-7.4920936
1500077499691,0.062234644,-6.8410234,-8.506997
1500077499755,-0.05266008,-7.1186857,-7.922949
1500077499819,-0.17712937,-7.35805,-7.156984
1500077499882,-0.9718179,-7.4154973,-6.1229315
1500077499946,-1.8718265,-7.1474094,-4.5335546
1500077500010,-1.6803354,-7.7506065,-1.5750152
1500077500073,1.6899099,-7.549541,-1.948423
1500077500137,4.610151,-9.18679,-6.2282515
1500077500201,10.029352,-8.018694,-3.0303483
1500077500265,10.843189,-7.2718787,-3.5473747
1500077500328,9.215514,-7.6069884,-7.3197513
1500077500392,6.2282515,-7.9899707,-8.602742
1500077500456,3.2984362,-6.323997,-11.762347
1500077500519,-0.16755481,-4.0644007,-10.211268
1500077500583,-3.4612036,-5.452712,-9.407005
1500077500647,-2.666515,-10.651698,-5.5771813
1500077500711,-0.77075213,-11.465536,-2.2165108
1500077500774,2.1590633,-9.359133,-0.9622433
1500077500838,2.4175766,-8.995299,-3.5569491
1500077500902,0.28244954,-7.4250717,-7.35805
1500077500965,0.359046,-5.5484576,-8.736787
1500077501029,3.3367343,-5.28037,-4.8303657
1500077501093,3.4707782,-8.411251,-5.979313
1500077501156,2.666515,-6.630383,-5.9218655
1500077501221,1.9101248,-4.6005764,-5.7016506
1500077501284,3.6143966,-4.696322,-6.9271946
1500077501348,5.5771813,-5.960164,-8.286782
1500077501411,5.299519,-9.770839,-9.608071
1500077501475,4.581427,-5.806971,-6.391019
1500077501539,3.8346114,-5.682502,-7.999545
1500077501603,3.365458,-6.678256,-7.511243
1500077501666,2.7431116,-6.0463347,-7.6261373
1500077501730,1.5558661,-6.3527207,-8.191036
1500077501794,1.1154363,-5.960164,-7.9133744
1500077501857,1.2207564,-5.806971,-7.654861
1500077501921,1.929274,-6.6016593,-6.869747
1500077501985,2.867581,-6.2665496,-6.984642
1500077502049,4.121848,-7.5303917,-7.501668
1500077502112,3.518651,-7.9037995,-5.759098
1500077502176,2.4845984,-7.7793303,-4.3133397
1500077502240,3.0877957,-6.8601727,-5.3186684
1500077502303,4.3707867,-6.5537868,-5.7112255
1500077502367,8.171887,-7.635712,-3.8824842
1500077502431,10.326163,-5.6154795,-2.5228968
1500077502494,8.516571,-4.696322,-4.8207912
1500077502558,7.7506065,-6.525063,-5.0314317
1500077502622,4.476107,-6.458041,-10.5080805
1500077502686,1.3930986,-6.8601727,-11.810221
1500077502749,-1.79523,-9.7899885,-13.428321
1500077502813,1.1058618,-12.087883,-7.8846507
1500077502877,4.0548263,-6.984642,-3.4707782
1500077502940,4.801642,-5.222923,-7.051664
1500077503004,5.960164,-4.5622783,-8.191036
1500077503068,5.941015,-6.515488,-6.5346375
1500077503132,6.1420803,-8.353804,-5.2133484
1500077503195,4.993133,-8.21976,-5.672927
1500077503259,2.88673,-10.977234,-5.806971
1500077503323,1.6133134,-10.211268,-5.1654754
1500077503386,2.3984275,-10.134672,-3.9399316
1500077503450,2.4654493,-9.004874,-1.6516117
1500077503514,2.3792782,-7.56869,1.2590547
1500077503577,2.2069361,-5.0505805,4.198445
1500077503641,1.8143792,-4.1122737,5.519734
1500077503705,0.8760723,-3.7867386,6.333572
1500077503769,0.47394073,-2.6856642,7.501668
1500077503832,-0.12925656,-1.3356512,8.535721
1500077503896,-0.90479594,-0.83777404,9.41658
1500077503960,-0.85692316,-1.6994845,9.407005
1500077504023,-0.3111732,-3.1356685,8.803808
1500077504087,-0.19627848,-3.8633351,8.401677
1500077504151,-1.4792696,-3.0686467,8.851681
1500077504215,-1.8526775,-2.4654493,8.995299
1500077504278,-2.6090677,-2.8101335,8.593168
1500077504342,-2.714388,-2.101616,8.755936
1500077504406,-1.776081,-3.5952475,8.401677
1500077504469,-2.2165108,-3.4899273,8.7750845
1500077504542,-2.6090677,-3.8154624,8.5740185
1500077504597,-2.1111906,-3.3558834,8.497422
1500077504660,-1.4122477,-3.2984362,8.459125
1500077504724,-2.3122563,-2.8388572,8.124015
1500077504788,-3.8154624,-1.79523,8.506997
1500077504852,-4.7058964,-1.9962958,8.23891
1500077504915,-5.2899446,-1.5654407,7.7793303
1500077504979,-5.5963306,-2.3505547,7.808054
1500077505043,-5.376116,-2.7239625,7.922949
1500077505106,-5.5771813,-2.494173,8.382527
1500077505170,-6.1899533,-1.9867213,8.181462
1500077505234,-6.4676156,-4.131423,6.630383
1500077505298,-6.391019,-3.1643922,4.351638
1500077505361,-5.1176023,1.9101248,1.6324625
1500077505425,-5.0984535,14.64429,2.9154537
1500077505489,-4.4473834,8.698488,4.868664
1500077505552,-5.0601554,4.5239797,7.329326
1500077505616,-5.634629,0.18670394,4.96441
1500077505680,-6.410168,-1.2399056,6.6495323
1500077505744,-7.1665583,-1.2207564,6.0559096
1500077505807,-7.8655014,2.0728924,5.38569
1500077505871,-7.2335806,2.4558747,6.180379
1500077505936,-6.410168,4.696322,8.210186
1500077505999,-5.4431376,2.5228968,7.7506065
