1500078713675,-12.35597,2.2260852,1.0292653
1500078713739,-8.00912,1.79523,2.4367256
1500078713804,-9.684668,0.99096704,1.4409714
1500078713867,-9.569773,0.014361841,2.187787
1500078713931,-9.62722,-0.2441513,2.4654493
1500078713995,-9.234664,1.3356512,2.0728924
1500078714058,-9.215514,1.4409714,1.7569319
1500078714121,-9.330409,0.8856468,1.79523
1500078714185,-9.349558,0.76117754,1.8431029
1500078714249,-9.512326,0.33032233,1.9196993
1500078714313,-9.713391,-0.7324539,2.1303396
1500078714376,-9.62722,0.062234644,1.6420372
1500078714440,-9.330409,1.0867126,1.2399056
1500078714504,-9.359133,1.0867126,1.1633091
1500078714567,-9.560199,0.0,1.6037389
1500078714631,-9.5889225,-0.2441513,1.6133134
1500078714695,-9.464453,0.359046,1.3260766
1500078714759,-9.512326,0.081383765,1.4026731
1500078714822,-9.608071,-0.15798025,1.4409714
1500078714886,-9.550624,0.00478728,1.3739494
1500078714950,-9.512326,0.12925656,1.3260766
1500078715013,-9.5219,0.11968201,1.3548003
1500078715077,-9.569773,0.11968201,1.4026731
1500078715141,-9.5219,0.18670394,1.5079932
1500078715205,-9.464453,0.6079846,1.4984187
1500078715268,-9.426155,0.36862057,1.4984187
1500078715332,-9.445304,0.50266445,1.5654407
1500078715396,-9.445304,0.56968635,1.4984187
1500078715459,-9.464453,0.56968635,1.5462915
1500078715523,-9.608071,-0.00478728,1.8048047
1500078715587,-9.560199,-0.14840569,1.8335283
1500078715650,-9.2825365,1.1920328,1.2686293
1500078715714,-9.301685,1.0101161,1.2877784
1500078715778,-9.617646,-0.20585304,1.7665064
1500078715842,-9.64637,-0.7420284,1.9101248
1500078715905,-9.665519,-0.4164934,1.7473572
1500078715969,-9.531475,0.09095833,1.5175679
1500078716033,-9.41658,0.359046,1.4505459
1500078716096,-9.359133,0.8952214,1.3643749
1500078716160,-9.474028,0.42606795,1.5079932
1500078716224,-9.493176,0.20585304,1.622888
1500078716287,-9.474028,0.2154276,1.6803354
1500078716351,-9.550624,-0.081383765,1.7856555
1500078716415,-9.464453,0.17712937,1.6516117
1500078716479,-9.435729,0.45479164,1.5845897
1500078716542,-9.502751,0.081383765,1.6899099
1500078716606,-9.483603,0.09095833,1.6803354
1500078716670,-9.474028,0.16755481,1.5845897
1500078716734,-9.330409,0.7324539,1.4505459
1500078716797,-9.464453,0.3111732,1.5558661
1500078716862,-9.560199,-0.17712937,1.7186337
1500078716925,-9.483603,0.03351096,1.5367169
1500078716988,-9.464453,0.69415563,1.3739494
1500078717053,-9.579348,-0.76117754,1.8526775
1500078717116,-9.569773,-0.56011176,1.8431029
1500078717180,-9.454879,0.03351096,1.6133134
1500078717244,-9.483603,-0.18670394,1.7377827
1500078717307,-9.454879,-0.10053288,1.7569319
1500078717371,-9.62722,-0.85692316,1.9867213
1500078717435,-9.550624,-0.110107444,1.8239537
1500078717499,-9.368708,0.5313881,1.5367169
1500078717562,-9.301685,1.1345854,1.3548003
1500078717625,-9.196365,1.5750152,1.1633091
1500078717689,-9.29211,0.99096704,1.3165021
1500078717753,-9.914457,-2.3697038,2.5516202
1500078717817,-9.579348,-0.25372586,1.8909757
1500078717880,-9.234664,1.2590547,1.1824582
1500078717944,-9.474028,-0.26330042,1.776081
1500078718008,-9.608071,-0.70373017,1.9675722
1500078718071,-9.454879,0.05266008,1.6420372
1500078718135,-9.493176,-0.11968201,1.7377827
1500078718199,-9.5219,0.0,1.6899099
1500078718263,-9.435729,0.42606795,1.5175679
1500078718326,-9.339984,0.56011176,1.5175679
1500078718390,-9.445304,0.13883112,1.5941644
1500078718454,-9.675094,-0.6271337,1.9101248
1500078718518,-9.569773,-0.28244954,1.7665064
1500078718581,-9.454879,0.2154276,1.5558661
1500078718645,-9.493176,0.32074776,1.4984187
1500078718708,-9.426155,0.49308985,1.4888442
1500078718772,-9.407005,0.5505372,1.5079932
1500078718836,-9.493176,0.30159867,1.5558661
1500078718900,-9.550624,0.17712937,1.5941644
1500078718963,-9.512326,0.34947145,1.5271424
1500078719027,-9.5219,0.20585304,1.5750152
1500078719091,-9.512326,0.26330042,1.5271424
1500078719154,-9.426155,0.5792609,1.4888442
1500078719218,-9.493176,0.2441513,1.5367169
1500078719282,-9.483603,0.4164934,1.4888442
1500078719346,-9.502751,0.30159867,1.5271424
1500078719409,-9.512326,0.32074776,1.5079932
1500078719473,-9.5219,0.3111732,1.5367169
1500078719537,-9.483603,0.3111732,1.5175679
1500078719600,-9.512326,0.36862057,1.5271424
1500078719664,-9.474028,0.32074776,1.5654407
1500078719728,-9.493176,0.30159867,1.5750152
1500078719792,-9.493176,0.30159867,1.5654407
1500078719855,-9.493176,0.28244954,1.5654407
1500078719919,-9.483603,0.2920241,1.5654407
1500078719983,-9.483603,0.27287498,1.5654407
1500078720046,-9.512326,0.2920241,1.5367169
1500078720111,-9.502751,0.32074776,1.5367169
1500078720174,-9.474028,0.25372586,1.6037389
1500078720238,-9.493176,0.32074776,1.5367169
1500078720301,-9.493176,0.28244954,1.5845897
1500078720365,-9.502751,0.2920241,1.5654407
1500078720429,-9.512326,0.2920241,1.5654407
1500078720492,-9.483603,0.25372586,1.5654407
1500078720556,-9.493176,0.2441513,1.5654407
1500078720620,-9.454879,0.2920241,1.5462915
1500078720683,-9.502751,0.28244954,1.5750152
1500078720747,-9.493176,0.25372586,1.5941644
1500078720811,-9.474028,0.2920241,1.5654407
1500078720875,-9.512326,0.26330042,1.5558661
1500078720938,-9.474028,0.23457673,1.5845897
1500078721002,-9.493176,0.25372586,1.5654407
1500078721066,-9.493176,0.2441513,1.5845897
1500078721129,-9.493176,0.25372586,1.5845897
1500078721193,-9.502751,0.30159867,1.5654407
1500078721257,-9.512326,0.32074776,1.5750152
1500078721321,-9.474028,0.28244954,1.5750152
1500078721384,-9.483603,0.32074776,1.5558661
1500078721448,-9.474028,0.28244954,1.5941644
1500078721512,-9.512326,0.26330042,1.6037389
1500078721575,-9.474028,0.3398969,1.5845897
1500078721639,-9.483603,0.3398969,1.6324625
1500078721703,-9.483603,0.3111732,1.6324625
1500078721767,-9.483603,0.3398969,1.6803354
1500078721830,-9.474028,0.359046,1.6899099
1500078721894,-9.550624,0.3398969,1.7569319
1500078721958,-9.2825365,0.56968635,1.7377827
1500078722021,-9.550624,0.062234644,1.776081
1500078722085,-9.531475,0.11968201,1.79523
1500078722149,-9.454879,0.3111732,1.7186337
1500078722213,-9.368708,0.7324539,1.4792696
1500078722276,-9.435729,0.50266445,1.6516117
1500078722340,-9.464453,0.4164934,1.5845897
1500078722404,-9.445304,0.6750065,1.469695
1500078722468,-9.560199,0.3398969,1.5750152
1500078722531,-9.560199,0.4164934,1.4505459
1500078722595,-9.378282,0.8186249,1.2016073
1500078722658,-9.569773,0.54096264,1.3548003
1500078722722,-9.54105,0.59841,1.4218222
1500078722786,-9.41658,1.1345854,1.2111819
1500078722850,-9.5219,0.9526688,1.3165021
1500078722913,-9.550624,1.0484143,1.2399056
1500078722977,-9.339984,1.6899099,1.0388398
1500078723041,-9.550624,1.2207564,1.1345854
1500078723105,-9.502751,1.4218222,1.1633091
1500078723168,-9.464453,1.6516117,1.1345854
1500078723232,-9.378282,1.7665064,1.1537346
1500078723296,-9.349558,1.9196993,1.1728836
1500078723360,-9.41658,1.7665064,1.2303311
1500078723423,-9.349558,1.9101248,1.1920328
1500078723487,-9.368708,1.8431029,1.2782038
1500078723551,-9.330409,2.0250196,1.3739494
1500078723614,-9.349558,1.9867213,1.4505459
1500078723678,-9.2825365,1.9867213,1.5845897
1500078723742,-9.272962,1.9196993,1.6324625
1500078723805,-9.20594,1.9867213,1.862252
1500078723869,-9.129343,2.1111906,1.948423
1500078723934,-9.0814705,2.1111906,2.168638
1500078723997,-9.062322,2.168638,2.2452345
1500078724060,-9.033598,2.1782124,2.4463003
1500078724124,-8.947427,2.2260852,2.5516202
1500078724188,-8.880404,2.3697038,2.6186423
1500078724251,-8.784659,2.475024,2.8101335
1500078724315,-8.7750845,2.3314054,2.9920502
1500078724379,-8.727212,2.4463003,3.1452432
1500078724442,-8.583593,2.7239625,3.1356685
1500078724506,-8.516571,2.7622607,3.365458
1500078724570,-8.44955,3.059072,3.3080106
1500078724634,-8.34423,3.0686467,3.5282254
1500078724697,-8.258059,3.1835413,3.5282254
1500078724761,-8.181462,3.2888615,3.6622694
1500078724825,-8.11444,3.384607,3.7388659
1500078724888,-8.00912,3.5090764,3.7388659
1500078724952,-7.9516726,3.6814184,3.777164
1500078725016,-7.894225,3.7484405,3.9016335
1500078725080,-7.8367777,3.8058877,3.8824842
1500078725144,-7.693159,4.016528,3.9686553
1500078725207,-7.693159,4.016528,3.844186
1500078725271,-7.5782647,3.9782298,4.2463174
1500078725334,-7.348475,4.275041,4.2080193
1500078725398,-7.434646,4.150572,4.150572
1500078725462,-7.3389006,4.2558923,4.3707867
1500078725525,-7.2910275,4.2463174,4.4090853
1500078725589,-7.348475,4.0739756,4.456958
1500078725653,-7.176133,4.351638,4.495256
1500078725717,-7.1665583,4.198445,4.5718527
1500078725780,-7.051664,4.2080193,4.7058964
1500078725844,-6.9176197,4.4090853,4.7441945
1500078725908,-6.764427,4.5910015,4.868664
1500078725971,-6.7740016,4.4473834,4.9452605
1500078726035,-6.668681,4.5144053,4.9739842
1500078726099,-6.5059137,4.6388745,5.146326
1500078726163,-6.3814445,4.456958,5.414414
1500078726226,-6.285699,4.6293,5.232497
1500078726290,-6.0750585,4.648449,5.6250544
1500078726354,-5.9027166,4.7058964,5.672927
1500078726417,-5.797396,4.6867476,5.787822
1500078726481,-5.5580325,4.2558923,6.3144226
1500078726545,-5.309094,4.9739842,5.9314404
1500078726608,-5.1367517,5.1271772,6.0367603
1500078726672,-5.021857,4.868664,6.3814445
1500078726736,-4.811217,4.73462,6.285699
1500078726799,-4.763344,5.8931417,5.8931417
1500078726863,-4.543129,5.0601554,6.4484663
1500078726928,-4.3324885,5.414414,6.2761245
1500078726992,-4.428234,6.1420803,5.912291
1500078727055,-4.275041,5.998462,6.027186
1500078727119,-4.131423,5.7303743,6.2091026
1500078727183,-4.1026993,5.8644185,6.0846334
1500078727246,-4.016528,5.998462,6.017611
1500078727309,-3.9207826,6.1612296,6.027186
1500078727374,-4.08355,6.6016593,5.7112255
1500078727437,-4.016528,6.544212,5.759098
1500078727501,-4.0069537,5.873993,5.998462
1500078727565,-4.169721,6.027186,5.960164
1500078727628,-4.3133397,6.2761245,5.7782474
1500078727692,-4.2271686,6.0463347,5.950589
1500078727755,-4.1601467,6.0846334,5.941015
1500078727819,-4.284616,6.1229315,5.845269
1500078727883,-4.495256,5.941015,5.8644185
1500078727946,-4.772918,6.0463347,5.682502
1500078728010,-5.1846247,5.519734,5.7016506
1500078728074,-5.4718614,4.6771727,5.988888
1500078728138,-5.845269,4.6388745,5.7686725
1500078728201,-5.9314404,4.801642,5.6250544
1500078728265,-6.285699,4.275041,5.634629
1500078728329,-6.611234,3.0877957,5.912291
1500078728393,-6.8410234,2.819708,5.873993
1500078728456,-7.0708127,2.714388,5.5580325
1500078728520,-7.243155,2.561195,5.500585
1500078728584,-7.4154973,2.2739582,5.481436
1500078728647,-7.6069884,2.0633178,5.232497
1500078728711,-7.8272033,2.0728924,5.002708
1500078728775,-8.00912,1.6994845,4.7441945
1500078728839,-8.258059,1.5558661,4.5527034
1500078728902,-8.478273,2.475024,3.4899273
1500078728966,-8.612317,3.2888615,3.1165195
1500078729030,-9.272962,1.9675722,2.7909844
1500078729094,-10.239992,1.6994845,2.254809
1500078729157,-9.675094,1.8814012,1.6420372
1500078729222,-9.426155,1.5271424,0.9526688
1500078729284,-9.234664,1.622888,1.5750152
1500078729348,-9.483603,1.469695,1.4409714
1500078729412,-9.349558,1.0005416,1.1920328
1500078729475,-9.560199,0.6845811,1.2494801
1500078729539,-9.75169,1.0771381,0.90479594
1500078729603,-9.464453,1.4409714,1.1537346
1500078729667,-9.253813,1.5079932,0.9430942
1500078729730,-9.512326,1.0771381,0.6271337
1500078729794,-9.493176,0.7994758,0.78990126
1500078729858,-9.502751,0.40691882,0.56968635
1500078729921,-9.483603,0.45479164,0.63670826
1500078729985,-9.54105,-0.15798025,0.18670394
1500078730049,-9.655944,-0.50266445,-0.10053288
1500078730113,-9.991054,-0.99096704,-0.8760723
1500078730176,-9.818711,-1.1345854,-0.5792609
1500078730240,-9.675094,0.85692316,1.9962958
1500078730304,-8.803808,-3.1452432,-1.2590547
1500078730367,-8.918703,-2.9537518,-2.0537431
1500078730431,-8.870831,-3.3175852,-1.5175679
1500078730495,-8.650616,-3.8824842,-1.3643749
1500078730558,-8.1623125,-5.452712,-1.5079932
1500078730622,-7.6261373,-6.3814445,-1.3452257
1500078730686,-7.2335806,-7.1665583,-0.7420284
1500078730750,-6.6208086,-8.018694,0.56011176
1500078730813,-5.309094,-8.353804,1.8335283
1500078730877,-4.1792955,-7.7506065,3.671844
1500078730941,-3.6622694,-8.018694,4.2463174
1500078731005,-3.3367343,-6.391019,4.782493
1500078731068,-3.5473747,-7.8846507,5.0984535
1500078731132,-3.5856729,-8.152739,5.347392
1500078731196,-2.7622607,-7.051664,5.634629
1500078731259,-2.2739582,-6.486765,6.5825105
1500078731323,-1.862252,-5.9027166,7.003791
1500078731387,-1.469695,-4.868664,7.2910275
1500078731450,-2.2069361,-4.437809,8.305931
1500078731514,-2.5899186,-3.5282254,8.191036
1500078731578,-2.8963046,-2.9633265,8.037844
1500078731642,-2.7239625,-1.9771467,8.430401
1500078731705,-2.360129,-1.9579976,9.445304
1500078731769,-2.9633265,-2.0920415,9.18679
1500078731833,-3.4037561,-1.9962958,9.004874
1500078731896,-3.6526947,-1.8814012,8.535721
1500078731960,-3.930357,-1.9962958,8.181462
1500078732024,-4.303765,-1.9579976,8.210186
1500078732088,-5.146326,-1.9962958,8.076141
1500078732151,-5.6154795,-2.034594,7.7123084
1500078732215,-4.715471,-0.63670826,8.382527
1500078732279,-5.2133484,-0.56968635,8.430401
1500078732343,-4.5527034,-1.0484143,8.641041
1500078732406,-3.1835413,-1.4984187,8.641041
1500078732470,-3.451629,-2.0920415,8.497422
1500078732534,-3.3941817,-2.4654493,8.679339
1500078732597,-3.5090764,-1.3739494,8.459125
1500078732661,-3.2984362,-0.44521707,8.621892
1500078732725,-3.911208,-1.14416,8.621892
1500078732789,-4.543129,-0.9622433,8.478273
1500078732852,-4.8207912,0.6558574,8.803808
1500078732916,-5.1176023,1.4505459,8.822957
1500078732980,-4.73462,-0.91437054,7.999545
1500078733043,-4.610151,-2.4367256,6.9559183
1500078733107,-6.5537868,-0.8281995,6.323997
1500078733171,-6.0367603,0.023936402,7.721883
1500078733235,-5.759098,-0.062234644,8.286782
1500078733298,-4.428234,-0.4835153,8.305931
1500078733362,-3.825037,-0.19627848,8.459125
1500078733426,-5.232497,-0.14840569,8.104865
1500078733490,-5.1367517,-0.110107444,8.037844
1500078733553,-5.222923,0.26330042,8.23891
1500078733617,-5.538883,0.78990126,8.506997
1500078733681,-3.2601378,-3.9016335,7.501668
1500078733745,-2.1399143,-1.7186337,9.339984
1500078733808,-2.666515,-0.33032233,9.339984
1500078733872,-3.3941817,-2.7239625,7.8272033
1500078733935,-3.4037561,-0.47394073,9.177217
1500078733999,-2.6282167,-0.17712937,9.5889225
1500078734063,-2.8771553,-1.2111819,8.736787
1500078734128,-3.3271596,-0.4356425,9.004874
1500078734191,-3.4612036,-0.99096704,8.995299
1500078734255,-3.0303483,-1.4313968,8.6697645
1500078734319,-2.9537518,-0.8473486,8.937852
1500078734382,-3.1356685,-0.8760723,9.091045
1500078734445,-3.231414,-0.665432,8.928278
1500078734509,-3.0973704,-0.512239,8.889979
1500078734573,-3.5760984,-1.0101161,8.889979
1500078734636,-3.7005677,-1.0579889,9.024023
1500078734700,-3.4229054,-1.0101161,9.20594
1500078734764,-2.972901,-1.5175679,8.679339
1500078734828,-2.2069361,-0.50266445,8.5740185
1500078734891,-3.1835413,0.0,8.870831
1500078734955,-3.7867386,-1.2494801,8.755936
1500078735019,-3.4133308,-0.2441513,8.372953
1500078735082,-3.2218397,-0.83777404,9.474028
1500078735146,-3.8537605,-2.3792782,9.397431
1500078735210,-3.0877957,-0.5218136,8.277207
1500078735274,-2.4367256,-1.0196906,8.822957
1500078735337,-3.7005677,-1.0101161,9.435729
1500078735401,-3.4229054,-1.2877784,8.698488
1500078735465,-3.126094,-0.4835153,8.717637
1500078735528,-3.5952475,-0.33032233,8.928278
1500078735592,-3.499502,-0.76117754,8.803808
1500078735656,-3.1835413,-0.8186249,8.851681
1500078735719,-3.2601378,-0.5792609,8.937852
1500078735783,-3.5090764,-1.0196906,8.909128
1500078735847,-3.6814184,-0.78990126,8.698488
1500078735911,-3.4420545,-0.043085523,8.813383
1500078735974,-3.3367343,-0.0718092,8.794233
1500078736038,-3.2601378,-0.47394073,9.062322
1500078736102,-2.647366,-0.77075213,9.158067
1500078736166,-3.3080106,-0.61755913,8.593168
1500078736229,-3.8537605,0.0,8.7750845
1500078736293,-3.7963133,-0.2154276,9.014449
1500078736357,-3.2792869,-0.5888355,8.937852
1500078736420,-2.9920502,-0.4356425,8.803808
1500078736484,-3.1165195,-0.5505372,8.832532
1500078736548,-3.384607,-0.8664977,8.784659
1500078736611,-3.7675896,0.32074776,8.918703
1500078736675,-3.6143966,0.25372586,8.832532
1500078736739,-3.4707782,-0.17712937,8.784659
1500078736803,-3.6335456,-0.12925656,8.861256
1500078736866,-3.8633351,-0.2154276,8.727212
1500078736931,-3.5473747,-0.25372586,8.755936
1500078736994,-3.3080106,-0.40691882,8.822957
1500078737057,-3.346309,-0.36862057,8.880404
1500078737121,-3.5378,-0.34947145,8.899554
1500078737185,-3.499502,-0.30159867,8.832532
1500078737249,-3.365458,-0.3111732,8.784659
1500078737312,-3.346309,-0.44521707,8.861256
1500078737376,-3.365458,-0.4356425,8.889979
1500078737441,-3.2218397,-0.33032233,8.794233
1500078737504,-3.4229054,-0.33032233,8.880404
1500078737567,-3.5856729,-0.4164934,8.918703
1500078737632,-3.4899273,-0.36862057,8.803808
1500078737694,-3.4037561,-0.34947145,8.870831
1500078737758,-3.4803526,-0.3877697,8.861256
1500078737822,-3.4133308,-0.3111732,8.794233
1500078737886,-3.3367343,-0.3111732,8.822957
1500078737949,-3.1165195,-0.36862057,8.803808
1500078738013,-3.346309,-0.512239,8.957002
1500078738077,-3.8346114,-0.19627848,9.062322
1500078738140,-4.543129,-0.5888355,8.1623125
1500078738204,-3.9399316,0.751603,8.794233
1500078738268,-4.2271686,1.5175679,9.330409
1500078738332,-4.926111,-2.494173,6.850598
1500078738395,-6.3527207,-5.586756,5.500585
1500078738459,-5.538883,-4.868664,6.132506
1500078738523,-5.988888,-3.1643922,6.8027253
1500078738587,-5.5771813,-0.45479164,7.6261373
1500078738650,-4.121848,3.2409887,9.579348
1500078738714,-4.0356774,-0.03351096,8.55487
1500078738778,-4.389936,-2.1303396,7.8176284
1500078738841,-4.610151,0.2920241,8.411251
1500078738905,-4.935686,0.5313881,8.277207
1500078738969,-4.6005764,-0.33032233,8.459125
1500078739032,-4.150572,-0.8952214,8.478273
1500078739096,-4.08355,-0.4164934,8.430401
1500078739160,-4.4186597,0.00478728,8.372953
1500078739224,-4.5527034,-0.081383765,8.392102
1500078739288,-4.3133397,-0.45479164,8.516571
1500078739352,-4.1888704,-0.56011176,8.478273
1500078739424,-4.1601467,-0.34947145,8.401677
1500078739478,-4.2463174,-0.3398969,8.44955
1500078739542,-4.2941904,-0.4835153,8.535721
1500078739606,-4.284616,-0.45479164,8.478273
1500078739670,-4.3324885,-0.3398969,8.44955
1500078739733,-4.351638,-0.4164934,8.478273
1500078739797,-4.2654667,-0.50266445,8.478273
1500078739861,-4.1888704,-0.50266445,8.487848
1500078739925,-4.198445,-0.34947145,8.506997
1500078739988,-4.2558923,-0.45479164,8.478273
1500078740052,-4.169721,-0.25372586,8.55487
1500078740116,-4.198445,-0.4164934,8.487848
1500078740179,-4.2558923,-0.3877697,8.516571
1500078740243,-4.131423,-0.4164934,8.526146
1500078740307,-4.1601467,-0.36862057,8.497422
1500078740370,-4.2080193,-0.44521707,8.516571
1500078740434,-4.150572,-0.39734426,8.545295
1500078740498,-4.198445,-0.3398969,8.506997
1500078740562,-4.198445,-0.36862057,8.506997
1500078740625,-4.2271686,-0.4356425,8.583593
1500078740689,-4.150572,-0.49308985,8.497422
1500078740753,-4.150572,-0.37819514,8.516571
1500078740816,-4.150572,-0.45479164,8.545295
1500078740880,-4.1601467,-0.36862057,8.516571
1500078740944,-4.1792955,-0.33032233,8.506997
1500078741008,-4.1888704,-0.3398969,8.564445
1500078741071,-4.1026993,-0.30159867,8.526146
1500078741135,-4.2463174,-0.3398969,8.430401
1500078741199,-4.2941904,-0.3111732,8.4686985
1500078741262,-4.2463174,-0.3398969,8.564445
1500078741326,-4.275041,-0.3111732,8.497422
1500078741390,-4.284616,-0.25372586,8.4686985
1500078741454,-4.2271686,-0.30159867,8.487848
1500078741517,-4.150572,-0.25372586,8.516571
1500078741581,-4.2080193,-0.37819514,8.4686985
1500078741645,-4.236743,-0.33032233,8.526146
1500078741708,-4.2463174,-0.3398969,8.516571
1500078741772,-4.2558923,-0.27287498,8.487848
1500078741836,-4.2080193,-0.30159867,8.487848
1500078741900,-4.2175937,-0.37819514,8.5740185
1500078741963,-4.2271686,-0.39734426,8.526146
1500078742027,-4.169721,-0.26330042,8.506997
1500078742091,-4.1122737,-0.3398969,8.535721
1500078742154,-4.1792955,-0.45479164,8.641041
1500078742218,-4.2080193,-0.4835153,8.545295
1500078742282,-4.045252,-0.16755481,8.478273
1500078742346,-4.0644007,-0.27287498,8.420826
1500078742409,-4.0548263,-0.2920241,8.459125
1500078742473,-4.150572,-0.34947145,8.688913
1500078742537,-4.198445,-0.44521707,8.631466
1500078742600,-4.121848,-0.26330042,8.4686985
1500078742664,-4.1122737,-0.30159867,8.497422
1500078742728,-4.236743,-0.37819514,8.612317
1500078742792,-4.131423,-0.5218136,8.593168
1500078742855,-4.0644007,-0.359046,8.526146
1500078742919,-4.0931244,-0.22500217,8.497422
1500078742983,-4.1601467,-0.26330042,8.545295
1500078743046,-4.121848,-0.49308985,8.583593
1500078743110,-4.0739756,-0.4164934,8.583593
1500078743174,-4.1409974,-0.2920241,8.612317
1500078743237,-4.236743,-0.47394073,8.602742
1500078743301,-4.0261025,-0.26330042,8.459125
1500078743365,-4.0644007,-0.26330042,8.430401
1500078743429,-4.0739756,-0.2441513,8.535721
1500078743492,-4.0548263,-0.359046,8.55487
1500078743556,-4.1792955,-0.40691882,8.698488
1500078743620,-4.045252,-0.37819514,8.516571
1500078743683,-4.0356774,-0.2920241,8.506997
1500078743747,-4.169721,-0.2920241,8.5740185
1500078743811,-4.1601467,-0.28244954,8.564445
1500078743875,-4.198445,-0.4164934,8.564445
1500078743938,-4.045252,-0.34947145,8.55487
1500078744002,-4.0739756,-0.44521707,8.564445
1500078744066,-4.1601467,-0.36862057,8.583593
1500078744129,-4.045252,-0.28244954,8.506997
1500078744193,-4.0548263,-0.3111732,8.526146
1500078744257,-4.2175937,-0.4356425,8.755936
1500078744321,-4.08355,-0.3398969,8.439975
1500078744384,-3.9782298,-0.13883112,8.392102
1500078744449,-4.08355,-0.13883112,8.497422
1500078744512,-4.150572,-0.3398969,8.631466
1500078744575,-4.2463174,-0.4164934,8.6697645
1500078744639,-4.1122737,-0.23457673,8.4686985
1500078744703,-4.169721,-0.14840569,8.4686985
1500078744766,-4.236743,-0.2154276,8.545295
1500078744830,-4.2175937,-0.16755481,8.516571
1500078744894,-4.2080193,-0.3111732,8.545295
1500078744958,-4.236743,-0.25372586,8.593168
1500078745021,-4.1792955,-0.33032233,8.478273
1500078745085,-4.1409974,-0.15798025,8.487848
1500078745149,-4.0644007,-0.3111732,8.55487
1500078745212,-4.2271686,-0.45479164,8.708063
1500078745276,-4.0931244,-0.36862057,8.487848
1500078745340,-3.997379,-0.2154276,8.487848
1500078745403,-4.1026993,-0.2441513,8.487848
1500078745467,-4.0261025,-0.20585304,8.44955
1500078745531,-4.1601467,-0.3111732,8.6697645
1500078745595,-4.198445,-0.4835153,8.698488
1500078745658,-3.9686553,-0.36862057,8.497422
1500078745722,-4.0069537,-0.25372586,8.545295
1500078745786,-4.121848,-0.2920241,8.602742
1500078745850,-4.1792955,-0.44521707,8.602742
1500078745913,-4.08355,-0.37819514,8.593168
1500078745977,-4.0356774,-0.33032233,8.5740185
1500078746041,-4.045252,-0.34947145,8.526146
1500078746104,-3.8920588,-0.42606795,8.641041
1500078746168,-4.1026993,-0.5313881,8.727212
1500078746232,-3.997379,-0.3111732,8.497422
1500078746296,-3.9878044,-0.2441513,8.497422
1500078746359,-4.0739756,-0.27287498,8.516571
1500078746423,-4.0548263,-0.28244954,8.583593
1500078746487,-4.150572,-0.44521707,8.717637
1500078746550,-3.9878044,-0.54096264,8.612317
1500078746614,-3.9686553,-0.30159867,8.545295
1500078746678,-4.1026993,-0.3111732,8.545295
1500078746741,-4.1122737,-0.3111732,8.602742
1500078746805,-4.121848,-0.36862057,8.602742
1500078746869,-4.08355,-0.33032233,8.5740185
1500078746932,-3.997379,-0.40691882,8.55487
1500078746996,-3.9782298,-0.40691882,8.5740185
1500078747061,-4.016528,-0.40691882,8.650616
1500078747125,-4.121848,-0.36862057,8.602742
1500078747187,-4.045252,-0.34947145,8.535721
1500078747251,-4.08355,-0.3111732,8.564445
1500078747315,-4.016528,-0.25372586,8.459125
1500078747378,-4.0931244,-0.25372586,8.545295
1500078747443,-4.1888704,-0.39734426,8.717637
1500078747506,-4.0069537,-0.4835153,8.583593
1500078747571,-4.016528,-0.27287498,8.506997
1500078747634,-4.08355,-0.23457673,8.564445
1500078747698,-4.169721,-0.32074776,8.564445
1500078747761,-4.1409974,-0.3111732,8.564445
1500078747825,-4.1026993,-0.28244954,8.535721
1500078747888,-4.121848,-0.2920241,8.5740185
1500078747952,-4.169721,-0.3877697,8.55487
1500078748016,-4.1122737,-0.28244954,8.55487
1500078748080,-4.0739756,-0.37819514,8.564445
1500078748143,-4.0739756,-0.36862057,8.564445
1500078748207,-4.121848,-0.32074776,8.545295
1500078748271,-4.08355,-0.36862057,8.564445
1500078748334,-4.08355,-0.3877697,8.5740185
1500078748398,-4.0739756,-0.39734426,8.5740185
1500078748462,-4.0548263,-0.3877697,8.5740185
1500078748525,-4.1026993,-0.42606795,8.602742
1500078748589,-4.0931244,-0.36862057,8.564445
1500078748653,-4.0644007,-0.42606795,8.55487
1500078748716,-3.997379,-0.39734426,8.650616
1500078748780,-4.0261025,-0.42606795,8.5740185
1500078748844,-4.045252,-0.33032233,8.5740185
1500078748908,-4.0356774,-0.37819514,8.5740185
1500078748971,-4.045252,-0.36862057,8.602742
1500078749035,-4.0356774,-0.359046,8.583593
1500078749099,-4.0069537,-0.36862057,8.583593
1500078749163,-4.0548263,-0.40691882,8.593168
1500078749226,-4.121848,-0.32074776,8.5740185
1500078749290,-4.0356774,-0.359046,8.583593
1500078749354,-4.0356774,-0.37819514,8.602742
1500078749418,-4.0069537,-0.3111732,8.5740185
1500078749490,-4.0548263,-0.2920241,8.564445
1500078749545,-4.045252,-0.33032233,8.593168
1500078749608,-4.08355,-0.3111732,8.583593
1500078749672,-4.131423,-0.359046,8.5740185
1500078749736,-4.0739756,-0.2920241,8.593168
1500078749800,-4.0644007,-0.36862057,8.583593
1500078749863,-4.0644007,-0.34947145,8.602742
1500078749927,-4.0548263,-0.3111732,8.5740185
1500078749991,-3.9782298,-0.3877697,8.478273
1500078750054,-3.9016335,-0.30159867,8.545295
1500078750118,-4.0548263,-0.33032233,8.698488
1500078750182,-4.121848,-0.4835153,8.612317
1500078750246,-3.9782298,-0.32074776,8.5740185
1500078750310,-4.0548263,-0.2441513,8.55487
1500078750374,-4.1409974,-0.28244954,8.5740185
1500078750437,-4.0931244,-0.32074776,8.5740185
1500078750500,-4.0548263,-0.359046,8.593168
1500078750564,-4.121848,-0.32074776,8.564445
1500078750628,-4.08355,-0.33032233,8.564445
1500078750691,-4.0739756,-0.3111732,8.564445
1500078750755,-4.0739756,-0.30159867,8.5740185
1500078750819,-4.0931244,-0.3111732,8.535721
1500078750883,-4.1026993,-0.3111732,8.564445
1500078750946,-4.0931244,-0.28244954,8.55487
1500078751010,-4.1409974,-0.30159867,8.545295
1500078751074,-4.131423,-0.28244954,8.583593
1500078751137,-4.1122737,-0.3111732,8.55487
1500078751201,-4.121848,-0.32074776,8.593168
1500078751265,-4.169721,-0.30159867,8.5740185
1500078751329,-4.0644007,-0.36862057,8.535721
1500078751392,-3.9686553,-0.4835153,8.621892
1500078751456,-3.8920588,-0.45479164,8.631466
1500078751520,-3.9590807,-0.110107444,8.621892
1500078751583,-3.5473747,-0.359046,8.698488
1500078751647,-3.8824842,-0.8281995,8.631466
1500078751711,-3.7963133,-0.4835153,8.765511
1500078751775,-3.7388659,-0.5313881,8.6697645
1500078751838,-3.7388659,-0.6558574,8.7750845
1500078751902,-3.7484405,-0.6845811,8.727212
1500078751966,-3.9495063,-0.6271337,8.602742
1500078752029,-3.8154624,-0.63670826,8.698488
1500078752093,-3.5473747,-0.78990126,8.746361
1500078752157,-3.5665238,-0.98139244,8.727212
1500078752220,-3.7388659,-0.78032666,8.765511
1500078752284,-3.8058877,-0.6750065,8.717637
1500078752348,-3.7867386,-0.78990126,8.688913
1500078752412,-3.825037,-0.78990126,8.736787
1500078752475,-3.7292912,-0.78990126,8.746361
1500078752539,-3.5282254,-0.8856468,8.708063
1500078752603,-3.5856729,-0.93351966,8.717637
1500078752666,-3.6622694,-0.83777404,8.708063
1500078752730,-3.8346114,-0.78032666,8.641041
1500078752794,-3.9495063,-0.46436617,8.650616
1500078752858,-4.0548263,-0.5888355,8.631466
1500078752921,-3.7388659,-0.77075213,8.688913
1500078752985,-3.6431203,-0.8856468,8.621892
1500078753049,-3.911208,-0.54096264,8.698488
1500078753112,-4.131423,-0.6079846,8.641041
1500078753176,-3.9399316,-0.78990126,8.650616
1500078753240,-4.0261025,-0.54096264,8.621892
1500078753304,-4.08355,-0.70373017,8.593168
1500078753367,-3.7101421,-0.7994758,8.708063
1500078753431,-3.499502,-0.59841,8.650616
1500078753495,-3.844186,-0.7228793,8.5740185
1500078753558,-4.0931244,-0.71330476,8.746361
1500078753622,-3.911208,-0.56968635,8.602742
1500078753686,-3.9686553,-0.45479164,8.602742
1500078753749,-4.0069537,-0.6750065,8.650616
1500078753813,-3.758015,-0.71330476,8.66019
1500078753877,-4.0739756,-0.61755913,8.526146
1500078753941,-4.2941904,-0.16755481,8.593168
1500078754004,-3.7963133,-0.5888355,8.593168
1500078754068,-3.6526947,-0.78032666,8.631466
1500078754132,-3.7675896,-0.83777404,8.6697645
1500078754196,-4.0548263,-0.59841,8.612317
1500078754259,-4.476107,-0.12925656,8.564445
1500078754323,-4.4090853,-0.26330042,8.526146
1500078754387,-4.0261025,-0.56011176,8.66019
1500078754451,-3.7963133,-0.92394507,8.717637
1500078754514,-3.8058877,-0.63670826,8.535721
1500078754578,-3.9399316,-0.15798025,8.497422
1500078754642,-3.9590807,-0.26330042,8.411251
1500078754705,-4.1122737,-0.3398969,8.708063
1500078754769,-4.198445,-0.665432,8.717637
1500078754833,-3.8824842,-0.42606795,8.535721
1500078754896,-3.8633351,-0.34947145,8.545295
1500078754960,-3.930357,-0.56968635,8.621892
1500078755024,-4.0261025,-0.5888355,8.794233
1500078755088,-4.1026993,-0.50266445,8.583593
1500078755151,-3.9495063,-0.23457673,8.439975
1500078755215,-3.9686553,-0.4356425,8.545295
1500078755280,-3.997379,-0.49308985,8.564445
1500078755343,-4.169721,-0.39734426,8.708063
1500078755415,-4.121848,-0.56968635,8.621892
1500078755470,-4.045252,-0.3398969,8.506997
1500078755534,-4.08355,-0.32074776,8.583593
1500078755597,-4.169721,-0.39734426,8.564445
1500078755661,-4.08355,-0.39734426,8.593168
1500078755725,-4.1026993,-0.44521707,8.621892
1500078755788,-4.0548263,-0.42606795,8.526146
1500078755852,-3.9878044,-0.4835153,8.593168
1500078755916,-3.9495063,-0.49308985,8.621892
1500078755980,-3.9782298,-0.47394073,8.679339
1500078756043,-4.0644007,-0.50266445,8.66019
1500078756107,-3.8824842,-0.39734426,8.4686985
1500078756171,-3.930357,-0.3111732,8.506997
1500078756234,-4.016528,-0.359046,8.66019
1500078756298,-4.08355,-0.5792609,8.736787
1500078756362,-3.9399316,-0.512239,8.602742
1500078756426,-3.9590807,-0.3877697,8.583593
1500078756489,-4.016528,-0.40691882,8.602742
1500078756553,-4.0739756,-0.50266445,8.621892
1500078756617,-4.0069537,-0.4356425,8.602742
1500078756680,-3.9016335,-0.47394073,8.564445
1500078756744,-4.016528,-0.39734426,8.679339
1500078756808,-4.0261025,-0.45479164,8.621892
1500078756872,-4.0069537,-0.54096264,8.66019
1500078756935,-3.9878044,-0.46436617,8.583593
1500078756999,-3.9686553,-0.27287498,8.497422
1500078757063,-4.0069537,-0.37819514,8.526146
1500078757126,-3.930357,-0.4835153,8.688913
1500078757190,-4.0356774,-0.50266445,8.679339
1500078757254,-3.9495063,-0.50266445,8.545295
1500078757317,-4.0069537,-0.33032233,8.602742
1500078757381,-4.045252,-0.42606795,8.583593
1500078757445,-4.0739756,-0.37819514,8.593168
1500078757509,-4.08355,-0.3877697,8.593168
1500078757572,-4.0548263,-0.39734426,8.5740185
1500078757636,-4.0548263,-0.36862057,8.602742
1500078757699,-4.0644007,-0.4835153,8.583593
1500078757763,-4.016528,-0.46436617,8.602742
1500078757827,-4.0548263,-0.40691882,8.612317
1500078757891,-4.1026993,-0.33032233,8.593168
1500078757954,-4.0356774,-0.4356425,8.535721
1500078758018,-4.0261025,-0.37819514,8.593168
1500078758083,-3.9878044,-0.42606795,8.516571
1500078758146,-4.0931244,-0.37819514,8.650616
1500078758218,-4.1026993,-0.50266445,8.631466
1500078758273,-3.9686553,-0.42606795,8.564445
1500078758337,-3.997379,-0.40691882,8.593168
1500078758400,-4.016528,-0.44521707,8.612317
1500078758464,-4.0356774,-0.4356425,8.593168
1500078758528,-4.0356774,-0.42606795,8.612317
1500078758591,-3.997379,-0.44521707,8.583593
1500078758655,-4.0069537,-0.4356425,8.602742
1500078758719,-3.9686553,-0.46436617,8.631466
1500078758783,-4.0261025,-0.45479164,8.631466
1500078758846,-3.9782298,-0.4356425,8.593168
1500078758910,-3.9782298,-0.4835153,8.602742
1500078758974,-3.9495063,-0.45479164,8.650616
1500078759037,-3.9686553,-0.47394073,8.593168
1500078759101,-3.9782298,-0.42606795,8.631466
1500078759166,-3.9782298,-0.45479164,8.602742
1500078759228,-3.9782298,-0.4356425,8.612317
1500078759292,-3.9686553,-0.4356425,8.612317
1500078759356,-3.9686553,-0.4835153,8.631466
1500078759420,-3.9782298,-0.4164934,8.621892
1500078759483,-3.9686553,-0.46436617,8.593168
1500078759547,-3.9495063,-0.45479164,8.641041
1500078759612,-3.9399316,-0.45479164,8.641041
1500078759675,-3.9686553,-0.44521707,8.612317
1500078759739,-3.9590807,-0.4356425,8.631466
1500078759802,-3.9399316,-0.45479164,8.621892
1500078759866,-3.9686553,-0.40691882,8.641041
1500078759929,-3.930357,-0.44521707,8.612317
1500078759993,-3.9686553,-0.46436617,8.66019
1500078760057,-3.9590807,-0.4356425,8.621892
1500078760120,-3.9686553,-0.44521707,8.612317
1500078760184,-3.930357,-0.44521707,8.66019
1500078760248,-3.930357,-0.45479164,8.612317
1500078760312,-3.9495063,-0.4356425,8.621892
1500078760375,-3.9495063,-0.4356425,8.650616
1500078760439,-3.9399316,-0.46436617,8.621892
1500078760503,-3.9686553,-0.36862057,8.641041
1500078760566,-3.9399316,-0.44521707,8.612317
1500078760630,-3.9590807,-0.4356425,8.66019
1500078760694,-3.9495063,-0.45479164,8.612317
1500078760758,-3.9590807,-0.42606795,8.602742
1500078760821,-3.9207826,-0.4356425,8.650616
1500078760885,-3.9399316,-0.44521707,8.621892
1500078760949,-3.9782298,-0.3877697,8.631466
1500078761012,-3.9686553,-0.42606795,8.641041
1500078761076,-3.9207826,-0.42606795,8.631466
1500078761140,-3.930357,-0.4164934,8.612317
1500078761204,-3.9590807,-0.4356425,8.641041
1500078761267,-3.997379,-0.42606795,8.631466
1500078761331,-3.9782298,-0.39734426,8.612317
1500078761395,-3.9495063,-0.4356425,8.593168
1500078761458,-3.8824842,-0.45479164,8.6697645
1500078761522,-3.9878044,-0.45479164,8.612317
1500078761586,-3.9878044,-0.34947145,8.621892
1500078761650,-3.9399316,-0.46436617,8.612317
1500078761713,-3.9495063,-0.4356425,8.66019
1500078761777,-3.9399316,-0.4356425,8.602742
1500078761841,-3.9495063,-0.45479164,8.650616
1500078761904,-3.9495063,-0.46436617,8.650616
1500078761968,-3.930357,-0.45479164,8.612317
1500078762032,-3.9495063,-0.46436617,8.641041
1500078762096,-3.8920588,-0.46436617,8.631466
1500078762159,-3.930357,-0.44521707,8.631466
1500078762223,-3.930357,-0.42606795,8.631466
1500078762287,-3.9207826,-0.44521707,8.621892
1500078762351,-3.9207826,-0.4356425,8.631466
1500078762414,-3.9399316,-0.47394073,8.66019
1500078762478,-3.9399316,-0.42606795,8.641041
1500078762542,-3.9399316,-0.4356425,8.621892
1500078762605,-3.911208,-0.45479164,8.650616
1500078762670,-3.9016335,-0.44521707,8.650616
1500078762733,-3.9207826,-0.44521707,8.612317
1500078762797,-3.930357,-0.44521707,8.631466
1500078762860,-3.930357,-0.46436617,8.641041
1500078762924,-3.930357,-0.42606795,8.631466
1500078762988,-3.9399316,-0.45479164,8.650616
1500078763051,-3.9782298,-0.44521707,8.66019
1500078763115,-3.930357,-0.3877697,8.602742
1500078763179,-3.9782298,-0.44521707,8.66019
1500078763242,-3.9207826,-0.4356425,8.650616
1500078763306,-3.8920588,-0.40691882,8.621892
1500078763370,-4.0069537,-0.37819514,8.631466
1500078763433,-3.997379,-0.36862057,8.631466
1500078763497,-3.9495063,-0.36862057,8.612317
1500078763561,-3.9207826,-0.4164934,8.612317
1500078763625,-3.9782298,-0.42606795,8.631466
1500078763688,-4.0069537,-0.33032233,8.593168
1500078763752,-4.0069537,-0.37819514,8.593168
1500078763816,-3.9590807,-0.44521707,8.650616
1500078763879,-4.045252,-0.40691882,8.621892
1500078763943,-3.9782298,-0.3111732,8.593168
1500078764007,-3.9016335,-0.47394073,8.631466
1500078764071,-3.9590807,-0.45479164,8.621892
1500078764134,-3.9782298,-0.39734426,8.593168
1500078764198,-3.9686553,-0.39734426,8.650616
1500078764262,-4.0069537,-0.47394073,8.641041
1500078764325,-3.930357,-0.40691882,8.612317
1500078764389,-3.930357,-0.47394073,8.621892
1500078764453,-3.8920588,-0.4356425,8.6697645
1500078764517,-3.9399316,-0.44521707,8.612317
1500078764580,-3.9399316,-0.37819514,8.650616
1500078764644,-3.930357,-0.46436617,8.631466
1500078764709,-3.9207826,-0.39734426,8.641041
1500078764772,-3.8824842,-0.4356425,8.631466
1500078764835,-3.911208,-0.4835153,8.66019
1500078764899,-3.9399316,-0.40691882,8.6697645
1500078764963,-3.911208,-0.45479164,8.612317
1500078765026,-3.9207826,-0.50266445,8.650616
1500078765090,-3.8824842,-0.45479164,8.650616
1500078765154,-3.911208,-0.46436617,8.631466
1500078765217,-3.911208,-0.45479164,8.66019
1500078765281,-3.9207826,-0.49308985,8.650616
1500078765345,-3.9207826,-0.44521707,8.641041
1500078765408,-3.911208,-0.44521707,8.641041
1500078765472,-3.911208,-0.4835153,8.66019
1500078765536,-3.9207826,-0.45479164,8.641041
1500078765600,-3.911208,-0.45479164,8.602742
1500078765663,-3.8920588,-0.46436617,8.6697645
1500078765727,-3.9016335,-0.47394073,8.641041
1500078765791,-3.9207826,-0.44521707,8.631466
1500078765855,-3.9207826,-0.45479164,8.66019
1500078765918,-3.8920588,-0.45479164,8.650616
1500078765982,-3.9207826,-0.46436617,8.641041
1500078766046,-3.8729098,-0.4356425,8.641041
1500078766109,-3.911208,-0.54096264,8.6697645
1500078766173,-3.9207826,-0.4356425,8.641041
1500078766237,-3.911208,-0.46436617,8.612317
1500078766301,-3.9016335,-0.4356425,8.66019
1500078766364,-3.8920588,-0.46436617,8.650616
1500078766428,-3.930357,-0.4356425,8.621892
1500078766492,-3.9399316,-0.40691882,8.641041
1500078766555,-3.9495063,-0.4356425,8.641041
1500078766619,-3.9590807,-0.39734426,8.612317
1500078766683,-3.9590807,-0.39734426,8.621892
1500078766746,-3.9495063,-0.40691882,8.631466
1500078766810,-3.9686553,-0.42606795,8.631466
1500078766874,-3.9878044,-0.36862057,8.602742
1500078766938,-3.9590807,-0.3877697,8.612317
1500078767001,-3.9399316,-0.42606795,8.641041
1500078767065,-3.997379,-0.39734426,8.621892
1500078767129,-3.9878044,-0.34947145,8.612317
1500078767193,-3.9878044,-0.4164934,8.631466
1500078767256,-3.9399316,-0.4164934,8.621892
1500078767320,-3.9495063,-0.39734426,8.621892
1500078767384,-3.9495063,-0.44521707,8.621892
1500078767447,-3.9399316,-0.4356425,8.66019
1500078767511,-3.9878044,-0.4164934,8.631466
1500078767575,-3.9207826,-0.44521707,8.593168
1500078767638,-3.930357,-0.49308985,8.6697645
1500078767702,-3.911208,-0.49308985,8.641041
1500078767766,-3.911208,-0.4356425,8.631466
1500078767830,-3.911208,-0.46436617,8.650616
1500078767893,-3.8729098,-0.4835153,8.66019
1500078767957,-3.8920588,-0.50266445,8.650616
1500078768021,-3.8824842,-0.46436617,8.650616
1500078768085,-3.8920588,-0.512239,8.6697645
1500078768148,-3.930357,-0.47394073,8.688913
1500078768212,-3.8633351,-0.45479164,8.631466
1500078768276,-3.8920588,-0.512239,8.631466
1500078768339,-3.8729098,-0.47394073,8.698488
1500078768403,-3.8824842,-0.49308985,8.631466
1500078768467,-3.911208,-0.4356425,8.679339
1500078768530,-3.8920588,-0.4835153,8.641041
1500078768594,-3.9016335,-0.45479164,8.66019
1500078768658,-3.9016335,-0.4835153,8.641041
1500078768722,-3.8633351,-0.4356425,8.650616
1500078768785,-3.8920588,-0.5313881,8.66019
1500078768849,-3.9399316,-0.45479164,8.679339
1500078768913,-3.9016335,-0.46436617,8.631466
1500078768976,-3.9016335,-0.50266445,8.631466
1500078769040,-3.844186,-0.5218136,8.688913
1500078769104,-3.8824842,-0.46436617,8.641041
1500078769168,-3.8824842,-0.45479164,8.650616
1500078769231,-3.8920588,-0.4835153,8.6697645
1500078769295,-3.8824842,-0.49308985,8.641041
1500078769359,-3.8920588,-0.44521707,8.66019
1500078769422,-3.8824842,-0.49308985,8.641041
1500078769486,-3.8920588,-0.45479164,8.650616
1500078769550,-3.9016335,-0.47394073,8.650616
1500078769614,-3.9399316,-0.45479164,8.6697645
1500078769677,-3.9207826,-0.42606795,8.621892
1500078769741,-3.9207826,-0.45479164,8.621892
1500078769806,-3.8824842,-0.45479164,8.6697645
1500078769877,-3.9590807,-0.42606795,8.621892
1500078769932,-3.9686553,-0.359046,8.631466
1500078769996,-3.9399316,-0.42606795,8.631466
1500078770060,-3.9495063,-0.37819514,8.631466
1500078770123,-3.9686553,-0.39734426,8.621892
1500078770187,-3.997379,-0.359046,8.641041
1500078770252,-3.9590807,-0.37819514,8.593168
1500078770315,-3.9878044,-0.34947145,8.641041
1500078770379,-4.016528,-0.3877697,8.602742
1500078770451,-4.0069537,-0.33032233,8.621892
1500078770506,-3.9590807,-0.39734426,8.631466
1500078770569,-3.9399316,-0.3877697,8.631466
1500078770633,-3.9590807,-0.34947145,8.593168
1500078770697,-3.9495063,-0.3877697,8.612317
1500078770760,-3.997379,-0.3877697,8.66019
1500078770824,-3.997379,-0.37819514,8.612317
1500078770888,-3.9686553,-0.33032233,8.631466
1500078770952,-3.9686553,-0.4164934,8.641041
1500078771015,-3.9399316,-0.42606795,8.650616
1500078771079,-3.9399316,-0.37819514,8.641041
1500078771143,-3.930357,-0.42606795,8.621892
1500078771207,-3.8920588,-0.40691882,8.66019
1500078771270,-3.8633351,-0.44521707,8.650616
1500078771334,-3.9207826,-0.36862057,8.679339
1500078771398,-3.9016335,-0.45479164,8.641041
1500078771461,-3.8537605,-0.44521707,8.6697645
1500078771525,-3.8729098,-0.46436617,8.66019
1500078771589,-3.8920588,-0.4164934,8.66019
1500078771653,-3.8633351,-0.45479164,8.6697645
1500078771716,-3.9207826,-0.47394073,8.6697645
1500078771780,-3.911208,-0.42606795,8.650616
1500078771844,-3.8920588,-0.4835153,8.631466
1500078771907,-3.825037,-0.44521707,8.679339
1500078771971,-3.8346114,-0.50266445,8.650616
1500078772035,-3.911208,-0.44521707,8.6697645
1500078772099,-3.8920588,-0.44521707,8.650616
1500078772162,-3.8920588,-0.46436617,8.6697645
1500078772226,-3.8920588,-0.4835153,8.650616
1500078772290,-3.8824842,-0.44521707,8.66019
1500078772354,-3.8633351,-0.45479164,8.66019
1500078772417,-3.9016335,-0.49308985,8.679339
1500078772481,-3.911208,-0.42606795,8.66019
1500078772545,-3.8824842,-0.47394073,8.631466
1500078772608,-3.8537605,-0.46436617,8.688913
1500078772672,-3.8537605,-0.49308985,8.6697645
1500078772736,-3.8729098,-0.44521707,8.650616
1500078772799,-3.8824842,-0.46436617,8.66019
1500078772863,-3.8729098,-0.47394073,8.6697645
1500078772927,-3.8824842,-0.44521707,8.650616
1500078772990,-3.8824842,-0.45479164,8.650616
1500078773054,-3.8824842,-0.4356425,8.66019
1500078773119,-3.911208,-0.44521707,8.6697645
1500078773183,-3.9399316,-0.45479164,8.6697645
1500078773254,-3.930357,-0.39734426,8.621892
1500078773309,-3.911208,-0.45479164,8.641041
1500078773373,-3.8920588,-0.44521707,8.66019
1500078773437,-3.9016335,-0.42606795,8.641041
1500078773500,-3.9495063,-0.3877697,8.631466
1500078773564,-3.9207826,-0.3877697,8.641041
1500078773628,-3.9207826,-0.42606795,8.641041
1500078773691,-3.9590807,-0.40691882,8.650616
1500078773755,-3.9207826,-0.39734426,8.631466
1500078773819,-3.9495063,-0.4356425,8.641041
1500078773883,-3.9495063,-0.4164934,8.6697645
1500078773946,-3.9399316,-0.4164934,8.621892
1500078774010,-3.9590807,-0.44521707,8.631466
1500078774074,-3.8729098,-0.44521707,8.66019
1500078774137,-3.8920588,-0.46436617,8.66019
1500078774201,-3.9399316,-0.40691882,8.66019
1500078774265,-3.9207826,-0.4356425,8.631466
1500078774329,-3.8920588,-0.45479164,8.6697645
1500078774392,-3.8824842,-0.49308985,8.66019
1500078774456,-3.8824842,-0.4356425,8.650616
1500078774520,-3.8537605,-0.47394073,8.6697645
1500078774584,-3.8824842,-0.4835153,8.679339
1500078774647,-3.9207826,-0.45479164,8.650616
1500078774711,-3.8633351,-0.47394073,8.650616
1500078774775,-3.8346114,-0.50266445,8.66019
