1500078371889,-9.052747,1.1728836,-1.2877784
1500078371953,-9.914457,0.56011176,0.19627848
1500078372017,-9.349558,-0.03351096,0.00478728
1500078372081,-9.617646,-0.69415563,-0.22500217
1500078372144,-10.268716,-0.6750065,0.39734426
1500078372208,-11.207023,-1.3165021,-0.13883112
1500078372272,-11.417664,-0.6750065,0.20585304
1500078372336,-10.048501,-0.23457673,0.40691882
1500078372399,-9.31126,-1.3165021,-0.93351966
1500078372463,-10.06765,-0.6079846,-1.0101161
1500078372527,-8.55487,0.5313881,0.8760723
1500078372591,-9.3878565,-0.42606795,-1.0388398
1500078372654,-10.603826,0.33032233,-1.2303311
1500078372718,-11.015532,0.8856468,-1.3930986
1500078372782,-10.393186,1.4122477,-0.0718092
1500078372845,-11.570856,0.9718179,-0.9718179
1500078372909,-8.755936,1.2494801,-0.062234644
1500078372973,-7.846352,1.3452257,-0.751603
1500078373037,-10.230418,1.0196906,-0.8760723
1500078373100,-10.010203,0.70373017,0.09095833
1500078373164,-8.842107,0.0,-0.043085523
1500078373228,-9.502751,-0.54096264,-0.4835153
1500078373291,-10.785743,-0.8952214,-0.22500217
1500078373355,-11.791071,-0.44521707,-0.03351096
1500078373419,-11.341067,-0.023936402,0.40691882
1500078373483,-9.62722,0.03351096,-0.37819514
1500078373546,-8.727212,-0.77075213,-0.751603
1500078373610,-10.919786,-0.20585304,-0.8090504
1500078373674,-11.235746,0.6845811,0.0718092
1500078373738,-10.125097,0.26330042,-0.59841
1500078373801,-9.407005,-0.47394073,-1.0005416
1500078373865,-8.736787,-0.8281995,-0.9430942
1500078373929,-8.755936,-0.6558574,-0.512239
1500078373992,-9.263388,-0.37819514,-0.2920241
1500078374056,-11.187874,-0.3398969,-0.9718179
1500078374120,-10.919786,0.15798025,-0.062234644
1500078374184,-9.091045,0.6845811,-0.081383765
1500078374247,-10.115523,0.61755913,-0.665432
1500078374311,-10.594251,0.30159867,-0.10053288
1500078374375,-9.474028,-0.10053288,0.25372586
1500078374439,-9.550624,-0.8952214,-0.023936402
1500078374502,-9.876159,-0.8090504,0.46436617
1500078374566,-10.469782,-0.54096264,0.6079846
1500078374630,-10.249567,-0.10053288,0.9718179
1500078374693,-11.293194,-0.359046,-0.28244954
1500078374757,-10.5080805,0.45479164,0.61755913
1500078374821,-8.9761505,0.18670394,0.54096264
1500078374885,-9.770839,-0.8856468,-0.90479594
1500078374948,-11.302769,-0.12925656,-0.17712937
1500078375012,-9.5219,-0.2441513,0.46436617
1500078375076,-8.34423,-1.0101161,-0.110107444
1500078375140,-8.593168,-1.1345854,-0.49308985
1500078375204,-9.234664,-0.7228793,-0.014361841
1500078375268,-9.75169,-0.5888355,0.32074776
1500078375331,-11.858093,-0.69415563,-0.512239
1500078375394,-10.776168,1.709059,1.6516117
1500078375458,-7.635712,0.76117754,0.9622433
1500078375521,-8.430401,-1.0005416,-0.09095833
1500078375586,-9.780414,-0.4356425,1.4888442
1500078375650,-9.5219,0.23457673,1.9771467
1500078375714,-9.129343,-1.0292653,1.4026731
1500078375776,-9.349558,-0.59841,1.948423
1500078375840,-9.5889225,-0.71330476,1.5845897
1500078375904,-9.474028,-1.2399056,0.023936402
1500078375968,-10.584677,-0.61755913,-0.91437054
1500078376031,-10.259142,0.5505372,0.00478728
1500078376095,-10.967659,-0.46436617,-2.580344
1500078376159,-10.182545,0.69415563,-1.8718265
1500078376223,-9.368708,0.9526688,-0.71330476
1500078376286,-9.550624,0.512239,-1.6899099
1500078376350,-9.809137,0.7324539,-1.469695
1500078376414,-10.019777,0.751603,-1.0675635
1500078376477,-9.780414,0.85692316,-0.9430942
1500078376541,-9.952756,0.70373017,-0.85692316
1500078376605,-10.000628,0.3111732,-0.54096264
1500078376669,-9.272962,0.30159867,0.5505372
1500078376732,-9.234664,0.023936402,0.2920241
1500078376796,-9.5889225,-0.081383765,-0.27287498
1500078376860,-9.64637,0.5218136,0.83777404
1500078376924,-10.852764,0.043085523,1.2782038
1500078376987,-10.441058,0.16755481,1.9388485
1500078377052,-8.947427,0.56968635,1.6037389
1500078377115,-9.244238,0.110107444,1.2111819
1500078377179,-10.728295,-0.15798025,1.5079932
1500078377243,-10.230418,-0.6271337,0.64628285
1500078377306,-8.736787,-1.4888442,1.1920328
1500078377378,-8.478273,-2.6377914,0.665432
1500078377433,-8.727212,-2.0537431,0.9718179
1500078377497,-9.301685,-1.2016073,1.3643749
1500078377561,-9.454879,-0.28244954,1.3069274
1500078377624,-9.225089,-0.5313881,0.5313881
1500078377688,-9.598496,-0.26330042,0.63670826
1500078377752,-9.5889225,-0.2154276,1.6324625
1500078377816,-9.732541,-0.4164934,1.709059
1500078377879,-10.383611,0.12925656,1.776081
1500078377943,-9.85701,0.19627848,1.929274
1500078378007,-9.378282,-0.359046,1.4409714
1500078378070,-9.598496,-0.46436617,1.2590547
1500078378134,-9.54105,0.062234644,1.5654407
1500078378198,-8.947427,0.23457673,1.6420372
1500078378262,-9.004874,-0.023936402,1.4984187
1500078378325,-9.426155,0.023936402,2.0920415
1500078378389,-9.339984,0.8760723,2.513322
1500078378453,-9.071896,1.1633091,2.0920415
1500078378516,-8.708063,1.3069274,1.9675722
1500078378580,-9.043172,1.1728836,2.2452345
1500078378644,-9.809137,0.71330476,2.4845984
1500078378708,-10.383611,0.023936402,1.4026731
1500078378771,-11.341067,0.3877697,-1.0675635
1500078378835,-9.971905,1.6133134,0.062234644
1500078378899,-8.822957,0.11968201,-0.3398969
1500078378963,-9.397431,-0.359046,-1.4505459
1500078379026,-9.244238,0.18670394,-0.69415563
1500078379090,-9.062322,0.043085523,-0.5505372
1500078379154,-9.770839,-0.32074776,-0.8186249
1500078379217,-9.943181,-0.512239,-0.9622433
1500078379281,-9.770839,0.20585304,-0.63670826
1500078379345,-9.914457,0.3398969,-0.59841
1500078379409,-10.06765,-0.15798025,-0.90479594
1500078379472,-9.8953085,-0.39734426,-0.7324539
1500078379536,-9.54105,-0.32074776,-0.6271337
1500078379600,-9.866585,-0.39734426,-1.1250108
1500078379663,-10.383611,-0.2154276,-0.8664977
1500078379727,-10.421909,0.014361841,-0.63670826
1500078379791,-9.991054,-0.023936402,-0.76117754
1500078379855,-9.713391,-0.23457673,-0.8186249
1500078379918,-9.780414,-0.39734426,-0.9430942
1500078379982,-10.029352,-0.09095833,-0.8856468
1500078380046,-9.8953085,0.20585304,-0.92394507
1500078380109,-9.828286,0.062234644,-1.0196906
1500078380173,-9.885734,0.023936402,-0.8952214
1500078380237,-9.85701,0.13883112,-0.8952214
1500078380301,-9.493176,0.2441513,-0.77075213
1500078380364,-9.062322,-0.09095833,-0.7228793
1500078380428,-8.794233,-0.5218136,-0.78032666
1500078380492,-9.215514,-0.42606795,-0.77075213
1500078380555,-10.239992,-0.062234644,-1.0101161
1500078380619,-11.274045,0.7324539,-0.5313881
1500078380683,-10.479357,0.5505372,0.54096264
1500078380747,-10.642124,-0.03351096,-0.28244954
1500078380810,-9.167642,0.71330476,0.0718092
1500078380874,-7.9708214,0.90479594,0.5313881
1500078380938,-9.780414,0.50266445,0.023936402
1500078381001,-10.450633,0.8186249,0.9430942
1500078381065,-8.985725,0.17712937,0.77075213
1500078381129,-7.9420977,-1.1058618,0.44521707
1500078381193,-8.066567,-1.4505459,1.1537346
1500078381256,-8.076141,-1.862252,0.8090504
1500078381320,-8.526146,-1.5462915,0.081383765
1500078381384,-9.770839,-1.9579976,-0.22500217
1500078381447,-9.742115,-0.8952214,-0.34947145
1500078381511,-10.728295,-0.23457673,-1.6994845
1500078381575,-7.2527294,0.7994758,-0.34947145
1500078381639,-6.6878304,0.69415563,-1.9101248
1500078381702,-7.5782647,2.1399143,-2.0250196
1500078381766,-8.210186,0.16755481,-0.3111732
1500078381830,-8.497422,0.8952214,-0.83777404
1500078381894,-9.330409,1.4984187,-0.70373017
1500078381957,-9.474028,1.0484143,-0.043085523
1500078382021,-11.628304,-0.10053288,-0.28244954
1500078382084,-12.375119,0.7324539,-0.023936402
1500078382149,-11.9346895,-0.09095833,0.59841
1500078382213,-11.254896,0.26330042,0.30159867
1500078382276,-11.293194,-0.64628285,-0.014361841
1500078382340,-11.925115,-0.4835153,0.0718092
1500078382403,-11.666602,0.9430942,1.1633091
1500078382467,-10.728295,-0.062234644,-0.0718092
1500078382531,-10.19212,-0.8473486,-0.34947145
1500078382594,-8.727212,-1.2973529,-0.8856468
1500078382658,-9.215514,-1.5079932,-0.50266445
1500078382722,-10.316589,-0.69415563,0.32074776
1500078382786,-12.059159,0.64628285,-0.15798025
1500078382849,-11.140001,0.63670826,-1.0867126
1500078382913,-12.681505,-0.8186249,-5.500585
1500078382977,-16.70282,-2.321831,-6.611234
1500078383040,-16.750694,-5.960164,-5.7686725
1500078383104,-9.129343,-4.543129,-6.8122997
1500078383168,-1.8526775,-0.30159867,-5.1846247
1500078383232,-1.383524,2.1973617,-4.2271686
1500078383295,-1.8431029,-5.0122824,-7.0325146
1500078383359,-0.93351966,-6.5346375,-6.486765
1500078383423,-1.5367169,2.2739582,-5.433563
1500078383486,-2.8388572,-2.4367256,-6.783576
1500078383550,-3.8058877,-3.5090764,-11.350641
1500078383614,-5.912291,-1.3452257,-7.482519
1500078383678,-5.347392,-3.2792869,-6.151655
1500078383741,-4.916537,-4.5622783,-5.8548436
1500078383805,-4.0548263,-4.045252,-4.2271686
1500078383869,-4.6005764,-3.8058877,-2.9824755
1500078383933,-8.11444,-5.0601554,-3.0303483
1500078383996,-9.722966,-4.3707867,-1.4122477
1500078384060,-9.18679,-4.0739756,-1.4505459
1500078384124,-9.876159,-4.016528,-1.622888
1500078384187,-10.374036,-3.9399316,-2.187787
1500078384251,-9.617646,-3.6814184,-0.665432
1500078384315,-10.239992,-3.9782298,-0.32074776
1500078384378,-11.025106,-4.4090853,-0.7994758
1500078384442,-10.182545,-3.997379,-0.6558574
1500078384506,-10.077225,-4.1888704,-0.59841
1500078384570,-10.249567,-4.1409974,-0.78032666
1500078384633,-9.8953085,-3.8537605,-0.3398969
1500078384697,-9.464453,-3.1069448,-0.39734426
1500078384761,-9.885734,-3.844186,-1.1154363
1500078384825,-8.803808,-3.3941817,-1.1537346
1500078384888,-7.7984796,-2.7431116,-1.1058618
1500078384952,-7.894225,-2.6760898,-0.6750065
1500078385016,-9.244238,-4.150572,-0.8473486
1500078385080,-11.580431,-0.30159867,-0.17712937
1500078385143,-10.967659,-1.1154363,0.50266445
1500078385208,-10.354887,-0.6079846,0.56968635
1500078385270,-10.5080805,-0.5888355,0.062234644
1500078385335,-10.881488,1.4888442,-0.69415563
1500078385398,-10.747444,2.8963046,-0.76117754
1500078385462,-10.996383,2.1111906,-0.5792609
1500078385525,-10.900637,1.6133134,-0.32074776
1500078385590,-10.814466,1.4026731,0.83777404
1500078385654,-10.364462,2.0824668,2.34098
1500078385717,-9.761265,2.5994933,3.2601378
1500078385781,-9.7899885,2.3505547,2.5420458
1500078385844,-9.474028,1.929274,1.6899099
1500078385908,-8.5740185,1.8048047,1.0388398
1500078385972,-8.085716,2.1590633,0.6558574
1500078386035,-8.411251,2.7239625,0.7420284
1500078386099,-8.4686985,2.972901,0.92394507
1500078386163,-8.870831,3.2792869,0.6558574
1500078386226,-9.062322,3.9782298,0.5218136
1500078386290,-8.583593,4.1122737,0.26330042
1500078386354,-8.315506,3.8920588,0.3398969
1500078386417,-9.024023,4.0548263,0.10053288
1500078386481,-7.3197513,4.0931244,0.13883112
1500078386545,-8.152739,4.121848,-0.062234644
1500078386609,-8.966576,3.8824842,-0.2154276
1500078386672,-8.612317,3.5090764,0.14840569
1500078386736,-8.545295,2.7909844,0.0
1500078386800,-9.158067,2.7431116,-0.6750065
1500078386863,-8.621892,1.948423,-0.78032666
1500078386927,-8.258059,-0.20585304,-0.5218136
1500078386991,-11.944264,-0.8186249,-1.383524
1500078387055,-13.696408,-1.8143792,-1.8526775
1500078387118,-11.015532,-1.2303311,-1.8143792
1500078387182,-11.905966,-1.4601204,-2.3792782
1500078387246,-10.757019,-0.8473486,-2.1303396
1500078387310,-11.245321,-0.6845811,-1.9005502
1500078387374,-12.777251,-0.20585304,-2.666515
1500078387437,-11.532558,2.360129,-1.8909757
1500078387501,-9.014449,3.5665238,-1.3356512
1500078387564,-8.822957,-0.5888355,-1.6037389
1500078387628,-6.9463434,-0.6750065,0.110107444
1500078387692,-10.584677,-0.47394073,-0.47394073
1500078387756,-11.455961,2.34098,-1.929274
1500078387819,-11.15915,1.3260766,-0.59841
1500078387883,-12.135756,-0.9622433,-0.32074776
1500078387947,-12.049584,-3.2984362,1.0867126
1500078388011,-12.872996,-2.7909844,2.4558747
1500078388074,-13.658111,-0.6845811,1.1250108
1500078388138,-11.484685,-1.383524,0.45479164
1500078388202,-10.661273,-1.469695,-1.3069274
1500078388265,-12.681505,-1.6133134,-2.015445
1500078388329,-11.609155,-0.71330476,-1.3165021
1500078388393,-12.030436,-0.8186249,-1.0771381
1500078388457,-13.02619,-0.61755913,-2.9346027
1500078388520,-11.522984,1.8814012,-3.2409887
1500078388584,-8.631466,0.062234644,-2.714388
1500078388648,-5.7112255,-1.7377827,-1.1154363
1500078388711,-7.616563,-0.5888355,0.9622433
1500078388775,-10.5080805,-1.6133134,-0.6750065
1500078388839,-11.743198,-0.36862057,-2.3984275
1500078388903,-14.816632,-1.1058618,-0.78032666
1500078388966,-14.634716,-0.85692316,2.8580062
1500078389030,-14.414501,0.37819514,4.4473834
1500078389094,-14.30918,-3.5473747,-0.5313881
1500078389157,-9.330409,-3.7963133,-1.1250108
1500078389221,-9.339984,-3.3941817,-1.7282082
1500078389285,-14.261308,-1.8335283,-2.2835326
1500078389349,-14.30918,0.30159867,-1.6133134
1500078389412,-12.336822,-0.33032233,-1.0675635
1500078389476,-11.274045,-0.8473486,-1.3452257
1500078389540,-11.666602,-0.50266445,-1.5654407
1500078389603,-8.382527,0.91437054,-0.70373017
1500078389667,-5.9314404,1.2494801,0.751603
1500078389731,-6.1899533,-1.0675635,2.666515
1500078389795,-10.843189,-0.33032233,1.3930986
1500078389858,-14.845356,-0.33032233,-1.1154363
1500078389922,-13.227255,-0.751603,-1.709059
1500078389986,-13.303852,-0.77075213,-1.4218222
1500078390049,-12.279374,-2.4558747,0.4835153
1500078390113,-11.101703,-3.5569491,-0.61755913
1500078390177,-11.207023,-4.7441945,-1.9675722
1500078390241,-9.770839,-4.342063,-0.7324539
1500078390304,-11.886817,-3.0016246,-1.0484143
1500078390368,-13.753856,-1.929274,-1.5941644
1500078390432,-13.600663,-0.4835153,-1.4601204
1500078390495,-13.696408,-1.5941644,-1.3643749
1500078390559,-12.9591675,-2.1590633,-2.1111906
1500078390623,-10.82404,-2.7622607,-1.79523
1500078390687,-7.35805,-3.2409887,-0.9718179
1500078390750,-3.5760984,-4.3707867,-0.16755481
1500078390814,-3.0111992,-6.783576,0.64628285
1500078390878,-5.2133484,-9.225089,0.77075213
1500078390941,-4.8207912,-8.995299,2.2739582
1500078391005,-3.173967,-9.110194,2.1590633
1500078391069,-1.6420372,-10.345312,1.0005416
1500078391133,-0.7420284,-10.680422,0.33032233
1500078391196,-1.1154363,-11.925115,-1.5462915
1500078391260,-1.9579976,-11.7336235,-1.8143792
1500078391324,-3.1548176,-10.871913,-0.83777404
1500078391387,-3.4899273,-9.483603,-0.33032233
1500078391451,-3.6335456,-9.608071,-0.13883112
1500078391515,-4.08355,-9.148493,-0.15798025
1500078391579,-3.1643922,-8.717637,0.28244954
1500078391642,-3.1835413,-9.617646,0.6750065
1500078391706,-2.2931073,-11.015532,1.9388485
1500078391770,-0.09095833,-11.101703,2.2260852
1500078391833,2.0537431,-10.421909,1.3739494
1500078391897,2.3697038,-9.761265,1.0292653
1500078391961,2.7239625,-8.506997,0.91437054
1500078392025,3.6622694,-7.2240057,0.85692316
1500078392088,4.5622783,-5.5963306,0.34947145
1500078392152,5.9027166,-4.2175937,-1.4026731
1500078392216,5.088879,-4.581427,-1.9005502
1500078392279,4.6867476,-6.9942164,-0.76117754
1500078392344,2.4845984,-11.178299,4.5910015
1500078392407,4.7058964,-9.837861,1.1537346
1500078392471,2.0058703,-9.96233,3.4324799
1500078392534,1.8335283,-10.622974,4.4186597
1500078392598,1.2494801,-9.914457,5.06973
1500078392662,0.751603,-9.138918,5.797396
1500078392726,0.6558574,-9.397431,4.6675982
1500078392789,0.7228793,-8.727212,4.610151
1500078392853,0.8952214,-8.200611,5.0505805
1500078392917,0.36862057,-7.6740103,4.648449
1500078392980,0.7420284,-9.18679,4.1026993
1500078393044,0.751603,-8.9761505,4.0931244
1500078393108,1.0388398,-8.277207,4.782493
1500078393172,1.2207564,-8.535721,4.131423
1500078393235,1.3930986,-9.474028,2.4463003
1500078393299,0.8952214,-8.736787,4.5239797
1500078393363,0.8473486,-9.31126,3.9782298
1500078393427,1.0962871,-8.755936,4.4856815
1500078393490,0.4164934,-7.9899707,5.309094
1500078393554,-1.7377827,-7.204857,6.410168
1500078393618,0.27287498,-7.549541,1.1537346
1500078393681,2.513322,-7.788905,-0.8664977
1500078393745,1.4505459,-10.575102,-8.181462
1500078393809,1.1633091,-6.6495323,-9.129343
1500078393873,-0.54096264,-8.746361,-7.8367777
1500078393936,0.3111732,-5.845269,-7.9420977
1500078394000,-0.11968201,-5.2420716,-7.4250717
1500078394064,0.512239,-7.02294,-9.29211
1500078394127,1.0579889,-3.5760984,-9.474028
1500078394191,0.8281995,-3.7867386,-9.110194
1500078394255,0.56011176,-4.648449,-9.033598
1500078394319,0.59841,-4.658024,-8.746361
1500078394382,0.3398969,-3.9878044,-8.621892
1500078394446,0.22500217,-4.7441945,-8.9761505
1500078394510,0.54096264,-3.7867386,-9.359133
1500078394574,0.59841,-3.5282254,-9.5889225
1500078394637,0.40691882,-4.437809,-7.5591154
1500078394701,0.56011176,-5.2420716,-10.211268
1500078394765,1.0484143,-3.777164,-10.058076
1500078394828,-0.0718092,-4.0069537,-7.721883
1500078394892,0.09095833,-3.5760984,-8.870831
1500078394956,1.6611862,-4.8590894,-9.770839
1500078395020,0.5505372,-4.3612123,-7.693159
1500078395083,0.09095833,-4.5622783,-10.354887
1500078395148,0.5313881,-2.2165108,-10.239992
1500078395212,0.8664977,-2.6760898,-8.928278
1500078395275,0.5888355,-3.7963133,-10.058076
1500078395339,0.8664977,-2.321831,-10.077225
1500078395402,0.40691882,-4.437809,-9.722966
1500078395466,-0.36862057,5.146326,-7.855927
1500078395529,0.5792609,-10.996383,-10.699572
1500078395593,0.92394507,1.4888442,-10.488931
1500078395657,-0.25372586,0.8664977,-10.06765
1500078395721,0.71330476,-2.1207652,-11.082554
1500078395784,1.3165021,-1.1345854,-9.991054
1500078395857,0.47394073,-1.9867213,-8.44955
1500078395912,1.2590547,-4.7250457,-11.637878
1500078395975,1.6037389,-6.668681,-11.982562
1500078396039,2.2069361,-9.483603,-3.039923
1500078396103,5.155901,-8.353804,-9.138918
1500078396167,3.1356685,-5.835695,-5.912291
1500078396230,1.6994845,-2.5899186,-1.5079932
1500078396294,2.7718353,-6.515488,-2.6760898
1500078396358,6.6495323,-7.1091113,0.6271337
1500078396421,7.46337,-9.464453,-1.4792696
1500078396485,7.137835,-6.592085,0.023936402
1500078396549,6.5059137,-6.678256,2.0728924
1500078396613,6.9942164,-8.688913,0.10053288
1500078396676,7.176133,-8.765511,-1.8814012
1500078396740,6.094208,-9.071896,-1.0867126
1500078396804,5.4048395,-6.0367603,-1.2399056
1500078396868,6.544212,-7.8655014,-6.5059137
1500078396931,5.979313,-5.0314317,-4.5335546
1500078396995,6.9271946,-7.204857,-4.6388745
1500078397059,5.4239883,-7.511243,-6.094208
1500078397123,5.376116,-5.7495236,-2.9441774
1500078397186,3.7005677,-7.6069884,-2.580344
1500078397250,6.3527207,-9.253813,-2.8292825
1500078397314,4.868664,-9.20594,-0.09095833
1500078397377,4.6293,-8.832532,-0.99096704
1500078397442,5.2133484,-9.742115,-2.800559
1500078397506,4.342063,-8.66019,-3.0494976
1500078397569,4.916537,-6.37187,-0.25372586
1500078397641,5.538883,-8.363379,-0.3877697
1500078397696,5.1654754,-9.339984,-0.5888355
1500078397760,4.581427,-7.9133744,0.22500217
1500078397823,5.5580325,-8.286782,-1.2494801
1500078397887,4.476107,-9.780414,-1.1154363
1500078397951,4.437809,-9.454879,0.6845811
1500078398015,3.9207826,-9.837861,0.4835153
1500078398078,3.4707782,-8.66019,-2.9824755
1500078398142,3.0111992,-7.35805,-3.7963133
1500078398206,1.8814012,-8.5740185,-2.8771553
1500078398269,0.9622433,-9.0814705,-2.0058703
1500078398333,1.5079932,-9.684668,-1.2111819
1500078398397,2.0250196,-10.2016945,1.0005416
1500078398460,2.972901,-8.736787,3.7101421
1500078398524,0.2920241,-5.873993,7.2240057
1500078398588,-2.3888528,-5.1846247,8.439975
1500078398652,-4.2080193,-4.0931244,9.5219
1500078398715,-4.581427,-2.360129,9.18679
1500078398779,-5.912291,-0.8186249,7.310177
1500078398843,-6.2282515,0.8281995,7.922949
1500078398907,-5.567607,1.8239537,7.511243
1500078398970,-6.2378263,0.6750065,7.5974135
1500078399034,-6.831449,-0.0718092,7.7314577
1500078399098,-5.8835673,0.32074776,8.248484
1500078399161,-5.538883,0.25372586,8.037844
1500078399225,-5.4048395,-0.081383765,7.8655014
1500078399289,-5.4718614,-0.77075213,7.702734
1500078399353,-5.5580325,-1.2686293,7.089962
1500078399416,-5.8548436,-1.7665064,6.592085
1500078399480,-6.256975,-2.360129,6.4293175
1500078399544,-6.716554,-2.9154537,6.410168
1500078399607,-7.2144313,-3.4324799,6.094208
1500078399671,-7.310177,-3.5952475,5.5101595
1500078399735,-7.5303917,-3.6143966,4.6771727
1500078399799,-7.5208173,-2.9633265,3.9016335
1500078399862,-7.654861,-3.0111992,2.752686
1500078399926,-8.028269,-3.4612036,2.187787
1500078399990,-9.148493,-3.8824842,1.9388485
1500078400053,-9.7899885,-4.916537,0.99096704
1500078400117,-9.531475,-5.414414,0.71330476
1500078400181,-8.459125,-5.088879,-0.54096264
1500078400245,-7.396348,-5.261221,-1.3260766
1500078400308,-7.2623043,-5.5963306,-1.2686293
1500078400372,-7.4442205,-5.2133484,-0.8952214
1500078400436,-7.8846507,-5.347392,-1.0484143
1500078400499,-7.999545,-4.351638,-1.7186337
1500078400563,-6.6495323,-5.0601554,-5.6250544
1500078400627,-6.515488,-5.28037,-8.296356
1500078400691,-5.414414,-4.3707867,-7.9516726
1500078400754,-5.806971,-3.6526947,-9.20594
1500078400818,-6.486765,-3.499502,-8.181462
1500078400882,-6.486765,-2.3888528,-7.176133
1500078400946,-5.979313,-2.3697038,-7.4250717
1500078401009,-5.108028,-2.666515,-7.8367777
1500078401073,-4.926111,-2.561195,-8.248484
1500078401137,-4.926111,-1.6994845,-8.315506
1500078401200,-4.3612123,-1.9196993,-8.746361
1500078401264,-4.3612123,-1.2590547,-8.822957
1500078401328,-4.428234,-1.4792696,-8.698488
1500078401391,-4.150572,-1.383524,-8.995299
1500078401455,-3.8920588,-1.4505459,-8.995299
1500078401519,-3.604822,-1.3930986,-8.966576
1500078401583,-3.231414,-1.383524,-9.531475
1500078401646,-2.360129,-1.4984187,-11.015532
1500078401710,-2.0441687,-2.3888528,-10.94851
1500078401774,-2.0058703,-1.0005416,-10.29744
1500078401838,-1.5079932,-1.1154363,-9.722966
1500078401901,-2.3122563,-0.03351096,-10.077225
1500078401965,-2.4175766,-0.09095833,-10.862339
1500078402029,-1.3643749,-0.22500217,-9.024023
1500078402092,-1.0484143,0.023936402,-9.359133
1500078402156,-1.0484143,0.23457673,-9.272962
1500078402220,-0.7994758,0.23457673,-8.698488
1500078402284,0.10053288,-0.23457673,-9.847435
1500078402347,-0.11968201,-0.9526688,-9.675094
1500078402411,0.37819514,-1.1824582,-10.335738
1500078402475,0.69415563,-1.6037389,-10.680422
1500078402539,0.8473486,-1.6133134,-10.268716
1500078402603,1.3165021,-0.78990126,-10.125097
1500078402666,1.6611862,-0.78032666,-9.924032
1500078402738,1.6324625,-0.6750065,-10.431483
1500078402793,1.0867126,-0.59841,-10.0868
1500078402857,1.1250108,-0.32074776,-10.038927
1500078402921,0.8952214,-0.6079846,-10.211268
1500078402985,0.63670826,-0.78032666,-9.885734
1500078403048,0.77075213,-0.8186249,-9.502751
1500078403112,1.0292653,-0.69415563,-9.866585
1500078403176,1.0771381,-0.5792609,-9.991054
1500078403239,0.9622433,-0.64628285,-10.364462
1500078403303,0.6750065,-0.6845811,-10.105948
1500078403367,0.78032666,-0.76117754,-9.866585
1500078403431,1.0101161,-0.7994758,-9.952756
1500078403494,1.0962871,-0.78032666,-10.182545
1500078403558,1.1345854,-0.8186249,-10.172971
1500078403622,1.0101161,-0.77075213,-10.105948
1500078403685,0.91437054,-0.71330476,-10.010203
1500078403749,0.76117754,-0.7420284,-9.952756
1500078403813,0.77075213,-0.8186249,-9.904882
1500078403877,0.8281995,-0.83777404,-10.048501
1500078403940,0.8856468,-0.78032666,-10.144247
1500078404004,0.93351966,-0.76117754,-10.19212
1500078404068,0.91437054,-0.76117754,-10.105948
1500078404131,0.8664977,-0.69415563,-10.019777
1500078404195,0.78032666,-0.7228793,-10.0868
1500078404259,0.7228793,-0.70373017,-10.029352
1500078404323,0.69415563,-0.85692316,-10.096374
1500078404386,0.6558574,-0.91437054,-10.000628
1500078404450,0.665432,-0.8856468,-9.924032
1500078404514,0.6558574,-0.77075213,-9.971905
1500078404577,0.6750065,-0.76117754,-10.038927
1500078404641,0.7420284,-0.77075213,-10.096374
1500078404705,0.77075213,-0.7324539,-10.0868
1500078404769,0.76117754,-0.64628285,-10.115523
1500078404832,0.70373017,-0.6558574,-10.19212
1500078404896,0.64628285,-0.61755913,-10.029352
1500078404960,0.77075213,-0.63670826,-10.077225
1500078405023,0.7228793,-0.6558574,-10.134672
1500078405087,0.76117754,-0.6750065,-10.105948
1500078405152,0.71330476,-0.61755913,-10.019777
1500078405215,0.69415563,-0.665432,-10.058076
1500078405278,0.7228793,-0.7420284,-10.0868
1500078405342,0.7420284,-0.8281995,-10.06765
1500078405406,0.69415563,-0.7994758,-10.010203
1500078405470,0.6845811,-0.77075213,-10.038927
1500078405534,0.6750065,-0.7324539,-9.98148
1500078405597,0.8186249,-0.751603,-10.048501
1500078405661,0.8090504,-0.71330476,-10.115523
1500078405725,0.83777404,-0.71330476,-10.058076
1500078405789,0.83777404,-0.7420284,-10.000628
1500078405853,0.77075213,-0.76117754,-10.029352
1500078405915,0.7994758,-0.751603,-10.077225
1500078405979,0.85692316,-0.751603,-10.019777
1500078406043,0.8856468,-0.7420284,-10.000628
1500078406107,0.83777404,-0.78032666,-10.105948
1500078406170,0.8856468,-0.69415563,-10.010203
1500078406234,0.90479594,-0.7420284,-10.125097
1500078406298,0.91437054,-0.6845811,-10.125097
1500078406361,0.8473486,-0.6558574,-10.048501
1500078406425,0.71330476,-0.69415563,-10.019777
1500078406489,0.6750065,-0.7228793,-9.991054
1500078406553,0.7324539,-0.7420284,-10.096374
1500078406616,0.8186249,-0.70373017,-10.125097
1500078406680,0.85692316,-0.665432,-10.06765
1500078406744,0.751603,-0.6271337,-9.991054
1500078406807,0.77075213,-0.6558574,-10.048501
1500078406871,0.69415563,-0.70373017,-10.06765
1500078406935,0.77075213,-0.64628285,-10.06765
1500078406999,0.78990126,-0.61755913,-10.105948
1500078407062,0.78990126,-0.63670826,-10.0868
1500078407126,0.78990126,-0.6079846,-10.038927
1500078407190,0.7420284,-0.5792609,-10.048501
1500078407253,0.6845811,-0.5888355,-10.096374
1500078407317,0.64628285,-0.6271337,-10.134672
1500078407381,0.76117754,-0.5888355,-10.038927
1500078407445,0.77075213,-0.63670826,-10.125097
1500078407508,0.76117754,-0.63670826,-10.115523
1500078407572,0.76117754,-0.70373017,-10.105948
1500078407636,0.7324539,-0.7228793,-10.077225
1500078407700,0.7228793,-0.69415563,-9.991054
1500078407764,0.7228793,-0.78032666,-9.98148
1500078407828,0.7324539,-0.83777404,-10.000628
1500078407891,0.77075213,-0.85692316,-10.125097
1500078407954,0.7994758,-0.85692316,-10.144247
1500078408018,0.78990126,-0.90479594,-10.077225
1500078408082,0.71330476,-0.8856468,-9.904882
1500078408145,0.64628285,-0.99096704,-9.924032
1500078408209,0.6271337,-0.9622433,-10.0868
1500078408273,0.665432,-0.85692316,-10.048501
1500078408337,0.6750065,-0.8760723,-10.000628
1500078408400,0.63670826,-0.9526688,-10.06765
1500078408464,0.5792609,-1.0101161,-10.115523
1500078408528,0.5888355,-0.9622433,-10.038927
1500078408591,0.6271337,-0.85692316,-10.029352
1500078408655,0.6079846,-0.92394507,-10.0868
1500078408719,0.5313881,-1.0196906,-10.029352
1500078408783,0.5888355,-0.92394507,-9.971905
1500078408846,0.6079846,-0.83777404,-9.98148
1500078408910,0.56011176,-0.9718179,-10.048501
1500078408974,0.56011176,-1.0196906,-9.904882
1500078409037,0.6750065,-0.98139244,-9.818711
1500078409101,0.8664977,-0.90479594,-10.029352
1500078409165,0.8186249,-0.78032666,-10.40276
1500078409229,0.6271337,-0.7420284,-10.345312
1500078409292,0.71330476,-0.78990126,-9.837861
1500078409356,0.8760723,-0.7994758,-9.818711
1500078409420,1.0005416,-0.71330476,-10.058076
1500078409483,1.0484143,-0.7420284,-10.172971
1500078409547,0.8952214,-0.751603,-10.105948
1500078409611,0.7420284,-0.76117754,-10.038927
1500078409675,0.77075213,-0.71330476,-9.96233
1500078409738,0.7228793,-0.751603,-10.144247
1500078409802,0.7324539,-0.78032666,-10.144247
1500078409866,0.7324539,-0.7324539,-10.06765
1500078409930,0.64628285,-0.6845811,-10.105948
1500078409993,0.63670826,-0.7324539,-10.0868
1500078410057,0.665432,-0.77075213,-10.105948
1500078410121,0.6558574,-0.7228793,-10.048501
1500078410185,0.6558574,-0.78990126,-10.153821
1500078410248,0.512239,-0.665432,-9.971905
1500078410312,0.665432,-0.8090504,-10.0868
1500078410375,0.63670826,-0.8090504,-9.847435
1500078410439,0.665432,-0.90479594,-9.876159
1500078410503,0.56968635,-1.1250108,-10.077225
1500078410567,0.63670826,-1.2686293,-10.182545
1500078410630,0.6845811,-1.1345854,-10.105948
1500078410694,0.6271337,-1.0388398,-10.172971
1500078410758,0.512239,-0.8856468,-10.125097
1500078410821,0.50266445,-0.8281995,-10.115523
1500078410885,0.50266445,-0.71330476,-9.828286
1500078410949,0.54096264,-0.76117754,-9.933606
1500078411013,0.3877697,-0.8664977,-10.058076
1500078411076,0.47394073,-0.8473486,-10.06765
1500078411140,0.5888355,-0.7420284,-9.924032
1500078411204,0.751603,-0.70373017,-9.943181
1500078411268,0.8281995,-0.69415563,-10.058076
1500078411331,0.98139244,-0.71330476,-10.268716
1500078411395,1.0005416,-0.7228793,-10.40276
1500078411459,0.8856468,-0.6558574,-10.2016945
1500078411522,0.6558574,-0.6558574,-9.943181
1500078411586,0.64628285,-0.665432,-9.876159
1500078411650,0.63670826,-0.665432,-10.048501
1500078411714,0.70373017,-0.6845811,-10.134672
1500078411777,0.71330476,-0.70373017,-10.010203
1500078411841,0.7420284,-0.6845811,-9.98148
1500078411905,0.78032666,-0.6558574,-10.048501
1500078411968,0.77075213,-0.70373017,-10.077225
1500078412032,0.751603,-0.76117754,-10.048501
1500078412096,0.7228793,-0.76117754,-10.0868
1500078412160,0.63670826,-0.70373017,-10.0868
1500078412223,0.6845811,-0.7228793,-10.029352
1500078412287,0.7228793,-0.7228793,-9.885734
1500078412351,0.8090504,-0.71330476,-9.991054
1500078412415,0.83777404,-0.6271337,-10.115523
1500078412478,0.83777404,-0.54096264,-10.038927
1500078412542,0.7994758,-0.5218136,-10.048501
1500078412606,0.77075213,-0.5218136,-10.134672
1500078412669,0.78032666,-0.59841,-10.077225
1500078412734,0.77075213,-0.69415563,-9.924032
1500078412797,0.8856468,-1.0675635,-9.971905
1500078412861,1.2782038,-0.751603,-10.871913
1500078412933,1.5941644,-0.9430942,-10.220843
1500078412988,1.3643749,-1.6516117,-9.502751
1500078413052,0.7324539,-1.1345854,-9.177217
1500078413115,0.7324539,-1.5558661,-10.134672
1500078413179,1.4313968,-1.7377827,-10.307014
1500078413243,1.4984187,-2.1207652,-10.163396
1500078413306,1.14416,-1.5941644,-9.655944
1500078413370,1.0867126,-0.512239,-10.326163
1500078413434,0.78990126,-0.22500217,-11.216598
1500078413498,0.3398969,0.23457673,-8.870831
1500078413561,0.77075213,-0.023936402,-9.091045
1500078413625,0.7994758,-1.4601204,-10.910212
1500078413689,0.50266445,-0.6558574,-10.546378
1500078413752,0.47394073,-0.13883112,-9.722966
1500078413816,0.45479164,-0.2441513,-9.924032
1500078413880,0.13883112,-0.54096264,-10.354887
1500078413944,0.14840569,-1.0388398,-10.077225
1500078414007,0.61755913,-0.8473486,-9.742115
1500078414071,0.70373017,-0.92394507,-10.335738
1500078414135,0.59841,-1.0675635,-10.316589
1500078414199,0.85692316,-0.78990126,-9.655944
1500078414262,1.1920328,-0.6271337,-9.722966
1500078414326,1.1633091,-1.0101161,-10.354887
1500078414390,0.78990126,-1.5175679,-10.709146
1500078414453,0.47394073,-1.383524,-9.8953085
1500078414517,0.69415563,-0.8664977,-9.263388
1500078414581,1.0196906,-1.1537346,-9.75169
1500078414645,1.0579889,-1.6899099,-10.441058
1500078414708,0.90479594,-1.5750152,-10.172971
1500078414772,0.77075213,-1.1728836,-9.684668
1500078414836,0.71330476,-1.2877784,-9.75169
1500078414899,0.69415563,-1.5941644,-9.933606
1500078414963,0.7324539,-1.5271424,-10.163396
1500078415027,0.7324539,-1.2303311,-10.019777
1500078415091,0.76117754,-1.1920328,-9.847435
1500078415155,0.78032666,-1.3548003,-9.866585
1500078415218,0.70373017,-1.469695,-10.19212
1500078415282,0.45479164,-1.3548003,-10.115523
1500078415346,0.50266445,-1.2399056,-9.885734
1500078415409,0.63670826,-1.2782038,-9.971905
1500078415473,0.6079846,-1.3548003,-10.048501
1500078415537,0.359046,-1.4218222,-10.038927
1500078415600,0.20585304,-1.3739494,-9.847435
1500078415664,0.3398969,-1.3739494,-9.847435
1500078415728,0.70373017,-1.3356512,-10.058076
1500078415792,0.8952214,-1.3452257,-10.163396
1500078415855,0.69415563,-1.2877784,-10.029352
1500078415919,0.5313881,-1.1920328,-9.885734
1500078415983,0.512239,-1.2111819,-10.077225
1500078416046,0.5218136,-1.5462915,-10.220843
1500078416110,0.5505372,-1.1728836,-9.98148
1500078416174,0.56011176,-1.0579889,-9.7899885
1500078416238,0.56968635,-1.469695,-10.06765
1500078416301,0.37819514,-1.3548003,-10.077225
1500078416365,0.4356425,-1.0962871,-9.96233
1500078416429,0.359046,-1.0771381,-9.8953085
1500078416492,0.33032233,-0.9526688,-9.933606
1500078416556,0.3877697,-1.2303311,-10.211268
1500078416620,0.47394073,-1.3739494,-10.393186
1500078416684,0.37819514,-1.0005416,-10.077225
1500078416747,0.081383765,-1.1345854,-9.98148
1500078416811,-0.13883112,-1.4313968,-9.96233
1500078416875,-0.16755481,-1.4313968,-9.924032
1500078416939,0.09095833,-1.3548003,-9.866585
1500078417002,0.3111732,-1.4888442,-9.904882
1500078417066,0.23457673,-1.5941644,-10.096374
1500078417130,0.081383765,-1.6803354,-10.048501
1500078417193,0.30159867,-1.7186337,-10.010203
1500078417257,0.49308985,-1.5462915,-9.703817
1500078417321,0.78990126,-1.7282082,-9.732541
1500078417385,0.83777404,-1.8239537,-10.058076
1500078417448,0.6845811,-1.8718265,-10.06765
1500078417512,0.56968635,-1.8335283,-9.914457
1500078417576,0.47394073,-1.6899099,-9.943181
1500078417639,0.3398969,-1.7377827,-9.96233
1500078417703,0.2920241,-1.929274,-9.837861
1500078417767,0.22500217,-1.9579976,-9.924032
1500078417831,0.062234644,-1.8814012,-9.8953085
1500078417894,-0.03351096,-1.862252,-9.885734
1500078417958,-0.03351096,-1.8909757,-9.818711
1500078418022,0.081383765,-1.948423,-9.8953085
1500078418085,0.110107444,-1.948423,-9.8953085
1500078418149,0.15798025,-1.8718265,-9.847435
1500078418213,0.16755481,-1.8909757,-9.924032
1500078418277,0.10053288,-2.0537431,-9.991054
1500078418340,0.09095833,-2.015445,-9.85701
1500078418413,0.16755481,-1.9579976,-9.904882
1500078418468,0.17712937,-2.0058703,-9.876159
1500078418531,0.16755481,-2.1973617,-9.98148
1500078418595,-0.37819514,-2.7622607,-10.115523
1500078418659,-1.3739494,-4.495256,-11.628304
1500078418723,-0.27287498,-4.954835,-9.64637
1500078418786,1.2111819,-3.5473747,-9.024023
1500078418850,2.7909844,-3.059072,-8.55487
1500078418914,3.6814184,-2.647366,-8.028269
1500078418977,4.0739756,-3.3941817,-7.5591154
1500078419041,3.690993,-5.500585,-7.6452866
1500078419105,3.4133308,-6.592085,-8.822957
1500078419169,3.9495063,-7.1474094,-8.392102
1500078419232,4.045252,-7.2335806,-6.8888965
1500078419296,3.5378,-7.0995364,-4.935686
1500078419360,3.3750327,-7.46337,-3.9016335
1500078419424,3.5952475,-8.727212,-2.5707695
1500078419487,4.303765,-7.5591154,-1.3452257
1500078419551,4.5718527,-7.635712,0.9526688
1500078419615,4.169721,-9.655944,1.14416
1500078419678,4.121848,-7.702734,2.2260852
1500078419742,4.5527034,-8.23891,3.8154624
1500078419806,4.0931244,-8.870831,2.2452345
1500078419870,5.0601554,-8.392102,3.078221
1500078419933,4.1792955,-8.439975,4.6388745
1500078419997,4.1026993,-7.4537954,3.5665238
1500078420061,4.696322,-7.5591154,0.44521707
1500078420124,4.696322,-8.44955,0.70373017
1500078420189,5.567607,-8.372953,3.1165195
1500078420253,5.845269,-9.665519,1.4792696
1500078420316,4.5718527,-10.19212,1.5750152
1500078420379,1.9579976,-10.843189,-0.05266008
1500078420443,4.0548263,-7.4537954,-3.825037
1500078420507,4.5239797,-8.966576,-2.0250196
1500078420570,5.347392,-8.526146,0.6750065
1500078420634,4.1792955,-8.55487,1.2494801
1500078420698,1.383524,-6.151655,4.1888704
1500078420762,3.499502,-9.29211,4.150572
1500078420825,3.758015,-9.7899885,2.2739582
1500078420889,4.543129,-9.110194,3.6814184
1500078420953,4.389936,-10.374036,3.0494976
1500078421016,3.020774,-10.967659,-1.5079932
1500078421080,2.9346027,-7.6835847,-1.4792696
1500078421144,2.4845984,-8.296356,0.03351096
1500078421208,2.1590633,-8.133589,0.15798025
1500078421271,3.5090764,-7.5974135,-1.469695
1500078421335,5.002708,-7.721883,-0.50266445
1500078421399,6.4963393,-7.8367777,0.64628285
1500078421463,7.003791,-12.518738,1.5654407
1500078421526,3.5856729,-10.383611,6.4005938
1500078421590,2.408002,-10.460207,-2.2356598
1500078421654,2.7909844,-10.0868,-1.7856555
1500078421717,2.9250283,-8.372953,0.3111732
1500078421781,2.4654493,-7.5303917,1.2877784
1500078421845,3.1452432,-7.0803876,1.7282082
1500078421909,4.504831,-9.330409,1.6037389
1500078421972,4.4090853,-10.757019,0.92394507
1500078422036,5.1846247,-11.05383,2.8580062
1500078422100,2.015445,-10.460207,1.1250108
1500078422163,2.427151,-8.229335,-0.0718092
1500078422227,2.3122563,-7.7984796,0.062234644
1500078422291,2.7622607,-7.855927,0.4356425
1500078422355,5.4431376,-7.4729443,-1.1728836
1500078422418,5.232497,-9.024023,-0.14840569
1500078422482,6.1229315,-9.091045,-0.081383765
1500078422546,6.304848,-10.230418,0.081383765
1500078422609,4.08355,-9.991054,0.40691882
1500078422673,2.4367256,-7.9803963,1.2973529
1500078422737,3.3941817,-8.717637,0.30159867
1500078422801,1.5654407,-8.104865,0.8186249
1500078422864,1.1920328,-7.808054,2.494173
1500078422928,1.1824582,-8.727212,3.3558834
1500078422992,0.83777404,-10.804892,2.2356598
1500078423055,0.9718179,-11.580431,0.8664977
1500078423119,0.83777404,-11.436812,-0.6558574
1500078423183,-0.16755481,-10.986808,-0.3111732
1500078423247,-0.64628285,-8.985725,-0.6271337
1500078423311,-0.85692316,-9.876159,-2.2260852
1500078423375,0.0,-5.787822,1.1058618
1500078423446,-0.00478728,-8.995299,1.6994845
1500078423501,-0.03351096,-11.254896,-0.6845811
1500078423565,0.27287498,-12.633633,-1.8239537
1500078423629,-0.44521707,-10.871913,-1.5750152
1500078423693,-0.14840569,-9.876159,-3.7388659
1500078423756,0.36862057,-9.96233,-5.7495236
1500078423820,-0.99096704,-8.593168,-4.581427
1500078423884,-1.1154363,-7.587839,-3.8346114
1500078423948,-2.2260852,-8.372953,-3.9590807
1500078424011,-3.4324799,-8.727212,-3.4133308
1500078424075,-2.0633178,-8.736787,-3.1452432
1500078424139,-1.4026731,-10.833615,-3.2505634
1500078424202,-1.5558661,-9.675094,-1.2494801
1500078424266,-1.5367169,-9.914457,-1.1537346
1500078424330,-1.9867213,-9.655944,-2.475024
1500078424393,-0.30159867,-8.727212,-0.8952214
1500078424457,-0.92394507,-7.5974135,-1.0962871
1500078424521,-0.8186249,-9.847435,-1.5175679
1500078424585,-0.37819514,-13.188957,-2.9154537
1500078424648,-0.14840569,-10.594251,-3.039923
1500078424712,-1.9867213,-10.029352,-6.1420803
1500078424776,-2.0058703,-5.2707953,-5.998462
1500078424839,-4.0739756,-7.8655014,-3.7292912
1500078424903,-5.0601554,-8.056993,-2.9154537
1500078424967,-3.7867386,-9.0814705,-2.6282167
1500078425031,-4.7250457,-7.2240057,-4.5144053
1500078425094,-5.960164,-8.23891,-6.7357035
1500078425158,-5.3186684,-7.4154973,-5.835695
1500078425222,-4.543129,-7.56869,-3.4229054
1500078425286,-4.5910015,-7.396348,-2.867581
1500078425350,-5.7303743,-7.3867736,-1.3260766
1500078425422,-7.3006024,-6.678256,0.11968201
1500078425477,-7.8846507,-4.581427,-1.4122477
1500078425540,-8.372953,-4.2463174,-1.8335283
1500078425604,-8.784659,-3.911208,-1.6516117
1500078425668,-9.64637,-3.4899273,-1.9867213
1500078425732,-9.62722,-3.0686467,-2.3505547
1500078425795,-9.234664,-3.1548176,-1.9962958
1500078425859,-9.253813,-3.1356685,-1.948423
1500078425923,-9.272962,-3.3080106,-2.360129
1500078425986,-9.071896,-2.9537518,-2.2931073
1500078426050,-8.822957,-2.9346027,-2.2069361
1500078426114,-8.803808,-2.8580062,-2.1782124
1500078426178,-8.794233,-3.231414,-2.3314054
1500078426241,-8.957002,-2.6856642,-2.0441687
1500078426305,-8.794233,-2.4558747,-2.2739582
1500078426369,-8.899554,-3.2409887,-2.0633178
1500078426432,-10.345312,-3.3367343,-2.0728924
1500078426496,-9.655944,-2.6090677,-2.1399143
1500078426560,-9.071896,-3.126094,-1.5367169
1500078426624,-8.899554,-3.5665238,-1.2016073
1500078426687,-8.870831,-4.0644007,-0.8473486
1500078426751,-8.851681,-4.284616,-0.4835153
1500078426815,-8.832532,-4.2080193,-0.59841
1500078426878,-8.870831,-4.236743,-0.5792609
1500078426942,-8.679339,-4.7920675,-0.27287498
1500078427006,-8.11444,-4.8207912,0.15798025
1500078427070,-7.8272033,-5.222923,0.70373017
1500078427133,-7.8655014,-5.7112255,0.9718179
1500078427197,-7.3389006,-5.950589,1.3069274
1500078427261,-6.898471,-6.2761245,1.7473572
1500078427325,-7.0803876,-5.739949,1.7377827
1500078427388,-6.7357035,-6.170804,1.1824582
1500078427452,-6.1612296,-7.195282,2.2356598
1500078427516,-7.281453,-11.848518,1.0867126
1500078427579,-6.6878304,-8.851681,1.0962871
1500078427643,-3.8537605,-7.2335806,2.4845984
1500078427707,-2.9920502,-8.200611,1.9101248
1500078427771,-3.039923,-6.9942164,2.101616
1500078427834,-3.5090764,-4.016528,2.5228968
1500078427898,-6.1229315,-2.819708,0.9622433
1500078427962,-8.5740185,-1.5079932,-2.2069361
1500078428025,-14.931527,-3.6239712,-4.150572
1500078428089,-16.26239,-4.169721,-2.6856642
1500078428153,-13.313426,-1.5462915,-2.8963046
1500078428217,-11.982562,-0.45479164,-3.7292912
1500078428280,-12.308098,-3.1452432,-3.4420545
1500078428344,-9.828286,-3.5760984,-3.1452432
1500078428408,-10.689997,-4.131423,-3.6814184
1500078428471,-9.272962,-3.3750327,-1.2686293
1500078428535,-9.071896,-4.476107,-0.37819514
1500078428599,-13.016615,-5.414414,-3.3750327
1500078428663,-15.525149,-1.3643749,-2.8771553
1500078428726,-15.898558,1.9675722,-1.4601204
1500078428790,-11.9346895,0.83777404,-0.9430942
1500078428854,-8.736787,0.6750065,-1.2590547
1500078428917,-6.5059137,-0.93351966,-1.5941644
1500078428981,-7.6069884,-2.3697038,-1.9867213
1500078429045,-10.220843,-2.2452345,-0.40691882
1500078429109,-14.002794,-1.0771381,-2.647366
1500078429172,-11.771922,-0.34947145,-2.5899186
1500078429236,-11.561282,-1.0005416,-1.2494801
1500078429300,-11.092129,-3.078221,-1.8048047
1500078429364,-11.015532,-4.1026993,-2.5228968
1500078429427,-11.235746,-4.954835,-2.5324712
1500078429491,-9.971905,-3.078221,-0.78032666
1500078429555,-8.899554,-2.972901,-0.42606795
1500078429618,-13.571939,-3.2697124,-2.6952388
1500078429682,-12.997466,-0.8473486,-2.5994933
1500078429746,-12.710229,0.45479164,-1.622888
1500078429810,-11.963413,-0.023936402,-2.7622607
1500078429873,-10.967659,0.4356425,-2.9346027
1500078429937,-7.1857076,-0.50266445,-2.2069361
1500078430001,-5.0314317,-2.4654493,-0.99096704
1500078430065,-6.8027253,-2.4367256,-0.63670826
1500078430128,-11.82937,-1.8143792,-0.4835153
1500078430192,-12.107032,-1.8048047,0.32074776
1500078430256,-12.317672,-1.7473572,-0.47394073
1500078430320,-12.748528,-3.0686467,-0.18670394
1500078430384,-11.38894,-4.6771727,1.1058618
1500078430447,-10.546378,-4.0069537,0.50266445
1500078430510,-10.555953,-2.2835326,0.37819514
1500078430574,-11.72405,-2.2739582,-0.98139244
1500078430638,-11.341067,-1.3643749,-1.3452257
1500078430702,-12.078308,-1.0771381,-1.5941644
1500078430765,-12.183628,-1.4984187,-2.4367256
1500078430829,-9.75169,-1.3356512,-2.800559
1500078430893,-7.434646,-1.2111819,-2.2739582
1500078430957,-7.4537954,-1.7665064,-2.0250196
1500078431020,-7.46337,-2.1399143,-1.4792696
1500078431084,-8.487848,-2.7909844,-0.5792609
1500078431148,-9.579348,-2.8484318,0.00478728
1500078431212,-10.871913,-2.2452345,0.56968635
1500078431275,-10.757019,-1.8431029,1.2399056
1500078431339,-10.230418,-2.9537518,2.015445
1500078431403,-12.078308,-3.4707782,-0.33032233
1500078431466,-11.944264,-2.5899186,-0.9622433
1500078431530,-9.3878565,-0.92394507,-0.26330042
1500078431594,-8.430401,-2.1782124,-1.3260766
1500078431657,-8.822957,-3.231414,-2.0728924
1500078431721,-8.641041,-2.8771553,-1.4409714
1500078431785,-10.2016945,-2.2643836,-1.1728836
1500078431849,-10.680422,-1.9388485,-1.3069274
1500078431912,-10.460207,-1.7856555,-0.78032666
1500078431976,-10.776168,2.714388,2.0633178
1500078432040,-10.115523,-0.77075213,0.6750065
1500078432103,-9.119769,-2.0824668,-1.0292653
1500078432167,-8.66019,-1.9101248,-2.513322
1500078432231,-8.937852,-1.948423,-2.0824668
1500078432295,-9.014449,-1.5079932,-1.3356512
1500078432358,-8.957002,-1.7569319,-1.2303311
1500078432422,-9.502751,-2.2739582,-1.4601204
1500078432486,-9.474028,-2.0633178,-1.2303311
1500078432549,-9.5889225,-1.79523,-0.8760723
1500078432613,-9.579348,-1.862252,-0.61755913
1500078432677,-9.598496,-2.0633178,-0.64628285
1500078432741,-9.770839,-2.034594,-0.78032666
1500078432804,-9.713391,-1.8335283,-0.77075213
1500078432868,-9.598496,-1.9388485,-1.0005416
1500078432932,-9.454879,-1.9388485,-1.1920328
1500078432995,-9.493176,-1.8431029,-1.2877784
