1500079779456,-3.2792869,-4.5718527,7.6835847
1500079779520,-2.800559,-6.821874,6.065484
1500079779584,-3.0877957,-5.9027166,7.204857
1500079779647,-3.2888615,-5.998462,6.4293175
1500079779712,-3.5569491,-5.0314317,7.2910275
1500079779776,-3.451629,-5.692076,6.6878304
1500079779838,-2.7909844,-5.634629,7.8272033
1500079779902,-2.647366,-4.696322,7.3197513
1500079779966,-3.212265,-7.0612383,8.124015
1500079780029,-3.4229054,-5.567607,7.4059224
1500079780093,-3.2601378,-3.499502,6.611234
1500079780157,-3.0111992,-7.3389006,7.9133744
1500079780221,-2.5707695,-7.5974135,4.3803616
1500079780284,-3.3080106,-6.525063,6.592085
1500079780348,-3.0973704,-7.1186857,6.180379
1500079780412,-3.499502,-6.2282515,5.222923
1500079780475,-3.346309,-6.869747,6.3431463
1500079780539,-3.5473747,-6.7069798,6.486765
1500079780603,-3.3558834,-6.6495323,5.941015
1500079780667,-3.7867386,-6.3144226,5.835695
1500079780730,-3.8537605,-6.458041,6.027186
1500079780794,-5.17505,-6.1612296,2.88673
1500079780858,-7.5782647,-6.0559096,-1.7282082
1500079780921,-7.721883,-4.1026993,-1.1633091
1500079780985,-6.1612296,-4.8973875,-0.36862057
1500079781049,-5.481436,-9.96233,-0.4835153
1500079781113,-6.1229315,-13.370873,-2.7239625
1500079781176,-6.611234,-13.744282,-3.6143966
1500079781240,-1.948423,-16.396435,-6.065484
1500079781304,-2.5037475,-12.987891,-9.071896
1500079781368,-5.1367517,-2.2165108,-2.0250196
1500079781431,-5.653778,-6.3144226,-2.5899186
1500079781495,-4.3133397,-6.831449,-3.6814184
1500079781559,-4.351638,-5.950589,-2.8484318
1500079781622,-4.236743,-7.8272033,-2.7431116
1500079781686,-3.5760984,-7.46337,-2.647366
1500079781750,-3.2888615,-9.435729,-5.0122824
1500079781814,-2.408002,-9.5219,-3.9590807
1500079781877,-5.7495236,-8.66019,-7.310177
1500079781941,-11.149575,-8.736787,-5.1846247
1500079782005,-9.818711,-1.3356512,-2.5420458
1500079782068,-0.33032233,-14.912378,-5.538883
1500079782132,-4.5622783,-7.1186857,-2.2260852
1500079782196,-2.513322,-7.3006024,-1.8526775
1500079782261,-2.101616,-8.401677,-1.7473572
1500079782324,-3.4133308,-9.483603,-2.015445
1500079782388,-2.3792782,-8.899554,-1.7377827
1500079782459,-1.383524,-8.870831,-1.1537346
1500079782514,-0.3877697,-10.287866,-1.3260766
1500079782578,-0.2154276,-9.5219,-1.7282082
1500079782643,-1.0484143,-9.7899885,-1.9771467
1500079782706,-2.0441687,-9.426155,-2.0920415
1500079782769,-0.3111732,-8.928278,-1.5558661
1500079782833,0.3111732,-5.759098,-0.78032666
1500079782898,-1.2782038,-8.55487,-0.12925656
1500079782960,-3.8633351,-15.008123,-0.3398969
1500079783024,-2.733537,-10.881488,4.696322
1500079783088,-3.0016246,-9.407005,7.2240057
1500079783152,-1.8048047,-11.436812,4.6388745
1500079783216,-2.714388,-8.382527,4.8973875
1500079783280,-2.494173,-6.630383,5.4048395
1500079783344,-3.8729098,-5.28037,6.132506
1500079783407,-4.811217,-3.2026904,6.563361
1500079783470,-5.2420716,-2.168638,7.875076
1500079783534,-4.1792955,-2.2260852,6.783576
1500079783598,-3.690993,-0.34947145,7.4154973
1500079783661,-4.150572,1.0771381,7.4442205
1500079783725,-4.284616,1.7186337,10.651698
1500079783789,-1.862252,-2.168638,2.666515
1500079783853,-5.634629,11.178299,10.757019
1500079783916,-9.18679,0.110107444,8.650616
1500079783980,-1.7186337,1.7377827,9.330409
1500079784044,-0.062234644,-1.1824582,8.698488
1500079784108,-2.88673,-0.78032666,8.813383
1500079784171,0.10053288,-1.3930986,9.75169
1500079784235,0.3877697,-1.1824582,9.914457
1500079784299,-0.5505372,-1.0292653,9.129343
1500079784362,0.23457673,-0.9430942,9.359133
1500079784426,0.09095833,-1.3356512,9.483603
1500079784490,0.6845811,-1.1250108,9.943181
1500079784553,0.76117754,-0.78032666,9.828286
1500079784618,-0.03351096,-1.4313968,9.196365
1500079784682,0.0718092,-0.98139244,9.359133
1500079784745,0.15798025,-1.1250108,9.493176
1500079784808,0.16755481,-1.5462915,9.407005
1500079784872,0.062234644,-1.7377827,9.397431
1500079784936,0.14840569,-1.4601204,9.320834
1500079785000,0.10053288,-1.5462915,9.20594
1500079785063,0.359046,-1.0101161,9.407005
1500079785127,0.85692316,-1.5654407,9.6942425
1500079785191,0.20585304,-2.0537431,8.928278
1500079785254,1.7473572,-0.8856468,10.19212
1500079785318,0.44521707,-1.4505459,9.665519
1500079785382,0.2920241,-1.5845897,9.244238
1500079785445,-0.043085523,-1.5941644,9.18679
1500079785509,-0.110107444,-1.3930986,9.253813
1500079785573,-0.081383765,-1.4313968,9.320834
1500079785637,0.3111732,-1.1633091,9.512326
1500079785700,0.61755913,-0.85692316,9.780414
1500079785764,0.5218136,-1.5654407,10.038927
1500079785828,-0.3111732,-1.8048047,8.928278
1500079785891,-0.19627848,-1.2686293,9.301685
1500079785955,-0.22500217,-1.3548003,9.359133
1500079786019,-0.10053288,-1.3069274,9.474028
1500079786083,-0.33032233,-1.8335283,9.29211
1500079786146,0.110107444,-0.8281995,10.077225
1500079786210,-0.56968635,-1.3165021,9.158067
1500079786274,-0.6845811,-1.622888,9.339984
1500079786337,-0.4356425,-1.0484143,9.177217
1500079786401,-0.5313881,-1.9196993,9.703817
1500079786465,-0.8281995,-1.8814012,9.62722
1500079786529,-1.0388398,-1.6324625,9.148493
1500079786592,-1.2016073,-1.383524,9.29211
1500079786656,-1.2111819,-1.4313968,9.320834
1500079786720,-1.3739494,-1.4409714,9.215514
1500079786785,-1.3452257,-1.4505459,9.100619
1500079786847,-1.0484143,-1.5941644,8.995299
1500079786911,-0.64628285,-1.6707608,9.110194
1500079786975,0.6271337,-1.1633091,10.575102
1500079787038,0.2920241,-1.2494801,10.077225
1500079787102,-0.5888355,-1.2877784,8.909128
1500079787166,-0.4356425,-0.7228793,9.167642
1500079787230,-0.54096264,-0.7420284,9.742115
1500079787294,-0.665432,-0.6558574,9.579348
1500079787366,-1.4409714,-2.0920415,8.698488
1500079787421,-0.665432,2.2356598,9.177217
1500079787484,0.26330042,0.4356425,9.780414
1500079787548,-0.5313881,0.23457673,9.5889225
1500079787612,-0.44521707,0.30159867,9.454879
1500079787675,-0.2441513,0.5505372,9.301685
1500079787739,0.665432,-0.90479594,9.435729
1500079787803,0.36862057,-1.9579976,9.474028
1500079787867,0.56968635,-1.2877784,9.483603
1500079787930,0.78032666,-1.8526775,9.512326
1500079787994,0.8186249,-1.4984187,9.426155
1500079788058,1.2207564,-1.3260766,9.435729
1500079788122,1.6133134,-1.3165021,9.512326
1500079788185,1.4601204,-1.5750152,9.62722
1500079788249,1.5941644,-1.3452257,9.474028
1500079788313,1.2877784,-1.3165021,9.071896
1500079788376,1.1058618,-1.4984187,9.18679
1500079788440,1.6611862,-1.3739494,9.301685
1500079788504,1.8143792,-1.3643749,9.272962
1500079788567,1.948423,-1.5367169,9.368708
1500079788631,2.1973617,-1.4505459,9.272962
1500079788695,2.2356598,-1.6516117,9.272962
1500079788759,2.168638,-1.5079932,9.196365
1500079788822,2.1973617,-1.5845897,9.234664
1500079788886,2.1590633,-1.5462915,9.158067
1500079788950,2.1399143,-1.5271424,9.110194
1500079789014,2.187787,-1.5558661,9.244238
1500079789077,2.2356598,-1.6324625,9.18679
1500079789142,2.2260852,-1.6133134,9.253813
1500079789206,2.2835326,-1.5845897,9.29211
1500079789269,2.1782124,-1.6899099,9.2825365
1500079789332,2.0537431,-1.5654407,9.196365
1500079789396,1.948423,-1.5654407,9.062322
1500079789460,1.9962958,-1.5367169,9.215514
1500079789523,1.9101248,-1.622888,9.330409
1500079789587,2.015445,-1.5750152,9.18679
1500079789651,2.0633178,-1.5558661,9.263388
1500079789715,1.948423,-1.5654407,9.177217
1500079789779,1.9962958,-1.6994845,9.320834
1500079789843,1.9388485,-1.6037389,9.263388
1500079789906,1.8814012,-1.6899099,9.196365
1500079789969,1.8143792,-1.6707608,9.196365
1500079790033,1.8048047,-1.8048047,9.244238
1500079790097,1.862252,-1.7186337,9.301685
1500079790161,1.8239537,-1.7377827,9.339984
1500079790224,1.6420372,-1.6803354,9.225089
1500079790288,1.4409714,-1.8143792,9.062322
1500079790352,1.6037389,-1.8143792,9.2825365
1500079790415,1.5941644,-1.79523,9.349558
1500079790479,1.6133134,-1.8431029,9.320834
1500079790543,1.4984187,-1.8909757,9.2825365
1500079790606,1.3739494,-1.9005502,9.215514
1500079790670,1.4122477,-1.8239537,9.41658
1500079790734,1.383524,-1.776081,9.31126
1500079790798,1.3452257,-1.8239537,9.2825365
1500079790861,1.1154363,-1.7665064,9.407005
1500079790925,0.9526688,-1.6994845,9.177217
1500079790989,0.8473486,-1.7665064,9.138918
1500079791052,1.2686293,-1.8335283,9.464453
1500079791116,1.3260766,-1.7473572,9.493176
1500079791180,1.0867126,-1.862252,9.18679
1500079791244,1.1537346,-1.8143792,9.148493
1500079791307,1.2877784,-1.929274,9.368708
1500079791371,1.4122477,-1.9579976,9.349558
1500079791435,1.4218222,-1.9196993,9.320834
1500079791498,1.4122477,-1.9005502,9.2825365
1500079791562,1.4218222,-1.929274,9.272962
1500079791626,1.14416,-1.9005502,9.138918
1500079791690,1.3930986,-1.9196993,9.196365
1500079791753,1.5079932,-1.9196993,9.397431
1500079791817,1.4218222,-1.8718265,9.378282
1500079791881,1.4026731,-1.9196993,9.225089
1500079791945,1.3739494,-1.8909757,9.272962
1500079792008,1.2973529,-1.8143792,9.320834
1500079792072,1.2399056,-1.862252,9.196365
1500079792136,1.3356512,-1.8431029,9.301685
1500079792200,1.3739494,-1.8335283,9.301685
1500079792264,1.3548003,-1.8431029,9.31126
1500079792327,1.3356512,-1.7377827,9.2825365
1500079792391,1.2590547,-1.6994845,9.129343
1500079792454,1.3452257,-1.8239537,9.225089
1500079792518,1.7377827,-1.8526775,9.3878565
1500079792581,1.8909757,-1.8909757,9.454879
1500079792646,1.9101248,-1.6611862,9.215514
1500079792710,1.5175679,-1.79523,9.0814705
1500079792773,1.7473572,-1.8335283,9.234664
1500079792838,1.7665064,-1.79523,9.349558
1500079792901,1.8526775,-1.7282082,9.177217
1500079792964,2.1973617,-1.6994845,9.272962
1500079793029,2.034594,-1.6803354,9.349558
1500079793091,2.2260852,-1.622888,9.148493
1500079793155,1.8335283,-1.6707608,9.339984
1500079793220,1.9388485,-1.776081,9.378282
1500079793284,2.1111906,-1.4984187,9.29211
1500079793347,1.6611862,-1.5367169,9.148493
1500079793419,1.5462915,-1.6516117,9.129343
1500079793474,1.6899099,-1.4888442,9.215514
1500079793538,1.6037389,-1.5750152,9.196365
1500079793601,1.7665064,-1.8239537,9.560199
1500079793665,1.4409714,-1.5558661,9.320834
1500079793729,1.5271424,-1.6133134,8.928278
1500079793792,1.4026731,-2.9920502,6.1612296
1500079793856,-0.8281995,-0.081383765,11.197449
1500079793920,2.1207652,-1.6611862,7.348475
1500079793984,2.733537,-0.45479164,10.632549
1500079794047,2.475024,-5.366541,10.833615
1500079794111,0.6845811,-1.929274,8.957002
1500079794184,-0.7420284,-1.9675722,10.182545
1500079794239,1.7186337,-0.7994758,8.372953
1500079794302,1.1345854,-2.800559,8.612317
1500079794366,-1.4026731,-1.3452257,9.828286
1500079794430,-4.4090853,-1.1633091,6.027186
1500079794494,-3.8920588,-1.2399056,8.401677
1500079794557,-3.451629,-2.0728924,4.0644007
1500079794621,-5.079304,-3.2888615,6.323997
1500079794685,-6.027186,-5.079304,5.845269
1500079794748,-6.7548523,-6.3527207,4.121848
1500079794812,-8.200611,-6.668681,3.078221
1500079794876,-9.770839,-6.4293175,1.9196993
1500079794939,-10.852764,-4.3324885,0.8186249
1500079795003,-10.919786,-3.1356685,0.8952214
1500079795067,-9.579348,-2.7239625,0.8186249
1500079795130,-10.029352,-1.7282082,0.7324539
1500079795194,-10.565528,-0.2441513,0.27287498
1500079795258,-10.594251,1.4409714,0.2920241
1500079795322,-10.220843,2.475024,0.15798025
1500079795386,-10.622974,3.7484405,-0.37819514
1500079795450,-9.512326,4.045252,-0.42606795
1500079795513,-8.66019,3.9686553,-0.7228793
1500079795577,-8.286782,3.8824842,-0.4835153
1500079795640,-6.936769,3.5665238,-0.92394507
1500079795704,-7.02294,5.041006,-0.8856468
1500079795768,-6.6878304,5.8835673,-1.3452257
1500079795831,-6.9271946,6.563361,-1.6516117
1500079795895,-7.2910275,7.1186857,-2.1111906
1500079795959,-6.8793216,7.7793303,-2.0441687
1500079796023,-6.6591067,6.9080453,-2.0058703
1500079796086,-6.323997,6.285699,-1.709059
1500079796150,-6.831449,6.1995277,-1.8431029
1500079796214,-6.831449,7.12826,-1.9579976
1500079796278,-6.027186,7.6740103,-1.776081
1500079796341,-6.2282515,8.171887,-1.9675722
1500079796405,-6.218677,7.1091113,-2.867581
1500079796469,-5.634629,6.8888965,-2.6186423
1500079796533,-5.5484576,5.797396,-2.714388
1500079796596,-5.2899446,5.672927,-2.714388
1500079796660,-7.549541,5.5484576,-2.187787
1500079796724,-10.105948,3.1643922,0.42606795
1500079796787,-19.508167,-5.4431376,10.689997
1500079796851,-19.603912,-12.863422,14.787909
1500079796915,-15.008123,-10.996383,7.501668
1500079796979,-5.7495236,-3.2697124,-0.47394073
1500079797042,-8.621892,-1.1537346,-1.4218222
1500079797106,-10.268716,-3.0111992,3.6143966
1500079797170,-6.2091026,-3.078221,7.56869
1500079797234,-4.2080193,-0.32074776,14.634716
1500079797306,0.9526688,-2.0633178,9.837861
1500079797361,-4.045252,0.61755913,8.870831
1500079797425,-2.4845984,-0.5792609,7.549541
1500079797488,-0.92394507,-1.2111819,9.445304
1500079797552,-1.4313968,-0.4356425,9.703817
1500079797616,-1.1154363,-0.56011176,9.20594
1500079797679,-1.0675635,-0.37819514,9.426155
1500079797743,-0.8952214,-0.59841,9.464453
1500079797807,-0.9526688,-0.45479164,9.550624
1500079797870,-0.9430942,-0.4164934,9.31126
1500079797934,-0.8952214,-0.6079846,9.474028
1500079797998,-0.751603,-0.6845811,9.454879
1500079798062,-0.5792609,-1.0196906,9.339984
1500079798125,-0.70373017,-0.8664977,9.64637
1500079798189,-0.33032233,-1.2494801,9.531475
1500079798253,-0.39734426,-1.0196906,9.426155
1500079798317,-0.3877697,-1.2399056,9.31126
1500079798380,-0.359046,-1.4218222,9.435729
1500079798444,-0.36862057,-1.7665064,9.531475
1500079798508,-0.36862057,-1.7186337,9.732541
1500079798571,-0.50266445,-1.9771467,9.301685
1500079798635,-0.56968635,-2.0537431,9.263388
1500079798699,-0.4835153,-1.9196993,9.148493
1500079798762,-0.49308985,-2.580344,9.033598
1500079798826,-0.36862057,-2.513322,9.225089
1500079798890,-0.0718092,-2.4654493,9.407005
1500079798954,-0.4164934,-2.6569405,9.253813
1500079799017,-0.34947145,-2.8388572,9.138918
1500079799081,-0.39734426,-2.7814097,8.995299
1500079799145,-0.2154276,-3.1165195,9.244238
1500079799209,-0.4356425,-3.1069448,9.301685
1500079799272,-0.20585304,-3.1643922,9.18679
1500079799336,-0.36862057,-3.020774,9.024023
1500079799400,-0.5505372,-2.9824755,9.0814705
1500079799463,-0.5313881,-3.2409887,9.091045
1500079799527,-0.28244954,-2.9346027,9.0814705
1500079799591,-0.5888355,-2.9537518,8.842107
1500079799655,-0.46436617,-2.8388572,8.755936
1500079799718,-0.25372586,-2.9346027,8.813383
1500079799782,-0.110107444,-3.3750327,8.928278
1500079799846,-0.3111732,-3.3367343,8.688913
1500079799910,0.70373017,-3.5090764,8.909128
1500079799973,0.63670826,-4.6388745,8.995299
1500079800037,-0.023936402,-3.451629,8.698488
1500079800101,1.5462915,-4.121848,8.641041
1500079800164,1.5558661,-3.451629,7.3197513
1500079800228,2.5707695,-5.1846247,9.799562
1500079800293,1.0771381,-5.759098,7.7793303
1500079800356,1.3260766,-2.3792782,6.0846334
1500079800428,5.17505,-3.9016335,11.197449
1500079800483,6.0080366,-6.3814445,7.769756
1500079800547,1.2303311,-4.2558923,8.564445
1500079800610,1.6803354,-3.9495063,8.784659
1500079800674,2.972901,-4.2463174,8.784659
1500079800738,2.7622607,-6.611234,8.784659
1500079800801,1.4888442,-3.4037561,8.966576
1500079800865,2.88673,-1.4601204,7.922949
1500079800929,3.3080106,-3.5760984,7.894225
1500079800993,1.8814012,-5.2707953,7.8846507
1500079801056,0.56011176,-5.797396,8.794233
1500079801120,1.0962871,-3.365458,9.560199
1500079801184,-2.5324712,-4.6005764,4.715471
1500079801247,-6.3814445,-0.8281995,-4.351638
1500079801311,-3.758015,2.5037475,-2.8484318
1500079801375,-4.9739842,1.5175679,7.35805
1500079801439,-12.0400095,-6.783576,12.279374
1500079801502,-13.820878,-4.696322,9.474028
1500079801566,-11.293194,-2.0728924,4.3803616
1500079801630,-9.5219,-1.2782038,2.427151
1500079801693,-12.911295,0.61755913,3.1069448
1500079801757,-11.015532,1.1058618,2.5037475
1500079801821,-8.957002,1.929274,1.6516117
1500079801885,-10.115523,3.384607,2.5037475
1500079801948,-9.253813,4.4090853,3.346309
1500079802012,-9.943181,3.0877957,-4.1792955
1500079802076,-10.431483,1.1633091,-0.59841
1500079802140,-13.428321,1.8909757,3.4229054
1500079802204,-8.832532,-0.33032233,1.1824582
1500079802267,-8.066567,1.5462915,-2.254809
1500079802331,-10.316589,1.2877784,1.9867213
1500079802394,-9.742115,1.8335283,0.91437054
1500079802458,-10.134672,1.2303311,-0.751603
1500079802522,-10.575102,0.6845811,-0.61755913
1500079802586,-9.952756,2.905879,0.36862057
1500079802649,-9.359133,3.0686467,0.78032666
1500079802713,-9.071896,1.622888,0.8664977
1500079802776,-8.641041,0.40691882,0.9526688
1500079802841,-8.602742,-0.9430942,2.1399143
1500079802904,-10.364462,1.3452257,-0.30159867
1500079802968,-9.033598,1.776081,-0.61755913
1500079803032,-9.655944,1.8909757,0.54096264
1500079803095,-10.134672,2.0250196,1.3069274
1500079803159,-10.019777,0.7324539,-0.44521707
1500079803224,-10.900637,1.9771467,0.61755913
1500079803287,-9.253813,2.1207652,0.15798025
1500079803351,-8.258059,1.1920328,-0.062234644
1500079803415,-9.014449,1.0101161,2.1303396
1500079803477,-9.876159,0.11968201,-0.54096264
1500079803541,-8.870831,1.6133134,-0.69415563
1500079803605,-9.320834,1.1728836,0.062234644
1500079803669,-10.096374,1.4984187,1.4505459
1500079803732,-10.038927,2.4367256,0.8186249
1500079803796,-9.655944,2.647366,0.8952214
1500079803860,-8.755936,2.4558747,-0.14840569
1500079803923,-8.803808,1.8718265,-0.12925656
1500079803987,-9.598496,1.4792696,-0.70373017
1500079804051,-9.818711,0.76117754,1.6420372
1500079804115,-9.445304,1.0675635,1.3069274
1500079804179,-9.253813,1.6324625,-0.3877697
1500079804242,-9.550624,1.9196993,0.19627848
1500079804306,-9.952756,1.8239537,0.25372586
1500079804370,-9.684668,1.8526775,1.8239537
1500079804433,-9.320834,1.5175679,0.8186249
1500079804497,-9.18679,1.5845897,0.05266008
1500079804561,-9.253813,1.5462915,0.17712937
1500079804625,-9.75169,0.61755913,0.7420284
1500079804688,-9.732541,1.3356512,1.4505459
1500079804752,-8.928278,1.5367169,1.2877784
1500079804816,-8.842107,0.93351966,0.5888355
1500079804879,-10.498506,0.9526688,-0.99096704
1500079804943,-9.799562,1.469695,0.359046
1500079805007,-9.5219,1.469695,1.6420372
1500079805070,-9.407005,0.8760723,0.44521707
1500079805135,-9.62722,1.6516117,-0.98139244
1500079805199,-9.85701,0.90479594,0.5218136
1500079805262,-9.655944,1.8814012,0.9622433
1500079805325,-9.330409,1.2303311,0.081383765
1500079805389,-9.502751,1.3260766,-0.3398969
1500079805453,-9.617646,1.3069274,0.13883112
1500079805516,-9.703817,2.2739582,0.751603
1500079805580,-9.263388,1.709059,-0.7228793
1500079805644,-9.052747,1.6037389,-0.5313881
1500079805708,-9.64637,1.1824582,-0.512239
1500079805771,-9.617646,2.1207652,0.13883112
1500079805835,-9.397431,2.4367256,0.26330042
1500079805899,-9.598496,1.14416,-0.22500217
1500079805962,-9.62722,2.101616,0.16755481
1500079806026,-9.579348,2.34098,-0.3877697
1500079806090,-9.512326,1.622888,-0.19627848
1500079806153,-9.407005,1.7665064,-0.33032233
1500079806217,-9.368708,2.2165108,-0.19627848
1500079806281,-9.493176,1.9867213,-0.27287498
1500079806345,-9.828286,2.0537431,0.13883112
1500079806408,-9.732541,2.2835326,0.4356425
1500079806472,-9.100619,1.9005502,-0.081383765
1500079806536,-9.091045,1.9771467,-1.2016073
1500079806600,-9.071896,2.6377914,-1.1154363
1500079806663,-9.339984,2.321831,0.2920241
1500079806727,-9.98148,1.2207564,1.0675635
1500079806791,-9.598496,2.4367256,-0.61755913
1500079806855,-8.698488,2.4654493,-0.6845811
1500079806918,-9.378282,2.0441687,-0.26330042
1500079806982,-9.684668,1.9867213,0.45479164
1500079807046,-9.991054,1.8335283,1.4984187
1500079807110,-9.41658,2.1111906,0.5505372
1500079807174,-9.464453,2.34098,0.0718092
1500079807237,-9.770839,1.6611862,0.83777404
1500079807309,-9.033598,1.5271424,2.5037475
1500079807364,-8.32508,0.45479164,1.2494801
1500079807428,-9.071896,0.98139244,0.5888355
1500079807492,-10.833615,1.6324625,0.56011176
1500079807556,-9.397431,1.6899099,1.6899099
1500079807619,-9.177217,1.1154363,0.85692316
1500079807683,-9.445304,0.023936402,0.26330042
1500079807747,-9.426155,1.0101161,1.0196906
1500079807810,-9.560199,1.776081,2.1303396
1500079807874,-9.885734,1.4888442,2.1973617
1500079807938,-9.636795,1.8048047,1.6133134
1500079808002,-9.952756,0.6750065,0.0718092
1500079808065,-9.75169,1.0196906,-1.5941644
1500079808129,-10.29744,0.5505372,-0.98139244
1500079808193,-10.527229,0.22500217,-0.45479164
1500079808257,-10.938935,0.49308985,0.77075213
1500079808320,-10.757019,0.47394073,-0.8281995
1500079808384,-10.651698,-0.00478728,-1.622888
1500079808448,-10.852764,-0.12925656,-1.1154363
1500079808511,-10.144247,-0.3877697,-1.383524
1500079808575,-9.933606,-0.17712937,-1.7856555
1500079808639,-9.454879,-0.54096264,-2.7622607
1500079808703,-9.703817,-0.63670826,-2.972901
1500079808766,-9.837861,0.22500217,-2.7718353
1500079808830,-9.18679,0.33032233,-1.6324625
1500079808894,-9.100619,-0.7420284,-1.3452257
1500079808957,-9.598496,-0.90479594,-1.7569319
1500079809021,-10.555953,-1.1920328,-2.6090677
1500079809085,-10.105948,-0.6271337,-2.1782124
1500079809149,-9.722966,-1.0675635,-1.7186337
1500079809212,-9.493176,-1.4026731,-2.4654493
1500079809276,-8.755936,-1.1345854,-2.2356598
1500079809340,-8.870831,-1.2877784,-1.709059
1500079809403,-8.918703,-1.5271424,-1.5175679
1500079809467,-9.512326,-1.776081,-1.3548003
1500079809531,-9.445304,-1.5367169,-1.1920328
1500079809595,-9.770839,-1.8239537,-0.9718179
1500079809658,-9.272962,-1.8143792,-0.78990126
1500079809722,-9.359133,-1.3356512,-0.70373017
1500079809786,-9.483603,-1.4984187,-0.56011176
1500079809849,-9.531475,-1.5079932,-0.5888355
1500079809913,-10.019777,-1.6420372,-1.3069274
1500079809977,-9.770839,-1.5750152,-1.8239537
1500079810040,-8.909128,-1.2303311,-2.0058703
1500079810104,-9.138918,-0.6845811,-2.1111906
1500079810169,-9.378282,-0.8090504,-2.3697038
1500079810233,-9.971905,-0.4164934,-3.911208
1500079810305,-8.909128,-0.85692316,-2.7431116
1500079810359,-10.211268,0.9526688,1.469695
1500079810423,-9.263388,-2.1973617,-3.2697124
1500079810487,-9.41658,-1.2016073,-2.6186423
1500079810550,-9.54105,-0.6750065,-2.101616
1500079810614,-8.813383,-1.3356512,-2.321831
1500079810678,-9.0814705,-0.83777404,-1.6611862
1500079810742,-9.234664,-1.1250108,-1.4601204
1500079810805,-9.41658,-1.4218222,-1.862252
1500079810869,-9.560199,-1.2686293,-1.5079932
1500079810933,-9.349558,-1.4313968,-1.469695
1500079810996,-9.41658,-1.1920328,-0.54096264
1500079811060,-9.339984,-1.0101161,0.23457673
1500079811124,-9.263388,-1.3260766,0.20585304
1500079811188,-9.54105,-1.9579976,-0.5313881
1500079811251,-9.675094,-2.1782124,-0.6750065
1500079811315,-9.62722,-1.7473572,-0.359046
1500079811379,-9.407005,-1.4984187,0.014361841
1500079811443,-9.3878565,-1.6324625,0.0
1500079811506,-9.8953085,-2.0441687,0.16755481
1500079811570,-10.737869,-2.2069361,0.081383765
1500079811634,-11.590006,-4.5910015,-0.5792609
1500079811697,-11.216598,-6.2474008,-0.44521707
1500079811761,-7.9325233,-6.7357035,-0.8760723
1500079811825,-6.1995277,-8.305931,-2.5037475
1500079811889,-3.9399316,-8.803808,-2.2643836
1500079811952,-2.3792782,-9.2825365,-3.231414
1500079812016,-0.26330042,-8.985725,-3.5282254
1500079812080,1.1633091,-7.2335806,-3.2026904
1500079812143,2.8101335,-6.4676156,-2.34098
1500079812207,4.437809,-4.887813,-1.8718265
1500079812271,5.4048395,-6.3622956,-2.0441687
1500079812335,5.9697385,-6.6208086,-1.6994845
1500079812398,6.515488,-8.641041,-3.5856729
1500079812462,6.4963393,-7.0708127,-2.647366
1500079812526,6.218677,-6.8027253,-1.8814012
1500079812589,6.515488,-8.6697645,-2.4845984
1500079812653,6.563361,-7.281453,-1.0675635
1500079812717,7.0133657,-8.372953,-1.2782038
1500079812781,7.501668,-8.430401,-1.2877784
1500079812844,7.204857,-7.6261373,-0.8760723
1500079812908,6.898471,-7.051664,-1.0292653
1500079812972,6.7357035,-5.6154795,0.19627848
1500079813036,6.103782,-4.7441945,1.0484143
1500079813099,5.9027166,-4.7250457,2.7909844
1500079813163,6.831449,-4.0261025,3.0494976
1500079813227,6.5729356,-3.9399316,2.3888528
1500079813290,7.9133744,-6.4005938,0.7994758
1500079813354,6.9559183,-7.3771987,-2.0441687
1500079813418,6.0463347,-7.5208173,-2.580344
1500079813482,6.7548523,-7.9037995,-2.0441687
1500079813545,5.0984535,-8.918703,-1.3069274
1500079813609,1.4218222,-9.033598,0.47394073
1500079813673,1.3739494,-11.302769,1.4313968
1500079813736,1.3260766,-9.761265,2.3792782
1500079813800,1.2399056,-9.703817,1.9196993
1500079813864,1.2494801,-10.326163,1.6611862
1500079813928,0.90479594,-10.785743,1.8335283
1500079813991,0.34947145,-10.680422,2.34098
1500079814055,-0.30159867,-9.7899885,2.8580062
1500079814119,-0.9622433,-8.44955,3.3271596
1500079814183,-1.383524,-9.5219,3.9686553
1500079814246,-2.0824668,-9.215514,3.4133308
1500079814310,-1.8048047,-7.1186857,2.9824755
1500079814374,-1.0484143,-8.334655,2.8388572
1500079814437,-1.6803354,-10.450633,2.6760898
1500079814501,-2.0633178,-8.526146,3.5760984
1500079814565,-1.9962958,-8.277207,4.0931244
1500079814629,-2.819708,-8.909128,4.0644007
1500079814692,-3.0877957,-8.296356,4.2463174
1500079814756,-3.0686467,-8.133589,4.0069537
1500079814820,-3.690993,-8.813383,3.8729098
1500079814883,-4.658024,-8.736787,3.346309
1500079814947,-4.6388745,-7.3676243,3.2984362
1500079815011,-4.1792955,-7.56869,3.1356685
1500079815075,-3.5378,-7.549541,3.1356685
1500079815138,-2.7909844,-7.56869,3.1835413
1500079815203,-3.039923,-8.085716,3.020774
1500079815266,-3.9016335,-8.124015,2.475024
1500079815330,-4.3133397,-7.1091113,2.1973617
1500079815402,-4.3324885,-6.7261286,1.0292653
1500079815457,-4.2654667,-7.1474094,-0.09095833
1500079815521,-4.476107,-4.284616,0.3111732
1500079815584,-7.5399666,-7.12826,-0.92394507
1500079815648,-10.220843,-5.806971,-0.39734426
1500079815712,-10.029352,-4.0261025,-0.5505372
1500079815775,-9.119769,-2.4558747,-0.3877697
1500079815839,-8.372953,-2.254809,0.45479164
1500079815903,-8.765511,-2.2452345,0.85692316
1500079815967,-9.368708,-2.1111906,0.2920241
1500079816030,-9.809137,-2.6377914,0.32074776
1500079816094,-9.703817,-2.5516202,1.2016073
1500079816158,-10.450633,-1.862252,1.709059
1500079816222,-10.891063,-2.7431116,1.1633091
1500079816285,-10.852764,-2.800559,-0.54096264
1500079816349,-11.4272375,-1.5079932,2.7909844
1500079816413,-13.198531,-0.10053288,4.993133
1500079816476,-13.169807,-2.819708,2.101616
1500079816540,-11.905966,-0.8186249,0.20585304
1500079816604,-11.455961,-3.212265,0.8473486
1500079816668,-11.034681,-2.3505547,0.98139244
1500079816731,-11.082554,-2.2835326,0.22500217
1500079816795,-10.757019,-2.3026817,0.30159867
1500079816859,-10.316589,-2.321831,0.54096264
1500079816923,-10.010203,-2.187787,0.36862057
1500079816986,-9.177217,-2.2260852,0.42606795
1500079817050,-8.171887,-2.1973617,0.0718092
1500079817114,-7.9516726,-2.9346027,-0.10053288
1500079817177,-7.46337,-3.7101421,0.023936402
1500079817241,-7.3771987,-4.476107,-0.42606795
1500079817305,-6.9176197,-5.0122824,-0.99096704
1500079817369,-6.47719,-5.0314317,-0.93351966
1500079817432,-6.5825105,-6.094208,-1.622888
1500079817496,-6.0367603,-6.9176197,-2.580344
1500079817560,-5.2133484,-7.1665583,-3.2601378
1500079817623,-4.495256,-7.664436,-3.6335456
1500079817687,-4.351638,-7.6740103,-3.6239712
1500079817751,-3.9016335,-7.8272033,-3.825037
1500079817815,-3.518651,-9.004874,-4.1601467
1500079817878,-3.604822,-8.679339,-3.8824842
1500079817942,-3.997379,-9.119769,-1.3356512
1500079818006,-2.360129,-7.3197513,-0.49308985
1500079818069,-2.187787,-9.119769,-1.2494801
1500079818133,-2.2452345,-10.268716,-1.1345854
1500079818197,-2.5899186,-10.239992,-1.5175679
1500079818261,-3.4420545,-9.991054,-1.2207564
1500079818324,-2.800559,-7.7984796,-0.44521707
1500079818388,-2.34098,-8.353804,-1.9962958
1500079818452,-2.5516202,-9.129343,-1.8718265
1500079818516,-2.2931073,-8.947427,-0.37819514
1500079818579,-0.6271337,-8.957002,0.4356425
1500079818643,-1.4026731,-10.077225,-0.36862057
1500079818707,-0.9718179,-10.498506,-1.9101248
1500079818770,-1.709059,-9.110194,-3.4133308
1500079818834,-1.8814012,-9.655944,-3.825037
1500079818898,-2.254809,-9.608071,-3.5952475
1500079818962,-2.3792782,-9.818711,-3.8154624
1500079819025,-2.6952388,-9.837861,-3.4324799
1500079819089,-2.2931073,-8.966576,-2.34098
1500079819153,-1.7569319,-8.401677,-1.8431029
1500079819216,-1.6994845,-8.621892,-1.5941644
1500079819280,-2.2356598,-9.809137,-2.5228968
1500079819344,-2.3888528,-9.924032,-3.0111992
1500079819408,-2.1782124,-9.272962,-2.5707695
1500079819471,-2.187787,-9.339984,-2.4558747
1500079819535,-2.1782124,-9.3878565,-2.8484318
1500079819599,-1.9388485,-8.889979,-2.5994933
1500079819663,-1.6994845,-8.6697645,-2.2260852
1500079819726,-1.4792696,-9.033598,-2.034594
1500079819790,-1.9579976,-9.64637,-2.0920415
1500079819854,-2.4367256,-9.866585,-2.2643836
1500079819917,-2.475024,-9.397431,-2.0537431
1500079819981,-2.0920415,-8.918703,-2.0633178
1500079820045,-2.2739582,-9.014449,-1.9196993
1500079820109,-3.1165195,-9.665519,-1.8526775
1500079820173,-3.193116,-9.378282,-1.7856555
1500079820236,-2.9154537,-9.301685,-1.7569319
1500079820301,-2.513322,-9.31126,-1.9771467
1500079820364,-2.3984275,-9.014449,-2.34098
1500079820428,-2.5037475,-9.31126,-2.5228968
1500079820500,-2.9250283,-9.435729,-1.5845897
1500079820555,-2.8771553,-8.909128,-2.0824668
1500079820618,-2.1973617,-9.8953085,-2.9441774
1500079820682,-1.3643749,-9.215514,-4.0356774
1500079820746,-1.2973529,-8.6697645,-3.7197168
1500079820810,-1.6037389,-8.506997,-4.0261025
1500079820873,-2.714388,-9.177217,-5.0314317
1500079820937,-2.7239625,-8.593168,-4.437809
1500079821001,-2.2452345,-8.612317,-3.3941817
1500079821065,-1.9579976,-8.746361,-3.0686467
1500079821128,-1.9101248,-8.957002,-2.88673
1500079821192,-1.5750152,-9.330409,-2.580344
1500079821256,-1.5750152,-9.531475,-2.6186423
1500079821319,-1.469695,-9.464453,-2.9633265
1500079821383,-1.5941644,-9.493176,-3.0973704
1500079821447,-1.6994845,-9.426155,-3.4037561
1500079821511,-1.8143792,-9.272962,-3.4420545
1500079821574,-1.8143792,-9.062322,-3.1356685
1500079821638,-1.6037389,-8.736787,-3.020774
1500079821702,-1.3930986,-8.909128,-3.365458
1500079821765,-1.6420372,-8.899554,-3.3558834
1500079821829,-2.1111906,-8.593168,-3.1548176
1500079821893,-2.3505547,-8.478273,-3.5760984
1500079821957,-2.6090677,-8.4686985,-4.504831
1500079822020,-3.0016246,-8.248484,-4.954835
1500079822084,-3.2409887,-7.894225,-4.4473834
1500079822148,-3.8346114,-8.248484,-4.4186597
1500079822212,-4.543129,-8.631466,-4.8782387
1500079822275,-5.1176023,-7.6452866,-4.1792955
1500079822339,-5.692076,-6.8410234,-3.3558834
1500079822403,-6.5346375,-6.8888965,-4.0644007
1500079822466,-6.6016593,-6.611234,-3.8633351
1500079822530,-6.027186,-6.47719,-2.9824755
1500079822594,-5.672927,-6.9942164,-3.5856729
1500079822657,-5.8644185,-7.4154973,-4.131423
1500079822723,-5.692076,-6.47719,-3.499502
1500079822785,-5.7112255,-6.678256,-3.7963133
1500079822849,-6.1612296,-6.9463434,-3.777164
1500079822912,-6.4676156,-6.697405,-3.499502
1500079822976,-7.3197513,-6.9271946,-3.6526947
1500079823040,-7.482519,-6.3431463,-3.2792869
1500079823104,-7.434646,-5.960164,-2.88673
1500079823167,-7.176133,-5.979313,-2.5228968
1500079823231,-6.4963393,-6.017611,-2.1111906
1500079823295,-6.5346375,-6.458041,-2.3792782
1500079823359,-5.8548436,-6.1612296,-2.187787
1500079823422,-5.7782474,-6.8601727,-2.733537
1500079823486,-5.8931417,-7.042089,-3.2601378
1500079823550,-5.682502,-4.8590894,-1.9675722
1500079823613,-6.592085,-4.437809,-2.4558747
1500079823677,-8.497422,-5.0601554,-3.8058877
1500079823741,-9.272962,-4.7920675,-2.513322
1500079823805,-9.397431,-4.7441945,-1.3452257
1500079823868,-9.665519,-4.6388745,-1.5750152
1500079823932,-9.703817,-3.9782298,-2.0441687
1500079823996,-9.62722,-3.2888615,-1.6803354
1500079824059,-9.636795,-3.4324799,-1.1633091
1500079824123,-9.876159,-3.3175852,-0.3877697
1500079824187,-9.684668,-2.867581,0.062234644
1500079824251,-9.464453,-3.1452432,-0.6079846
1500079824315,-9.20594,-4.0069537,-1.2686293
1500079824378,-9.158067,-4.0644007,-0.78032666
1500079824442,-9.301685,-3.1452432,-0.69415563
1500079824506,-9.0814705,-3.7484405,-1.5654407
1500079824569,-8.66019,-3.8537605,-1.2686293
1500079824633,-8.44955,-4.131423,-0.83777404
1500079824697,-8.420826,-5.1846247,-1.2399056
1500079824761,-9.263388,-6.697405,-2.360129
1500079824824,-6.304848,-6.6495323,-1.5845897
1500079824888,-4.801642,-7.2335806,-0.5218136
1500079824952,-4.6005764,-9.272962,-0.92394507
1500079825015,-3.9207826,-9.75169,-0.25372586
1500079825079,-3.9686553,-9.41658,0.6845811
1500079825143,-3.9207826,-9.550624,0.93351966
1500079825207,-4.3995104,-9.722966,0.34947145
1500079825270,-4.198445,-8.516571,0.0718092
1500079825334,-4.7250457,-8.305931,-0.34947145
1500079825399,-4.7058964,-8.181462,-0.2920241
1500079825462,-5.002708,-8.411251,-0.30159867
1500079825526,-5.2516465,-8.152739,0.062234644
1500079825590,-5.7208,-7.4537954,0.33032233
1500079825653,-5.2133484,-7.176133,0.14840569
1500079825716,-5.3186684,-7.587839,0.03351096
1500079825780,-6.0846334,-8.621892,0.45479164
1500079825844,-6.9559183,-7.8846507,0.85692316
1500079825907,-6.6016593,-5.7686725,0.8186249
1500079825971,-6.1899533,-5.3952646,0.5505372
1500079826035,-6.7740016,-5.567607,0.09095833
1500079826099,-6.8601727,-5.5484576,-0.33032233
1500079826163,-7.846352,-5.538883,-1.0675635
1500079826226,-8.650616,-5.9027166,-1.5941644
1500079826290,-8.583593,-5.2037735,-0.70373017
1500079826353,-8.593168,-4.8973875,-0.37819514
1500079826417,-8.698488,-4.7920675,-0.56011176
1500079826481,-9.167642,-4.4186597,-0.6845811
1500079826545,-10.2016945,-4.6293,0.359046
1500079826608,-9.943181,-4.1409974,0.19627848
1500079826672,-9.339984,-2.6952388,-1.6324625
1500079826736,-9.052747,-2.905879,-1.1058618
1500079826800,-9.177217,-2.6090677,-0.34947145
1500079826863,-9.445304,-3.0494976,0.12925656
1500079826927,-9.464453,-2.905879,0.6079846
1500079826991,-9.320834,-2.321831,-0.5505372
1500079827054,-9.301685,-2.2931073,-0.9526688
1500079827118,-9.742115,-2.7622607,-0.6558574
1500079827182,-9.75169,-2.800559,-0.3398969
1500079827246,-9.435729,-2.4175766,-0.6558574
1500079827309,-9.2825365,-2.427151,-0.4835153
1500079827373,-9.177217,-2.5420458,-0.5888355
1500079827437,-9.225089,-2.5707695,-0.61755913
1500079827501,-9.225089,-2.561195,-0.61755913
1500079827564,-9.129343,-2.6186423,-0.5505372
1500079827628,-9.215514,-2.9154537,-0.39734426
1500079827692,-9.474028,-2.9537518,-0.4164934
1500079827756,-9.397431,-2.7622607,-0.4356425
1500079827819,-9.253813,-2.7431116,-0.37819514
1500079827883,-9.062322,-2.8388572,-0.27287498
1500079827947,-9.071896,-2.9920502,-0.09095833
1500079828010,-9.464453,-2.9824755,-0.36862057
1500079828074,-9.378282,-2.6760898,-0.6271337
1500079828138,-9.119769,-2.7239625,-0.5218136
1500079828202,-9.2825365,-2.7239625,-0.359046
1500079828265,-9.253813,-2.7814097,-0.3877697
1500079828329,-9.272962,-2.7431116,-0.3398969
1500079828393,-9.29211,-2.867581,-0.2441513
1500079828456,-9.167642,-2.8771553,-0.4164934
1500079828520,-9.0814705,-3.0016246,-0.4835153
1500079828584,-8.966576,-3.0686467,-0.32074776
1500079828648,-9.100619,-3.126094,-0.47394073
1500079828711,-9.550624,-3.1356685,-0.59841
1500079828775,-9.359133,-2.905879,-0.5313881
1500079828839,-9.18679,-3.0686467,-0.30159867
1500079828902,-9.052747,-3.0016246,-0.26330042
1500079828966,-8.880404,-3.0111992,-0.32074776
1500079829030,-9.272962,-3.126094,-0.39734426
1500079829094,-9.598496,-3.020774,-0.44521707
1500079829158,-9.158067,-2.6090677,-0.5218136
1500079829221,-8.631466,-2.475024,0.014361841
1500079829285,-8.085716,-2.2931073,-0.2920241
1500079829349,-8.679339,-3.2792869,0.14840569
1500079829412,-9.339984,-3.193116,-0.15798025
1500079829476,-9.378282,-3.231414,-2.7239625
1500079829540,-10.048501,-3.3941817,-0.30159867
1500079829603,-10.469782,-3.0973704,-1.2399056
1500079829667,-10.364462,-3.8154624,-0.512239
1500079829731,-10.211268,-4.5527034,-0.34947145
1500079829795,-9.703817,-4.169721,-0.59841
1500079829858,-8.928278,-4.4090853,-0.3111732
1500079829922,-8.813383,-4.6388745,-0.32074776
1500079829986,-8.487848,-4.6005764,0.0
1500079830049,-8.363379,-4.993133,0.2441513
1500079830113,-8.095291,-5.567607,0.44521707
1500079830177,-7.654861,-6.027186,0.54096264
1500079830241,-7.35805,-6.3814445,0.61755913
1500079830305,-6.869747,-6.611234,0.70373017
1500079830368,-6.1899533,-6.6878304,0.8856468
1500079830431,-5.538883,-6.7357035,1.2016073
1500079830496,-4.763344,-7.003791,1.4984187
1500079830560,-4.4473834,-7.4154973,1.6611862
1500079830624,-4.648449,-7.961247,1.8048047
1500079830687,-4.6005764,-8.076141,1.9771467
1500079830750,-4.4856815,-8.392102,2.101616
1500079830814,-4.351638,-8.506997,2.0537431
1500079830878,-4.3324885,-8.497422,2.0537431
1500079830941,-4.303765,-8.478273,1.8814012
1500079831005,-4.1122737,-8.506997,1.8909757
1500079831069,-4.2558923,-8.7750845,1.8814012
1500079831133,-4.3324885,-8.688913,1.8526775
1500079831196,-4.0356774,-8.411251,1.9579976
1500079831260,-3.7388659,-8.392102,1.9771467
1500079831324,-3.5473747,-8.621892,1.9867213
1500079831387,-3.346309,-8.727212,1.9867213
1500079831451,-3.2984362,-9.024023,1.9771467
1500079831515,-3.4707782,-9.18679,1.9579976
1500079831579,-3.212265,-9.091045,2.034594
1500079831642,-3.0686467,-9.196365,2.149489
1500079831706,-3.1643922,-9.148493,2.0920415
1500079831770,-3.173967,-9.110194,2.034594
1500079831833,-3.193116,-8.966576,2.0824668
1500079831897,-3.1452432,-8.909128,2.034594
1500079831961,-3.0973704,-8.928278,2.0250196
1500079832025,-3.1069448,-8.957002,1.9388485
1500079832088,-3.1356685,-8.947427,1.8431029
1500079832152,-3.0973704,-8.889979,1.8143792
1500079832216,-3.2218397,-9.062322,1.7282082
1500079832280,-3.758015,-9.426155,1.5750152
1500079832343,-3.8346114,-8.880404,1.6803354
1500079832408,-3.5856729,-8.593168,1.5367169
1500079832471,-3.997379,-8.966576,1.2111819
1500079832534,-4.772918,-8.842107,1.0962871
1500079832598,-5.079304,-8.085716,1.3356512
1500079832662,-5.194199,-7.769756,1.5079932
1500079832726,-6.017611,-8.028269,1.1633091
1500079832789,-6.180379,-6.984642,1.3260766
1500079832853,-5.7112255,-6.821874,1.7473572
1500079832917,-6.065484,-7.195282,1.5271424
1500079832981,-6.2665496,-8.047418,2.0250196
1500079833044,-6.151655,-8.21976,2.905879
1500079833108,-5.366541,-7.961247,3.1548176
1500079833172,-4.782493,-7.4059224,2.4558747
1500079833235,-5.1271772,-7.702734,1.7569319
1500079833299,-6.3622956,-7.5974135,1.3452257
1500079833363,-6.611234,-5.7782474,0.8473486
1500079833427,-6.1612296,-5.376116,0.5888355
1500079833490,-7.922949,-6.410168,-0.12925656
1500079833554,-9.043172,-7.0612383,-0.8760723
1500079833618,-8.593168,-5.8548436,-0.23457673
1500079833681,-8.00912,-4.6293,-0.27287498
1500079833745,-8.727212,-4.5910015,-1.2207564
1500079833809,-8.545295,-3.8920588,-0.8473486
1500079833873,-8.583593,-3.2505634,0.26330042
1500079833936,-9.435729,-3.193116,0.28244954
1500079834000,-9.368708,-2.4367256,0.11968201
1500079834064,-9.234664,-1.8431029,0.45479164
1500079834128,-9.64637,-1.622888,0.3398969
1500079834191,-9.62722,-1.2111819,0.46436617
1500079834255,-10.058076,-1.0867126,0.28244954
1500079834319,-10.06765,-1.1154363,-0.09095833
1500079834383,-9.675094,-0.8760723,0.10053288
1500079834446,-9.550624,-0.6558574,0.30159867
1500079834510,-9.62722,-0.64628285,0.014361841
1500079834574,-9.799562,-0.6845811,-0.32074776
1500079834637,-9.847435,-0.6558574,0.062234644
1500079834701,-9.531475,-0.71330476,0.18670394
1500079834765,-9.31126,-0.77075213,-0.062234644
1500079834828,-9.598496,-1.1345854,-0.3877697
1500079834892,-9.933606,-1.2016073,-0.10053288
1500079834956,-9.904882,-1.0962871,0.09095833
1500079835020,-9.924032,-1.2877784,-0.3398969
1500079835083,-10.000628,-1.4313968,-0.37819514
1500079835147,-9.828286,-1.7282082,-0.014361841
1500079835211,-9.20594,-2.149489,0.3111732
1500079835275,-8.32508,-3.3750327,0.32074776
1500079835338,-8.602742,-3.6239712,0.15798025
1500079835402,-9.004874,-4.868664,-0.19627848
1500079835466,-8.851681,-5.4048395,0.3398969
1500079835529,-8.621892,-6.0559096,-0.03351096
1500079835594,-6.525063,-8.286782,0.25372586
1500079835657,-8.918703,-8.784659,1.4888442
1500079835721,-2.34098,-8.851681,0.39734426
1500079835785,-3.911208,-9.330409,1.4601204
1500079835848,-1.8718265,-9.809137,0.34947145
1500079835912,-3.1069448,-9.502751,0.5792609
1500079835975,-3.7484405,-8.286782,2.8101335
1500079836039,-3.9495063,-8.315506,3.1069448
1500079836103,-3.059072,-6.7931504,4.993133
1500079836167,-2.034594,-6.2282515,5.232497
1500079836230,-0.8760723,-6.9176197,4.73462
1500079836294,-1.4792696,-7.587839,5.672927
1500079836358,-1.1633091,-6.1420803,6.2378263
1500079836421,-0.20585304,-6.7740016,6.936769
1500079836485,-0.751603,-5.49101,6.9654927
1500079836549,-1.0005416,-6.1899533,9.579348
1500079836612,0.15798025,-1.7377827,11.542132
1500079836676,-1.2494801,-3.7292912,7.2335806
1500079836740,-3.5952475,-8.583593,4.476107
1500079836804,-2.9441774,-0.512239,10.862339
1500079836867,-2.0633178,-5.155901,7.176133
1500079836931,-2.647366,-4.121848,9.014449
1500079836995,-2.6569405,-3.930357,9.378282
1500079837059,-1.776081,-4.4473834,8.401677
1500079837122,-1.1537346,-4.6005764,8.277207
1500079837186,-1.4026731,-4.5335546,7.5208173
1500079837250,-2.5707695,-5.835695,6.8888965
1500079837313,-3.4803526,-4.150572,7.6452866
1500079837377,-4.1601467,-3.5473747,8.181462
1500079837441,-5.002708,-3.9878044,7.8176284
1500079837505,-2.0728924,-4.7920675,8.755936
1500079837568,-1.5654407,-4.954835,8.439975
1500079837632,-3.1356685,-5.309094,7.0708127
1500079837696,-2.101616,-5.586756,7.664436
1500079837759,-1.8048047,-5.692076,7.587839
1500079837823,-1.6707608,-5.462287,7.7123084
1500079837887,-1.4505459,-4.993133,8.200611
1500079837951,-1.4888442,-4.715471,8.066567
1500079838015,-1.4888442,-4.08355,8.813383
1500079838078,-1.6899099,-4.389936,8.688913
1500079838142,-1.9005502,-5.261221,7.894225
1500079838206,-2.168638,-4.236743,8.583593
1500079838269,-1.709059,-4.5910015,8.133589
1500079838333,-2.2356598,-4.8207912,7.56869
1500079838397,-2.5324712,-4.3324885,8.420826
1500079838460,-2.168638,-4.7250457,8.277207
1500079838524,-2.254809,-4.935686,8.1623125
1500079838588,-2.254809,-5.1846247,8.037844
1500079838652,-2.3697038,-5.3952646,7.9420977
1500079838715,-3.1835413,-4.9069624,7.7984796
1500079838779,-4.5335546,-4.4186597,7.1474094
1500079838843,-5.529309,-4.4856815,5.9697385
1500079838906,-5.3569665,-4.96441,5.759098
1500079838970,-4.476107,-5.155901,7.1091113
1500079839034,-4.3995104,-5.146326,7.4154973
1500079839098,-4.3612123,-5.481436,6.7357035
1500079839162,-5.8644185,-3.4612036,6.1612296
1500079839225,-5.088879,-3.1069448,7.664436
1500079839289,-4.5527034,-5.414414,6.668681
1500079839353,-5.3378177,-4.1122737,7.0612383
1500079839416,-5.155901,-4.198445,6.678256
1500079839480,-5.2037735,-4.303765,6.8122997
1500079839544,-4.801642,-4.993133,6.936769
1500079839607,-5.28037,-4.0356774,6.9559183
1500079839671,-5.309094,-3.7963133,6.9080453
1500079839735,-4.926111,-5.1654754,6.611234
1500079839799,-4.8782387,-4.849515,6.745278
1500079839862,-4.5910015,-4.7441945,6.2665496
1500079839926,-4.916537,-3.212265,7.8367777
1500079839990,-3.8729098,-4.284616,7.8176284
1500079840054,-2.6569405,-5.261221,7.511243
1500079840117,-3.0494976,-4.121848,8.430401
1500079840181,-2.7814097,-4.1601467,8.11444
1500079840245,-1.9962958,-5.9697385,7.5208173
1500079840308,-1.8143792,-4.5910015,8.535721
1500079840372,-1.7665064,-4.868664,8.076141
1500079840436,-1.6707608,-4.351638,8.497422
1500079840500,-1.9962958,-4.1122737,8.5740185
1500079840563,-1.7569319,-4.5910015,8.286782
