1500080620172,-7.9420977,4.3803616,3.4133308
1500080620236,-7.9325233,4.3707867,3.4133308
1500080620301,-7.9420977,4.3995104,3.4420545
1500080620365,-7.9803963,4.351638,3.4324799
1500080620428,-7.922949,4.4473834,3.4324799
1500080620493,-7.9803963,4.3612123,3.384607
1500080620556,-8.018694,4.3707867,3.4133308
1500080620620,-7.9899707,4.4473834,3.4037561
1500080620684,-7.9420977,4.495256,3.3558834
1500080620747,-7.9803963,4.5239797,3.3367343
1500080620811,-7.9803963,4.4856815,3.3367343
1500080620875,-7.9803963,4.466532,3.3175852
1500080620939,-7.9803963,4.466532,3.346309
1500080621003,-7.9803963,4.466532,3.384607
1500080621067,-7.961247,4.4186597,3.365458
1500080621131,-7.9708214,4.3803616,3.3175852
1500080621195,-7.9420977,4.5239797,3.4612036
1500080621258,-7.961247,4.504831,3.3558834
1500080621322,-7.922949,4.5335546,3.365458
1500080621386,-7.961247,4.476107,3.2984362
1500080621450,-7.961247,4.5239797,3.3367343
1500080621514,-7.9420977,4.5622783,3.3750327
1500080621578,-7.9420977,4.504831,3.3271596
1500080621642,-7.961247,4.504831,3.3271596
1500080621706,-7.961247,4.495256,3.3271596
1500080621769,-7.9516726,4.495256,3.2984362
1500080621833,-7.9420977,4.5335546,3.346309
1500080621897,-7.9516726,4.504831,3.346309
1500080621961,-7.9420977,4.5239797,3.3367343
1500080622025,-7.961247,4.476107,3.3367343
1500080622089,-7.961247,4.5239797,3.3367343
1500080622153,-7.9420977,4.5622783,3.346309
1500080622216,-7.9708214,4.4856815,3.3271596
1500080622280,-7.9899707,4.4473834,3.3175852
1500080622344,-7.9708214,4.5239797,3.346309
1500080622408,-7.9420977,4.543129,3.346309
1500080622472,-7.961247,4.4856815,3.3080106
1500080622536,-7.9899707,4.4856815,3.3080106
1500080622600,-7.9803963,4.4856815,3.3080106
1500080622664,-7.9899707,4.428234,3.3175852
1500080622727,-7.922949,4.5910015,3.4133308
1500080622791,-7.9803963,4.3995104,3.3271596
1500080622855,-7.922949,4.476107,3.4037561
1500080622919,-7.9708214,4.3803616,3.3271596
1500080622983,-7.922949,4.456958,3.4037561
1500080623047,-7.9325233,4.456958,3.4037561
1500080623111,-7.9325233,4.437809,3.346309
1500080623174,-7.9325233,4.495256,3.3941817
1500080623238,-7.961247,4.495256,3.365458
1500080623302,-7.961247,4.504831,3.3367343
1500080623366,-7.9899707,4.5335546,3.2984362
1500080623430,-7.961247,4.466532,3.346309
1500080623494,-7.9899707,4.4473834,3.384607
1500080623562,-7.9420977,4.456958,3.365458
1500080623622,-7.9708214,4.4856815,3.365458
1500080623687,-7.961247,4.456958,3.384607
1500080623749,-7.9803963,4.4473834,3.3558834
1500080623813,-7.9325233,4.4856815,3.384607
1500080623877,-7.9803963,4.428234,3.3750327
1500080623941,-7.9899707,4.3612123,3.384607
1500080624004,-7.9803963,4.456958,3.4037561
1500080624068,-7.9516726,4.4090853,3.4133308
1500080624133,-7.9708214,4.428234,3.384607
1500080624196,-7.999545,4.4186597,3.3941817
1500080624260,-7.9899707,4.389936,3.3750327
1500080624324,-7.9899707,4.4090853,3.3750327
1500080624388,-7.9899707,4.4186597,3.4133308
1500080624453,-7.961247,4.4090853,3.4037561
1500080624515,-7.9803963,4.3995104,3.384607
1500080624579,-7.999545,4.3995104,3.384607
1500080624643,-7.9899707,4.428234,3.384607
1500080624707,-7.9899707,4.389936,3.4037561
1500080624772,-7.999545,4.3324885,3.3558834
1500080624835,-7.9899707,4.4090853,3.4133308
1500080624900,-7.9899707,4.428234,3.4133308
1500080624964,-7.9803963,4.4186597,3.384607
1500080625026,-8.00912,4.4186597,3.365458
1500080625091,-8.018694,4.3995104,3.3750327
1500080625155,-7.9899707,4.4186597,3.3750327
1500080625218,-7.9899707,4.4186597,3.4037561
1500080625282,-7.9803963,4.3995104,3.4037561
1500080625347,-7.9803963,4.3803616,3.4037561
1500080625411,-7.9899707,4.3803616,3.4037561
1500080625474,-7.9899707,4.389936,3.4229054
1500080625537,-7.9899707,4.3803616,3.4133308
1500080625602,-7.9325233,4.3995104,3.4420545
1500080625674,-7.999545,4.322914,3.4133308
1500080625729,-7.9708214,4.3803616,3.4612036
1500080625793,-7.9708214,4.3707867,3.4229054
1500080625857,-7.9516726,4.3612123,3.4420545
1500080625921,-7.9708214,4.3803616,3.4420545
1500080625985,-7.9803963,4.3707867,3.4324799
1500080626049,-7.9708214,4.351638,3.4037561
1500080626112,-7.9899707,4.4090853,3.4229054
1500080626176,-7.999545,4.389936,3.4324799
1500080626240,-7.9803963,4.3995104,3.384607
1500080626304,-7.9708214,4.4186597,3.4037561
1500080626368,-7.999545,4.3995104,3.3941817
1500080626432,-7.9803963,4.4186597,3.3941817
1500080626496,-7.9516726,4.437809,3.4229054
1500080626559,-7.9803963,4.342063,3.346309
1500080626623,-7.9803963,4.437809,3.4324799
1500080626687,-7.9803963,4.428234,3.3941817
1500080626751,-7.9803963,4.4186597,3.384607
1500080626815,-7.9899707,4.4186597,3.365458
1500080626879,-7.9899707,4.4090853,3.384607
1500080626942,-7.9899707,4.3995104,3.3558834
1500080627006,-7.9708214,4.437809,3.384607
1500080627070,-7.9803963,4.4186597,3.3941817
1500080627134,-7.9708214,4.428234,3.365458
1500080627198,-7.9708214,4.4090853,3.384607
1500080627262,-7.999545,4.428234,3.3558834
1500080627326,-7.961247,4.4473834,3.384607
1500080627390,-7.9803963,4.3995104,3.384607
1500080627453,-7.9803963,4.3995104,3.3558834
1500080627517,-7.9803963,4.4186597,3.3941817
1500080627581,-7.961247,4.4473834,3.3941817
1500080627645,-7.9708214,4.437809,3.3750327
1500080627709,-8.00912,4.437809,3.346309
1500080627773,-7.999545,4.437809,3.365458
1500080627836,-7.9899707,4.437809,3.346309
1500080627900,-7.9708214,4.456958,3.3750327
1500080627964,-7.9899707,4.428234,3.365458
1500080628028,-7.961247,4.428234,3.3750327
1500080628092,-7.9899707,4.389936,3.3941817
1500080628156,-7.9899707,4.4090853,3.384607
1500080628220,-7.9420977,4.4186597,3.4229054
1500080628283,-8.028269,4.3612123,3.4037561
1500080628347,-7.9708214,4.3707867,3.4037561
1500080628412,-7.999545,4.342063,3.4037561
1500080628476,-7.9516726,4.389936,3.4420545
1500080628540,-7.9325233,4.389936,3.3941817
1500080628604,-7.9708214,4.389936,3.4229054
1500080628667,-7.9516726,4.351638,3.4037561
1500080628731,-7.9708214,4.3995104,3.4229054
1500080628794,-7.9899707,4.4090853,3.4133308
1500080628858,-7.9803963,4.4186597,3.4133308
1500080628922,-7.9803963,4.4186597,3.384607
1500080628986,-7.999545,4.437809,3.365458
1500080629050,-7.9516726,4.456958,3.4037561
1500080629115,-7.9899707,4.389936,3.346309
1500080629178,-7.9708214,4.428234,3.4037561
1500080629241,-7.9803963,4.428234,3.3941817
1500080629305,-7.9516726,4.543129,3.3175852
1500080629369,-7.9420977,4.543129,3.3367343
1500080629433,-7.9899707,4.5239797,3.2984362
1500080629497,-7.9708214,4.4473834,3.3080106
1500080629561,-7.9516726,4.504831,3.3271596
1500080629624,-7.9325233,4.5335546,3.3367343
1500080629688,-7.9516726,4.5718527,3.3941817
1500080629752,-7.9803963,4.389936,3.2505634
1500080629816,-7.9516726,4.5622783,3.384607
1500080629880,-7.9420977,4.543129,3.3271596
1500080629944,-7.9803963,4.437809,3.3080106
1500080630008,-7.961247,4.466532,3.3080106
1500080630072,-7.961247,4.504831,3.3750327
1500080630136,-7.9708214,4.5239797,3.346309
1500080630199,-7.9420977,4.466532,3.3367343
1500080630263,-7.961247,4.543129,3.2792869
1500080630327,-7.9708214,4.466532,3.3750327
1500080630391,-7.9899707,4.456958,3.2984362
1500080630455,-7.999545,4.4473834,3.3367343
1500080630519,-7.8846507,4.5527034,3.3558834
1500080630583,-7.9325233,4.5718527,3.1548176
1500080630647,-7.9516726,4.715471,3.0686467
1500080630710,-7.855927,5.194199,3.212265
1500080630774,-7.961247,4.658024,3.0686467
1500080630838,-7.9899707,4.6388745,3.0303483
1500080630902,-7.9899707,4.6293,3.1452432
1500080630966,-7.9037995,4.581427,3.2984362
1500080631031,-7.9516726,4.456958,3.3080106
1500080631094,-7.9325233,4.5335546,3.3080106
1500080631158,-7.9133744,4.5910015,3.2984362
1500080631222,-7.999545,4.428234,3.2505634
1500080631286,-7.999545,4.504831,3.2888615
1500080631350,-7.9803963,4.437809,3.212265
1500080631414,-7.9708214,4.4856815,3.3175852
1500080631477,-7.9708214,4.476107,3.3367343
1500080631541,-7.9516726,4.4473834,3.365458
1500080631605,-7.961247,4.456958,3.346309
1500080631669,-7.999545,4.3995104,3.2888615
1500080631732,-7.9708214,4.4473834,3.3367343
1500080631796,-8.018694,4.3995104,3.2792869
1500080631860,-7.9803963,4.495256,3.3271596
1500080631924,-8.00912,4.466532,3.2984362
1500080631988,-7.999545,4.4856815,3.2697124
1500080632052,-8.018694,4.5239797,3.2697124
1500080632115,-7.9899707,4.495256,3.231414
1500080632179,-7.9803963,4.543129,3.2792869
1500080632243,-7.9708214,4.5239797,3.2888615
1500080632307,-7.9803963,4.4473834,3.2984362
1500080632371,-7.9803963,4.466532,3.2888615
1500080632435,-7.961247,4.495256,3.3175852
1500080632499,-7.961247,4.495256,3.2697124
1500080632564,-7.9420977,4.5622783,3.3271596
1500080632627,-7.9899707,4.476107,3.212265
1500080632691,-7.961247,4.5527034,3.2792869
1500080632755,-7.9420977,4.5718527,3.2792869
1500080632818,-7.9516726,4.5527034,3.2697124
1500080632882,-7.961247,4.5718527,3.2792869
1500080632946,-7.9708214,4.504831,3.2505634
1500080633010,-7.9708214,4.5335546,3.2505634
1500080633074,-7.961247,4.5527034,3.2792869
1500080633137,-7.9516726,4.543129,3.2888615
1500080633201,-7.9516726,4.5335546,3.2409887
1500080633265,-7.961247,4.5527034,3.2697124
1500080633329,-7.9708214,4.5718527,3.2409887
1500080633393,-7.9516726,4.5527034,3.2792869
1500080633457,-7.9899707,4.476107,3.2409887
1500080633521,-7.9708214,4.5718527,3.2888615
1500080633585,-7.9708214,4.5527034,3.2697124
1500080633650,-7.961247,4.5144053,3.2601378
1500080633713,-7.9899707,4.5527034,3.2409887
1500080633776,-7.9899707,4.504831,3.2601378
1500080633840,-7.961247,4.5144053,3.2601378
1500080633904,-7.9708214,4.5144053,3.2792869
1500080633968,-7.9803963,4.495256,3.3080106
1500080634032,-7.9708214,4.476107,3.2697124
1500080634096,-7.9803963,4.495256,3.2697124
1500080634159,-7.9899707,4.495256,3.3271596
1500080634223,-7.999545,4.437809,3.2984362
1500080634287,-7.9325233,4.437809,3.3558834
1500080634351,-8.018694,4.3612123,3.3367343
1500080634415,-7.9516726,4.3995104,3.365458
1500080634479,-7.9516726,4.428234,3.346309
1500080634544,-7.922949,4.4473834,3.3750327
1500080634607,-7.9516726,4.437809,3.3271596
1500080634671,-7.9803963,4.456958,3.346309
1500080634735,-8.00912,4.351638,3.3080106
1500080634798,-8.028269,4.4090853,3.2984362
1500080634862,-8.00912,4.476107,3.365458
1500080634926,-7.9899707,4.437809,3.2984362
1500080634990,-7.961247,4.456958,3.3080106
1500080635054,-7.9708214,4.4856815,3.3080106
1500080635118,-7.9899707,4.5239797,3.2888615
1500080635181,-7.961247,4.543129,3.2792869
1500080635245,-7.961247,4.5239797,3.2505634
1500080635309,-7.9708214,4.5144053,3.2888615
1500080635373,-7.961247,4.5335546,3.2984362
1500080635437,-7.961247,4.5144053,3.2984362
1500080635501,-7.9708214,4.5239797,3.2409887
1500080635565,-7.9708214,4.543129,3.2792869
1500080635629,-7.9708214,4.5239797,3.2697124
1500080635692,-7.9803963,4.5144053,3.2601378
1500080635756,-7.9708214,4.504831,3.2984362
1500080635821,-7.9516726,4.5239797,3.2888615
1500080635884,-7.961247,4.5239797,3.2697124
1500080635948,-7.9803963,4.504831,3.2601378
1500080636013,-7.961247,4.5239797,3.2792869
1500080636077,-7.9899707,4.5144053,3.2505634
1500080636139,-7.9708214,4.5335546,3.3080106
1500080636203,-7.999545,4.495256,3.2218397
1500080636267,-7.999545,4.5622783,3.2984362
1500080636331,-7.9899707,4.437809,3.2697124
1500080636396,-7.9708214,4.504831,3.2697124
1500080636460,-7.9708214,4.5144053,3.3175852
1500080636524,-7.9708214,4.495256,3.3080106
1500080636587,-7.999545,4.466532,3.2984362
1500080636652,-7.999545,4.466532,3.3175852
1500080636715,-7.999545,4.4473834,3.3271596
1500080636778,-7.961247,4.4186597,3.3271596
1500080636842,-7.9708214,4.428234,3.3271596
1500080636907,-7.961247,4.4090853,3.3750327
1500080636971,-7.961247,4.389936,3.3367343
1500080637035,-7.9037995,4.428234,3.346309
1500080637098,-7.9899707,4.3803616,3.365458
1500080637162,-7.9516726,4.428234,3.365458
1500080637226,-7.9899707,4.4090853,3.365458
1500080637290,-7.9803963,4.4473834,3.346309
1500080637353,-7.9899707,4.437809,3.2984362
1500080637417,-7.999545,4.4473834,3.3175852
1500080637481,-8.00912,4.428234,3.3080106
1500080637545,-8.00912,4.476107,3.2984362
1500080637609,-7.9803963,4.4856815,3.3080106
1500080637673,-7.9803963,4.476107,3.2984362
1500080637737,-7.9708214,4.495256,3.2984362
1500080637800,-7.999545,4.456958,3.2697124
1500080637864,-7.9420977,4.5622783,3.3175852
1500080637928,-7.9899707,4.456958,3.2601378
1500080637992,-7.9516726,4.495256,3.2984362
1500080638056,-7.9899707,4.619725,3.2601378
1500080638121,-7.961247,4.3995104,3.2505634
1500080638184,-7.9420977,4.6005764,3.3080106
1500080638247,-7.961247,4.5718527,3.2888615
1500080638311,-7.961247,4.495256,3.2409887
1500080638376,-7.9420977,4.581427,3.3175852
1500080638439,-7.9420977,4.5718527,3.2409887
1500080638503,-7.9708214,4.5239797,3.2505634
1500080638567,-7.9516726,4.5239797,3.2505634
1500080638632,-7.9708214,4.581427,3.2601378
1500080638695,-7.9708214,4.5622783,3.2888615
1500080638759,-7.961247,4.543129,3.2601378
1500080638823,-7.9899707,4.543129,3.2218397
1500080638887,-7.9325233,4.5335546,3.365458
1500080638950,-7.9325233,4.0069537,4.1409974
1500080639014,-7.9133744,4.715471,3.5282254
1500080639078,-7.9133744,5.4718614,2.3026817
1500080639142,-8.363379,5.17505,0.23457673
1500080639206,-8.459125,5.414414,-0.2441513
1500080639270,-7.9420977,5.002708,1.0962871
1500080639333,-8.152739,6.4197426,0.39734426
1500080639397,-7.4537954,6.4676156,1.3165021
1500080639461,-6.975067,7.2335806,0.8664977
1500080639525,-7.051664,7.003791,0.14840569
1500080639589,-6.9176197,6.1899533,1.7377827
1500080639653,-7.0612383,5.9314404,-0.17712937
1500080639717,-7.1186857,7.635712,0.15798025
1500080639780,-7.4442205,7.137835,-0.25372586
1500080639844,-7.1186857,5.7782474,0.5218136
1500080639908,-6.5059137,7.9708214,1.8526775
1500080639972,-7.4442205,5.4431376,-1.8718265
1500080640036,-7.3676243,7.4920936,-0.8760723
1500080640100,-7.5974135,6.3144226,0.47394073
1500080640164,-7.35805,5.4048395,0.76117754
1500080640227,-6.113357,8.028269,1.383524
1500080640291,-7.693159,7.0708127,-1.9962958
1500080640356,-7.35805,7.1474094,-0.12925656
1500080640420,-7.5974135,5.481436,-0.15798025
1500080640483,-6.2761245,6.563361,4.3803616
1500080640547,-7.1474094,7.7984796,-2.1111906
1500080640611,-5.672927,10.259142,-0.0718092
1500080640675,-7.051664,6.1420803,-0.751603
1500080640739,-7.664436,6.7357035,3.7675896
1500080640802,-7.7123084,5.644203,0.8952214
1500080640866,-7.7506065,1.6707608,0.37819514
1500080640930,-6.8793216,-0.98139244,0.081383765
1500080640994,-4.1409974,-1.2111819,5.7208
1500080641058,-6.151655,-7.195282,8.411251
1500080641122,-9.454879,-8.478273,4.3995104
1500080641186,-6.9559183,-7.56869,5.041006
1500080641250,-6.0367603,-4.9835587,5.4239883
1500080641313,-5.7495236,-6.639958,2.666515
1500080641377,-5.845269,-7.2910275,2.733537
1500080641441,-6.3622956,-8.34423,1.3356512
1500080641505,-5.5963306,-7.5303917,2.1111906
1500080641569,-5.653778,-7.616563,1.5462915
1500080641633,-5.4048395,-7.9133744,1.948423
1500080641697,-5.950589,-8.34423,1.5271424
1500080641760,-5.519734,-8.133589,2.0441687
1500080641824,-5.079304,-7.7793303,2.3792782
1500080641888,-4.4856815,-7.6069884,2.8292825
1500080641952,-4.131423,-8.018694,3.0494976
1500080642016,-4.2463174,-10.211268,2.4654493
1500080642080,-4.6005764,-11.417664,0.83777404
1500080642144,-4.6771727,-9.244238,3.5378
1500080642207,-5.692076,-6.8793216,3.2697124
1500080642271,-7.3389006,-8.478273,1.1058618
1500080642344,-7.6740103,-5.155901,4.8303657
1500080642399,-8.899554,-4.0261025,7.1474094
1500080642463,-10.259142,-4.016528,4.389936
1500080642527,-8.32508,-0.665432,2.9537518
1500080642591,-6.2091026,0.50266445,2.647366
1500080642655,-3.2888615,1.7569319,1.4218222
1500080642718,-3.212265,1.3548003,0.4835153
1500080642782,-5.979313,2.8101335,0.8281995
1500080642846,-13.380448,5.8165455,1.4122477
1500080642910,-11.590006,7.3197513,4.2941904
1500080642974,-7.0325146,6.6591067,4.772918
1500080643038,-5.941015,7.511243,4.9835587
1500080643102,-7.0133657,6.0367603,2.800559
1500080643166,-8.229335,2.5994933,1.3165021
1500080643229,-8.66019,2.6856642,3.5952475
1500080643293,-8.487848,4.121848,3.9016335
1500080643357,-8.23891,4.4473834,3.0494976
1500080643421,-8.133589,4.7250457,2.3984275
1500080643485,-8.095291,4.887813,2.4463003
1500080643549,-8.028269,4.4856815,2.714388
1500080643613,-8.32508,4.6005764,2.6760898
1500080643676,-8.200611,4.5239797,2.9250283
1500080643740,-8.439975,4.08355,3.039923
1500080643804,-8.430401,4.303765,2.8771553
1500080643868,-8.210186,4.2271686,2.8771553
1500080643932,-8.191036,3.9207826,3.0973704
1500080643996,-8.296356,4.322914,3.231414
1500080644060,-8.21976,4.121848,3.3080106
1500080644124,-8.229335,3.8537605,3.2218397
1500080644187,-8.305931,3.844186,3.2601378
1500080644251,-8.315506,3.6814184,3.1835413
1500080644315,-8.32508,3.9207826,3.1835413
1500080644379,-8.2676325,3.8729098,3.2409887
1500080644443,-8.296356,3.8058877,3.2888615
1500080644507,-8.296356,3.8058877,3.3175852
1500080644571,-8.334655,3.777164,3.3271596
1500080644635,-8.334655,3.690993,3.384607
1500080644698,-8.353804,3.7867386,3.4133308
1500080644762,-8.315506,3.7101421,3.3558834
1500080644826,-8.334655,3.7101421,3.3080106
1500080644890,-8.286782,3.7675896,3.365458
1500080644954,-8.334655,3.777164,3.2888615
1500080645018,-8.372953,3.7867386,3.3175852
1500080645082,-8.334655,3.825037,3.3175852
1500080645145,-8.334655,3.7963133,3.3175852
1500080645209,-8.315506,3.8154624,3.3271596
1500080645273,-8.315506,3.8154624,3.3080106
1500080645337,-8.334655,3.8058877,3.3367343
1500080645401,-8.334655,3.7484405,3.3271596
1500080645465,-8.363379,3.7197168,3.346309
1500080645529,-8.296356,3.758015,3.346309
1500080645593,-8.305931,3.7675896,3.346309
1500080645656,-8.334655,3.7867386,3.365458
1500080645720,-8.305931,3.7675896,3.384607
1500080645784,-8.34423,3.7197168,3.3080106
1500080645848,-8.353804,3.8346114,3.384607
1500080645913,-8.315506,3.8729098,3.2888615
1500080645977,-8.363379,3.758015,3.346309
1500080646039,-8.382527,3.7005677,3.2984362
1500080646104,-8.382527,3.6526947,3.2697124
1500080646167,-8.34423,3.7675896,3.3750327
1500080646231,-8.34423,3.7388659,3.3271596
1500080646295,-8.392102,3.6622694,3.346309
1500080646359,-8.372953,3.671844,3.346309
1500080646423,-8.34423,3.671844,3.3367343
1500080646487,-8.32508,3.671844,3.3558834
1500080646551,-8.392102,3.604822,3.3941817
1500080646614,-8.32508,3.6143966,3.3367343
1500080646678,-8.34423,3.604822,3.3750327
1500080646742,-8.34423,3.6335456,3.3750327
1500080646806,-8.372953,3.6239712,3.384607
1500080646870,-8.392102,3.5665238,3.365458
1500080646934,-8.363379,3.6431203,3.3558834
1500080646998,-8.392102,3.6526947,3.3271596
1500080647062,-8.392102,3.7005677,3.365458
1500080647125,-8.382527,3.690993,3.3367343
1500080647190,-8.392102,3.671844,3.2888615
1500080647254,-8.392102,3.671844,3.3271596
1500080647318,-8.363379,3.6335456,3.3175852
1500080647381,-8.411251,3.5952475,3.365458
1500080647445,-8.372953,3.6814184,3.365458
1500080647509,-8.353804,3.6335456,3.3271596
1500080647573,-8.392102,3.6526947,3.3558834
1500080647637,-8.411251,3.6239712,3.3175852
1500080647700,-8.401677,3.6335456,3.3080106
1500080647764,-8.372953,3.690993,3.3080106
1500080647828,-8.392102,3.6526947,3.3558834
1500080647892,-8.430401,3.604822,3.3175852
1500080647956,-8.372953,3.6143966,3.2888615
1500080648020,-8.363379,3.671844,3.384607
1500080648084,-8.392102,3.5952475,3.2888615
1500080648147,-8.401677,3.6239712,3.346309
1500080648211,-8.382527,3.6526947,3.346309
1500080648275,-8.392102,3.7005677,3.346309
1500080648339,-8.401677,3.6814184,3.346309
1500080648403,-8.44955,3.5760984,3.2601378
1500080648467,-8.439975,3.5856729,3.3080106
1500080648531,-8.372953,3.6431203,3.3271596
1500080648595,-8.401677,3.5952475,3.365458
1500080648658,-8.430401,3.4420545,3.3750327
1500080648722,-8.459125,3.5665238,3.2792869
1500080648787,-8.392102,3.6239712,3.2505634
1500080648850,-8.401677,3.604822,3.3558834
1500080648914,-8.487848,3.4707782,3.2984362
1500080648978,-8.411251,3.4803526,3.2697124
1500080649041,-8.363379,3.5569491,3.346309
1500080649106,-8.411251,3.5282254,3.3271596
1500080649169,-8.401677,3.5952475,3.3367343
1500080649233,-8.411251,3.5282254,3.3080106
1500080649297,-8.44955,3.499502,3.3367343
1500080649361,-8.459125,3.5378,3.2984362
1500080649426,-8.44955,3.5856729,3.2984362
1500080649490,-8.420826,3.604822,3.2984362
1500080649553,-8.439975,3.5856729,3.2601378
1500080649616,-8.401677,3.6431203,3.2984362
1500080649689,-8.439975,3.5856729,3.231414
1500080649744,-8.459125,3.5760984,3.2888615
1500080649808,-8.439975,3.604822,3.2792869
1500080649872,-8.411251,3.5952475,3.2888615
1500080649936,-8.439975,3.5665238,3.2888615
1500080650000,-8.430401,3.604822,3.2792869
1500080650064,-8.439975,3.5760984,3.2792869
1500080650128,-8.439975,3.5856729,3.2505634
1500080650191,-8.420826,3.6335456,3.2984362
1500080650255,-8.430401,3.6143966,3.2792869
1500080650319,-8.430401,3.6239712,3.2601378
1500080650383,-8.4686985,3.5569491,3.2601378
1500080650447,-8.401677,3.6239712,3.2888615
1500080650511,-8.420826,3.5665238,3.2601378
1500080650575,-8.430401,3.5856729,3.2792869
1500080650639,-8.439975,3.5952475,3.2792869
1500080650702,-8.411251,3.6239712,3.2601378
1500080650766,-8.430401,3.6143966,3.2601378
1500080650830,-8.44955,3.6239712,3.2505634
1500080650895,-8.4686985,3.5856729,3.2409887
1500080650958,-8.439975,3.6239712,3.2218397
1500080651023,-8.430401,3.6622694,3.2888615
1500080651095,-8.430401,3.6335456,3.2409887
1500080651150,-8.439975,3.6335456,3.2505634
1500080651213,-8.44955,3.6143966,3.2505634
1500080651277,-8.430401,3.6814184,3.2505634
1500080651341,-8.411251,3.6622694,3.231414
1500080651405,-8.430401,3.5952475,3.2697124
1500080651469,-8.459125,3.5282254,3.2218397
1500080651533,-8.411251,3.6431203,3.3175852
1500080651597,-8.430401,3.5856729,3.3080106
1500080651661,-8.392102,3.6143966,3.2697124
1500080651724,-8.411251,3.6335456,3.2984362
1500080651788,-8.420826,3.5856729,3.2697124
1500080651852,-8.392102,3.5856729,3.2792869
1500080651916,-8.420826,3.5569491,3.2984362
1500080651980,-8.411251,3.5856729,3.3080106
1500080652044,-8.411251,3.5952475,3.2984362
1500080652108,-8.430401,3.5952475,3.2792869
1500080652172,-8.4686985,3.6143966,3.2409887
1500080652236,-8.411251,3.6814184,3.2697124
1500080652300,-8.459125,3.604822,3.212265
1500080652372,-8.44955,3.6143966,3.2218397
1500080652427,-8.44955,3.6143966,3.2505634
1500080652491,-8.420826,3.6526947,3.2792869
1500080652555,-8.439975,3.6143966,3.2505634
1500080652619,-8.430401,3.6239712,3.231414
1500080652683,-8.44955,3.5856729,3.212265
1500080652746,-8.44955,3.6143966,3.231414
1500080652810,-8.439975,3.6335456,3.2409887
1500080652874,-8.439975,3.6335456,3.2505634
1500080652938,-8.430401,3.5952475,3.2218397
1500080653002,-8.439975,3.6239712,3.2409887
1500080653066,-8.44955,3.5952475,3.2218397
1500080653130,-8.430401,3.6526947,3.231414
1500080653194,-8.439975,3.5856729,3.2697124
1500080653257,-8.430401,3.5665238,3.2026904
1500080653321,-8.459125,3.6431203,3.2505634
1500080653385,-8.420826,3.6239712,3.2697124
1500080653449,-8.439975,3.6239712,3.212265
1500080653513,-8.459125,3.6143966,3.2409887
1500080653577,-8.4686985,3.604822,3.212265
1500080653641,-8.44955,3.6335456,3.212265
1500080653705,-8.44955,3.6431203,3.2601378
1500080653768,-8.439975,3.6239712,3.2409887
1500080653832,-8.439975,3.5952475,3.2409887
1500080653896,-8.439975,3.604822,3.2601378
1500080653960,-8.459125,3.5856729,3.231414
1500080654024,-8.411251,3.5952475,3.2697124
1500080654088,-8.4686985,3.5856729,3.2697124
1500080654152,-8.439975,3.5473747,3.2409887
1500080654216,-8.430401,3.604822,3.2984362
1500080654279,-8.430401,3.5569491,3.2792869
1500080654343,-8.392102,3.6239712,3.2888615
1500080654407,-8.420826,3.5473747,3.2792869
1500080654471,-8.411251,3.5760984,3.2888615
1500080654535,-8.420826,3.5378,3.2697124
1500080654599,-8.430401,3.6239712,3.3080106
1500080654663,-8.430401,3.5952475,3.2601378
1500080654726,-8.439975,3.604822,3.2505634
1500080654790,-8.4686985,3.5856729,3.2218397
1500080654863,-8.411251,3.6814184,3.2792869
1500080654918,-8.44955,3.5569491,3.2026904
1500080654982,-8.459125,3.6143966,3.2697124
1500080655046,-8.430401,3.5952475,3.231414
1500080655110,-8.430401,3.6239712,3.2601378
1500080655174,-8.459125,3.604822,3.231414
1500080655238,-8.44955,3.5952475,3.212265
1500080655301,-8.459125,3.5952475,3.2026904
1500080655366,-8.44955,3.6239712,3.2218397
1500080655429,-8.44955,3.6335456,3.231414
1500080655493,-8.430401,3.6239712,3.231414
1500080655557,-8.439975,3.5952475,3.231414
1500080655621,-8.459125,3.604822,3.231414
1500080655685,-8.439975,3.6335456,3.212265
1500080655748,-8.44955,3.5952475,3.2601378
1500080655812,-8.44955,3.5569491,3.1548176
1500080655876,-8.44955,3.6431203,3.2697124
1500080655940,-8.439975,3.6143966,3.2409887
1500080656004,-8.430401,3.6239712,3.2409887
1500080656068,-8.478273,3.604822,3.193116
1500080656132,-8.4686985,3.6143966,3.2218397
1500080656196,-8.459125,3.604822,3.193116
1500080656260,-8.44955,3.6431203,3.2601378
1500080656332,-8.44955,3.6143966,3.231414
1500080656387,-8.430401,3.604822,3.212265
1500080656451,-8.459125,3.6143966,3.2218397
1500080656515,-8.439975,3.6143966,3.2601378
1500080656579,-8.44955,3.604822,3.231414
1500080656643,-8.392102,3.6239712,3.2792869
1500080656706,-8.4686985,3.5378,3.2409887
1500080656770,-8.411251,3.6143966,3.2792869
1500080656834,-8.439975,3.5665238,3.2792869
1500080656898,-8.401677,3.6239712,3.2888615
1500080656962,-8.411251,3.6143966,3.2505634
1500080657026,-8.411251,3.5760984,3.2697124
1500080657090,-8.411251,3.5665238,3.2601378
1500080657154,-8.411251,3.604822,3.2888615
1500080657218,-8.420826,3.5952475,3.3080106
1500080657282,-8.411251,3.604822,3.2888615
1500080657354,-8.430401,3.5856729,3.2601378
1500080657409,-8.459125,3.6239712,3.2409887
1500080657473,-8.459125,3.6431203,3.2218397
1500080657537,-8.420826,3.6526947,3.231414
1500080657601,-8.439975,3.604822,3.2026904
1500080657665,-8.439975,3.6814184,3.2697124
1500080657729,-8.430401,3.604822,3.2409887
1500080657792,-8.430401,3.6431203,3.2409887
1500080657856,-8.459125,3.6335456,3.212265
1500080657920,-8.44955,3.5856729,3.2026904
1500080657984,-8.439975,3.6239712,3.2218397
1500080658048,-8.439975,3.6526947,3.231414
1500080658112,-8.439975,3.6143966,3.2409887
1500080658176,-8.439975,3.6239712,3.212265
1500080658240,-8.439975,3.604822,3.2218397
1500080658304,-8.459125,3.6143966,3.2218397
1500080658376,-8.439975,3.6335456,3.2218397
1500080658432,-8.430401,3.6143966,3.2505634
1500080658495,-8.439975,3.5665238,3.1835413
1500080658559,-8.459125,3.6526947,3.2697124
1500080658623,-8.459125,3.6239712,3.231414
1500080658687,-8.44955,3.6526947,3.231414
1500080658750,-8.4686985,3.6239712,3.2026904
1500080658814,-8.459125,3.6239712,3.193116
1500080658878,-8.439975,3.6335456,3.2218397
1500080658942,-8.439975,3.6335456,3.2505634
1500080659006,-8.439975,3.604822,3.2601378
1500080659070,-8.420826,3.604822,3.2505634
1500080659134,-8.420826,3.604822,3.2601378
1500080659198,-8.439975,3.6239712,3.2697124
1500080659262,-8.439975,3.604822,3.2409887
1500080659325,-8.382527,3.6431203,3.2792869
1500080659389,-8.44955,3.5665238,3.2601378
1500080659453,-8.401677,3.6239712,3.2984362
1500080659517,-8.430401,3.5569491,3.2697124
1500080659581,-8.382527,3.6239712,3.2888615
1500080659645,-8.401677,3.604822,3.2601378
1500080659709,-8.411251,3.5665238,3.2792869
1500080659772,-8.411251,3.5760984,3.2601378
1500080659836,-8.420826,3.6143966,3.2984362
1500080659900,-8.44955,3.604822,3.2697124
1500080659964,-8.430401,3.6335456,3.2505634
1500080660028,-8.430401,3.6239712,3.2218397
1500080660092,-8.439975,3.6335456,3.2409887
1500080660156,-8.430401,3.671844,3.2409887
1500080660220,-8.430401,3.6239712,3.231414
1500080660284,-8.44955,3.5760984,3.2026904
1500080660347,-8.439975,3.6335456,3.2505634
1500080660411,-8.430401,3.6526947,3.2505634
1500080660475,-8.44955,3.6143966,3.1835413
1500080660539,-8.439975,3.6239712,3.2697124
1500080660603,-8.44955,3.6335456,3.1835413
1500080660667,-8.44955,3.604822,3.2218397
1500080660731,-8.439975,3.6526947,3.231414
1500080660794,-8.439975,3.6239712,3.231414
1500080660858,-8.430401,3.6239712,3.212265
1500080660922,-8.44955,3.6143966,3.212265
1500080660986,-8.44955,3.6526947,3.2218397
1500080661050,-8.420826,3.6335456,3.2409887
1500080661114,-8.4686985,3.5665238,3.1835413
1500080661178,-8.478273,3.671844,3.2697124
1500080661242,-8.44955,3.6335456,3.212265
1500080661306,-8.44955,3.6431203,3.212265
1500080661369,-8.459125,3.6431203,3.2218397
1500080661433,-8.439975,3.604822,3.231414
1500080661497,-8.439975,3.604822,3.2218397
1500080661561,-8.439975,3.6143966,3.2505634
1500080661625,-8.439975,3.604822,3.2792869
1500080661689,-8.420826,3.5952475,3.2792869
1500080661752,-8.430401,3.5760984,3.2792869
1500080661816,-8.459125,3.5665238,3.2505634
1500080661880,-8.392102,3.5760984,3.2792869
1500080661944,-8.487848,3.499502,3.2792869
1500080662008,-8.392102,3.518651,3.2601378
1500080662072,-8.401677,3.4803526,3.3080106
1500080662136,-8.401677,3.5665238,3.3558834
1500080662200,-8.411251,3.5473747,3.2792869
1500080662264,-8.420826,3.5473747,3.3080106
1500080662328,-8.478273,3.5569491,3.2601378
1500080662391,-8.478273,3.5282254,3.2218397
1500080662455,-8.506997,3.6335456,3.231414
1500080662519,-8.401677,3.777164,3.2697124
1500080662583,-8.4686985,3.4803526,3.1835413
1500080662647,-8.430401,3.7675896,3.2792869
1500080662711,-8.411251,3.5856729,3.2218397
1500080662774,-8.392102,3.7675896,3.2792869
1500080662838,-8.382527,3.8154624,3.451629
1500080662902,-8.363379,3.5569491,3.3175852
1500080662966,-8.593168,3.2601378,3.193116
1500080663030,-8.621892,3.0686467,3.059072
1500080663094,-8.420826,3.3941817,3.2601378
1500080663158,-8.392102,3.6239712,3.4229054
1500080663222,-8.392102,3.604822,3.518651
1500080663286,-8.439975,3.5760984,3.2601378
1500080663349,-8.392102,3.7197168,3.3750327
1500080663413,-8.411251,3.6814184,3.2697124
1500080663477,-8.363379,3.7101421,3.3080106
1500080663541,-8.382527,3.6143966,3.3271596
1500080663605,-8.411251,3.604822,3.2888615
1500080663669,-8.372953,3.7197168,3.346309
1500080663733,-8.401677,3.7867386,3.231414
1500080663796,-8.439975,3.7867386,3.1643922
1500080663860,-8.478273,3.6622694,3.1643922
1500080663924,-8.430401,3.5952475,3.2697124
1500080663988,-8.392102,3.6526947,3.3080106
1500080664052,-8.4686985,3.6143966,3.231414
1500080664117,-8.392102,3.5952475,3.2984362
1500080664180,-8.382527,3.5760984,3.2697124
1500080664244,-8.420826,3.5090764,3.2792869
1500080664308,-8.44955,3.5856729,3.3080106
1500080664371,-8.430401,3.5378,3.2601378
1500080664435,-8.430401,3.604822,3.2984362
1500080664499,-8.44955,3.5665238,3.3271596
1500080664563,-8.382527,3.5952475,3.3175852
1500080664627,-8.392102,3.5378,3.2984362
1500080664691,-8.411251,3.4803526,3.3750327
1500080664755,-8.420826,3.4707782,3.3558834
1500080664819,-8.430401,3.5090764,3.3941817
1500080664882,-8.4686985,3.4037561,3.365458
1500080664946,-8.4686985,3.451629,3.3367343
1500080665010,-8.459125,3.4803526,3.2888615
1500080665074,-8.430401,3.5760984,3.3367343
1500080665138,-8.44955,3.5569491,3.2409887
1500080665202,-8.44955,3.6335456,3.2984362
1500080665266,-8.439975,3.671844,3.2792869
1500080665329,-8.439975,3.5569491,3.2984362
1500080665393,-8.44955,3.5856729,3.3080106
1500080665457,-8.430401,3.4707782,3.2792869
1500080665521,-8.439975,3.518651,3.3367343
1500080665585,-8.420826,3.518651,3.346309
1500080665649,-8.420826,3.5378,3.346309
1500080665713,-8.430401,3.5090764,3.346309
1500080665776,-8.430401,3.5378,3.3080106
1500080665840,-8.401677,3.604822,3.3367343
1500080665904,-8.439975,3.5760984,3.3080106
1500080665968,-8.478273,3.5282254,3.3080106
1500080666032,-8.439975,3.6526947,3.3175852
1500080666096,-8.439975,3.5473747,3.2792869
1500080666160,-8.430401,3.5760984,3.3080106
1500080666224,-8.459125,3.5760984,3.2888615
1500080666287,-8.420826,3.5856729,3.3175852
1500080666351,-8.430401,3.604822,3.3175852
1500080666415,-8.439975,3.5473747,3.3367343
1500080666479,-8.459125,3.3941817,3.3271596
1500080666543,-8.44955,3.4612036,3.3558834
1500080666607,-8.459125,3.4803526,3.3271596
1500080666671,-8.392102,3.518651,3.3941817
1500080666735,-8.487848,3.3941817,3.3750327
1500080666798,-8.392102,3.4324799,3.3558834
1500080666862,-8.382527,3.4133308,3.384607
1500080666926,-8.420826,3.4612036,3.384607
1500080666990,-8.430401,3.451629,3.451629
1500080667054,-8.44955,3.384607,3.365458
1500080667118,-8.459125,3.4133308,3.384607
1500080667182,-8.478273,3.4133308,3.3750327
1500080667246,-8.478273,3.451629,3.3558834
1500080667309,-8.4686985,3.518651,3.3558834
1500080667373,-8.478273,3.4612036,3.212265
1500080667437,-8.411251,3.6526947,3.3558834
1500080667501,-8.459125,3.451629,3.2505634
1500080667565,-8.44955,3.6335456,3.3750327
1500080667629,-8.478273,3.4707782,3.231414
1500080667693,-8.430401,3.5760984,3.346309
1500080667756,-8.4686985,3.365458,3.2792869
1500080667820,-8.420826,3.451629,3.4324799
1500080667884,-8.372953,3.604822,3.365458
1500080667948,-8.363379,3.758015,3.2984362
1500080668012,-8.44955,3.6526947,3.231414
1500080668076,-8.516571,3.4229054,3.231414
1500080668140,-8.506997,3.4133308,3.2792869
1500080668204,-8.411251,3.5856729,3.3175852
1500080668267,-8.439975,3.6143966,3.3750327
1500080668331,-8.4686985,3.4899273,3.2505634
1500080668395,-8.497422,3.384607,3.3175852
1500080668459,-8.478273,3.4037561,3.2888615
1500080668523,-8.459125,3.4803526,3.2505634
1500080668587,-8.506997,3.6335456,3.212265
1500080668651,-8.487848,3.5569491,3.231414
1500080668715,-8.545295,3.5282254,3.1548176
1500080668778,-8.497422,3.451629,3.2697124
1500080668842,-8.497422,3.4037561,3.2409887
1500080668906,-8.44955,3.4420545,3.3175852
1500080668970,-8.459125,3.5282254,3.2792869
1500080669034,-8.459125,3.4324799,3.2888615
1500080669098,-8.478273,3.4420545,3.2601378
1500080669162,-8.44955,3.4133308,3.2505634
1500080669226,-8.487848,3.3941817,3.2888615
1500080669289,-8.459125,3.5665238,3.3175852
1500080669353,-8.487848,3.4133308,3.2601378
1500080669417,-8.506997,3.4133308,3.2792869
1500080669481,-8.497422,3.451629,3.2984362
1500080669545,-8.478273,3.4707782,3.2409887
1500080669609,-8.487848,3.5952475,3.3175852
1500080669673,-8.506997,3.4612036,3.212265
1500080669736,-8.545295,3.4324799,3.1643922
1500080669800,-8.516571,3.451629,3.2218397
1500080669864,-8.535721,3.3941817,3.1548176
1500080669928,-8.55487,3.365458,3.1643922
1500080669992,-8.516571,3.4229054,3.2218397
1500080670056,-8.526146,3.4229054,3.231414
1500080670120,-8.526146,3.4324799,3.2026904
1500080670184,-8.526146,3.4420545,3.173967
1500080670247,-8.535721,3.384607,3.1835413
1500080670312,-8.545295,3.4324799,3.1548176
1500080670375,-8.516571,3.4324799,3.212265
1500080670439,-8.506997,3.4803526,3.193116
1500080670503,-8.506997,3.499502,3.2218397
1500080670567,-8.526146,3.4803526,3.193116
1500080670631,-8.526146,3.4899273,3.193116
1500080670695,-8.545295,3.4324799,3.1548176
1500080670758,-8.583593,3.4803526,3.1356685
1500080670822,-8.526146,3.4037561,3.231414
1500080670886,-8.487848,3.518651,3.2409887
1500080670950,-8.44955,3.5569491,3.2792869
1500080671014,-8.497422,3.4803526,3.212265
1500080671078,-8.535721,3.4803526,3.212265
1500080671142,-8.55487,3.4133308,3.193116
1500080671206,-8.526146,3.4229054,3.2026904
1500080671269,-8.506997,3.4229054,3.2601378
1500080671333,-8.497422,3.4612036,3.2409887
1500080671397,-8.478273,3.4612036,3.2697124
1500080671461,-8.506997,3.4037561,3.2505634
1500080671525,-8.44955,3.4420545,3.2984362
1500080671589,-8.535721,3.3750327,3.2601378
1500080671653,-8.430401,3.4324799,3.2697124
1500080671716,-8.487848,3.4037561,3.2888615
1500080671780,-8.506997,3.4133308,3.2984362
1500080671844,-8.497422,3.4229054,3.2601378
1500080671908,-8.487848,3.4229054,3.2601378
1500080671972,-8.506997,3.4229054,3.2697124
1500080672036,-8.497422,3.4037561,3.2697124
1500080672100,-8.526146,3.4899273,3.2792869
1500080672164,-8.506997,3.4037561,3.212265
1500080672227,-8.506997,3.4803526,3.2505634
1500080672291,-8.506997,3.4324799,3.2409887
1500080672355,-8.487848,3.518651,3.2505634
1500080672419,-8.516571,3.4420545,3.2409887
1500080672483,-8.497422,3.4420545,3.1835413
1500080672547,-8.497422,3.5760984,3.3271596
1500080672611,-8.487848,3.1835413,3.6143966
1500080672674,-8.545295,2.5420458,2.9537518
1500080672738,-8.305931,4.7058964,3.6431203
1500080672802,-8.334655,3.8729098,2.7814097
1500080672866,-8.286782,3.9016335,2.9441774
1500080672930,-8.21976,4.437809,3.1548176
1500080672994,-8.315506,4.5239797,2.7718353
1500080673058,-8.392102,4.543129,2.5516202
1500080673122,-8.277207,4.543129,2.7622607
1500080673185,-8.296356,4.198445,2.8484318
1500080673249,-8.420826,4.0069537,2.9537518
1500080673313,-8.487848,3.5282254,3.1165195
1500080673377,-8.803808,3.2505634,2.9346027
1500080673441,-8.679339,2.88673,2.9154537
1500080673505,-8.621892,3.020774,2.905879
1500080673569,-8.688913,3.2026904,2.8484318
1500080673632,-8.736787,3.518651,2.8484318
1500080673696,-8.621892,3.5473747,2.88673
1500080673760,-8.583593,3.7101421,2.9537518
1500080673824,-8.583593,3.5569491,2.9920502
1500080673888,-8.593168,3.3558834,3.0494976
1500080673952,-8.621892,3.231414,2.9920502
1500080674016,-8.583593,3.4612036,2.9633265
1500080674080,-8.631466,3.2505634,2.972901
1500080674143,-8.679339,3.3271596,3.0303483
1500080674207,-8.535721,3.3080106,3.0016246
1500080674271,-8.593168,3.518651,2.9154537
1500080674335,-8.641041,3.5282254,2.972901
1500080674399,-8.708063,3.3558834,2.9824755
1500080674463,-8.621892,3.231414,3.020774
1500080674526,-8.612317,3.346309,2.9920502
1500080674591,-8.641041,3.451629,2.9441774
1500080674654,-8.612317,3.518651,3.020774
1500080674718,-8.66019,3.384607,2.9441774
1500080674782,-8.593168,3.3367343,3.0111992
1500080674846,-8.641041,3.365458,2.9824755
1500080674910,-8.6697645,3.3941817,2.9633265
1500080674974,-8.631466,3.3750327,2.9537518
1500080675037,-8.583593,3.4420545,2.9920502
1500080675101,-8.641041,3.518651,2.905879
1500080675165,-8.631466,3.4612036,2.905879
1500080675230,-8.621892,3.5282254,2.9633265
1500080675294,-8.641041,3.3080106,2.9441774
1500080675366,-8.516571,3.4229054,3.059072
1500080675421,-8.621892,3.4707782,3.0111992
1500080675485,-8.621892,3.499502,2.9537518
1500080675549,-8.5740185,3.5090764,2.9250283
1500080675612,-8.564445,3.499502,2.9633265
1500080675676,-8.612317,3.499502,2.9441774
1500080675740,-8.650616,3.4803526,2.8963046
1500080675804,-8.621892,3.4707782,2.9250283
1500080675868,-8.564445,3.604822,2.9633265
1500080675931,-8.583593,3.5760984,2.9824755
1500080675995,-8.593168,3.499502,2.9154537
1500080676059,-8.612317,3.5282254,2.9441774
1500080676123,-8.564445,3.4612036,3.020774
1500080676187,-8.621892,3.5378,2.905879
1500080676251,-8.583593,3.5760984,2.9250283
1500080676315,-8.55487,3.4803526,2.9920502
1500080676379,-8.535721,3.518651,2.9824755
1500080676443,-8.621892,3.6239712,2.9250283
1500080676506,-8.593168,3.6335456,2.8580062
1500080676570,-8.564445,3.5665238,2.9537518
1500080676634,-8.602742,3.5473747,2.972901
1500080676698,-8.564445,3.518651,2.8963046
1500080676762,-8.641041,3.5569491,2.8101335
1500080676826,-8.621892,3.518651,2.8771553
1500080676889,-8.516571,3.6143966,2.972901
1500080676953,-8.4686985,3.9782298,2.8963046
1500080677017,-8.4686985,4.016528,2.800559
1500080677081,-8.535721,3.9016335,2.8292825
1500080677145,-8.612317,3.5569491,2.8484318
1500080677209,-8.621892,3.346309,2.9250283
1500080677273,-8.487848,3.4612036,2.9537518
1500080677337,-8.459125,3.758015,2.819708
1500080677401,-8.526146,3.9399316,2.88673
1500080677464,-8.5740185,3.8633351,2.819708
1500080677528,-8.679339,3.6335456,2.8292825
1500080677592,-8.564445,3.346309,2.88673
1500080677656,-8.583593,3.4803526,2.8963046
1500080677720,-8.526146,3.6526947,2.9346027
1500080677784,-8.506997,3.7484405,2.972901
1500080677847,-8.535721,3.7484405,2.9154537
1500080677911,-8.564445,3.7675896,2.7909844
1500080677975,-8.487848,3.7867386,2.800559
1500080678039,-8.478273,3.7675896,2.88673
1500080678103,-8.55487,3.8729098,2.88673
1500080678167,-8.593168,3.6335456,2.8388572
1500080678231,-8.516571,3.4707782,2.9250283
1500080678295,-8.487848,3.8729098,2.8580062
1500080678359,-8.55487,4.131423,2.7622607
1500080678423,-8.564445,3.911208,2.800559
1500080678487,-8.564445,3.6335456,2.8101335
1500080678550,-8.593168,3.5856729,2.8580062
1500080678614,-8.526146,3.4803526,2.9441774
1500080678678,-8.516571,3.604822,2.9633265
1500080678742,-8.516571,3.8154624,2.8771553
1500080678805,-8.392102,3.844186,2.9441774
1500080678869,-8.545295,3.7197168,2.905879
1500080678933,-8.583593,3.7005677,2.8771553
1500080678997,-8.593168,3.7867386,2.733537
1500080679061,-8.497422,4.045252,2.7814097
1500080679125,-8.487848,3.9590807,2.8101335
1500080679189,-8.564445,3.7867386,2.8580062
1500080679253,-8.55487,3.7101421,2.8484318
1500080679317,-8.545295,3.6526947,2.8292825
1500080679381,-8.612317,3.6526947,2.8292825
1500080679444,-8.564445,3.604822,2.972901
1500080679508,-8.526146,3.3941817,2.9537518
1500080679572,-8.516571,3.5282254,2.9346027
1500080679636,-8.5740185,3.7867386,2.7909844
1500080679700,-8.392102,4.0261025,2.819708
1500080679764,-8.44955,4.1026993,2.800559
1500080679827,-8.44955,4.0261025,2.7814097
1500080679891,-8.411251,4.045252,2.8388572
1500080679955,-8.392102,4.0739756,2.819708
1500080680019,-8.382527,4.0548263,2.8292825
1500080680083,-8.44955,3.9016335,2.867581
1500080680147,-8.478273,3.825037,2.8292825
1500080680211,-8.411251,3.9399316,2.867581
1500080680275,-8.411251,3.9590807,2.8771553
1500080680339,-8.4686985,3.9590807,2.8484318
1500080680403,-8.420826,3.9590807,2.8580062
1500080680466,-8.392102,3.9207826,2.8292825
1500080680530,-8.392102,4.0548263,2.8580062
1500080680594,-8.420826,4.1409974,2.7814097
1500080680658,-8.459125,4.1026993,2.752686
1500080680722,-8.392102,4.0931244,2.8101335
1500080680786,-8.411251,4.0931244,2.7622607
1500080680849,-8.439975,4.131423,2.733537
1500080680913,-8.382527,4.0548263,2.7909844
1500080680977,-8.363379,4.1026993,2.8292825
1500080681041,-8.401677,4.169721,2.8101335
1500080681105,-8.372953,4.0739756,2.8292825
1500080681169,-8.411251,4.0739756,2.7431116
1500080681233,-8.401677,4.150572,2.733537
1500080681297,-8.363379,4.121848,2.8101335
1500080681361,-8.363379,4.08355,2.8580062
1500080681424,-8.382527,4.0644007,2.8388572
1500080681488,-8.401677,4.121848,2.7431116
1500080681553,-8.353804,4.3324885,2.7239625
1500080681616,-8.420826,4.2080193,2.7718353
1500080681681,-8.420826,3.930357,2.867581
1500080681744,-8.382527,4.0261025,2.8388572
1500080681808,-8.439975,4.045252,2.752686
1500080681871,-8.334655,4.121848,2.8771553
1500080681935,-8.439975,4.1122737,2.7718353
1500080681999,-8.4686985,4.08355,2.752686
1500080682063,-8.430401,3.9686553,2.8101335
1500080682127,-8.372953,3.9878044,2.8580062
1500080682191,-8.392102,4.0261025,2.819708
1500080682255,-8.545295,3.9878044,2.8101335
1500080682319,-8.44955,3.911208,2.8388572
1500080682383,-8.411251,3.8920588,2.819708
1500080682446,-8.382527,3.9590807,2.8963046
1500080682510,-8.420826,4.0356774,2.867581
1500080682574,-8.420826,3.9782298,2.819708
1500080682638,-8.411251,3.9590807,2.8101335
1500080682702,-8.392102,3.9686553,2.8580062
1500080682766,-8.411251,4.0548263,2.905879
1500080682830,-8.420826,3.9399316,2.8580062
1500080682893,-8.392102,3.9207826,2.8388572
1500080682957,-8.497422,3.9590807,2.800559
1500080683021,-8.420826,4.0356774,2.8292825
1500080683085,-8.392102,4.0739756,2.867581
1500080683149,-8.478273,3.9495063,2.7622607
1500080683213,-8.382527,4.0548263,2.7718353
1500080683277,-8.372953,4.1888704,2.8292825
1500080683341,-8.401677,4.1792955,2.7718353
1500080683405,-8.382527,4.0931244,2.7431116
1500080683469,-8.392102,4.121848,2.7622607
1500080683532,-8.363379,4.150572,2.7622607
1500080683596,-8.411251,4.169721,2.733537
1500080683660,-8.401677,4.1792955,2.752686
1500080683724,-8.353804,4.2271686,2.752686
1500080683788,-8.382527,4.150572,2.7239625
1500080683852,-8.363379,4.2463174,2.7814097
1500080683915,-8.382527,4.0548263,2.666515
1500080683979,-8.392102,4.0739756,2.1782124
1500080684043,-8.459125,4.342063,1.7856555
1500080684107,-8.095291,4.782493,2.3314054
1500080684171,-7.9708214,5.941015,2.9154537
1500080684235,-7.961247,5.17505,3.3080106
1500080684299,-8.104865,4.476107,2.714388
1500080684363,-8.334655,3.758015,3.346309
1500080684427,-8.200611,3.911208,3.844186
1500080684490,-8.870831,2.187787,2.2931073
1500080684554,-8.305931,4.0931244,2.7718353
1500080684618,-8.248484,4.782493,3.7101421
1500080684682,-8.602742,3.231414,2.2356598
1500080684746,-8.21976,3.7963133,3.671844
1500080684810,-8.353804,2.7718353,3.3367343
1500080684873,-7.8655014,3.518651,3.4037561
1500080684937,-7.0708127,7.02294,4.1888704
1500080685001,-7.7314577,6.936769,3.758015
1500080685065,-8.353804,3.690993,2.2260852
1500080685129,-8.717637,2.3984275,0.9718179
1500080685193,-8.171887,4.3612123,2.6186423
1500080685257,-8.746361,4.8782387,2.0441687
1500080685321,-8.32508,4.456958,2.4463003
1500080685385,-8.095291,4.3803616,2.6186423
1500080685449,-8.095291,4.801642,2.0250196
1500080685512,-7.8272033,6.256975,3.1356685
1500080685576,-7.8176284,5.7208,3.2984362
1500080685640,-8.21976,4.2463174,2.2452345
1500080685704,-8.497422,3.451629,2.2452345
1500080685768,-8.353804,4.121848,3.1165195
1500080685832,-8.363379,4.456958,2.1973617
1500080685895,-8.152739,4.763344,2.4845984
1500080685959,-8.00912,4.73462,2.8580062
1500080686023,-8.066567,4.658024,3.0494976
1500080686087,-8.133589,4.619725,2.733537
1500080686151,-8.047418,4.6005764,2.9824755
1500080686215,-8.11444,4.6675982,2.752686
1500080686279,-7.9803963,4.8590894,2.8580062
1500080686343,-7.8367777,4.926111,2.8292825
1500080686407,-8.00912,4.782493,2.714388
1500080686470,-7.9899707,5.0122824,2.7622607
1500080686534,-7.9516726,4.782493,2.867581
1500080686599,-7.9133744,4.8782387,3.0494976
1500080686662,-7.922949,5.0505805,2.7048132
1500080686727,-7.8272033,4.96441,2.8580062
1500080686791,-7.9325233,5.06973,2.7622607
1500080686854,-8.00912,4.6867476,2.9250283
1500080686917,-8.00912,4.7058964,2.8963046
1500080686981,-7.846352,4.9835587,3.1452432
1500080687045,-7.875076,4.8973875,2.7909844
1500080687109,-7.961247,4.954835,2.7718353
1500080687173,-7.9325233,4.96441,2.8580062
1500080687237,-7.855927,4.954835,2.8101335
1500080687301,-7.8655014,4.993133,2.7814097
1500080687365,-7.8846507,4.993133,2.8292825
1500080687429,-7.922949,4.9069624,2.8580062
1500080687493,-7.922949,4.954835,2.7622607
1500080687556,-7.788905,4.926111,2.9633265
1500080687620,-7.8272033,5.0122824,2.8771553
1500080687684,-7.8655014,5.002708,2.800559
1500080687748,-7.846352,4.935686,2.9633265
1500080687812,-7.8655014,4.9739842,2.819708
1500080687876,-7.8846507,5.0505805,2.8580062
1500080687939,-7.8367777,4.926111,2.9633265
1500080688003,-7.9325233,4.887813,2.819708
1500080688067,-8.037844,4.887813,2.8484318
1500080688131,-7.9420977,4.7920675,2.819708
1500080688195,-7.894225,4.993133,2.8580062
1500080688259,-8.056993,4.6867476,3.0303483
1500080688323,-8.104865,4.150572,2.647366
1500080688387,-7.922949,5.1654754,2.6760898
1500080688451,-8.037844,5.0984535,2.3984275
1500080688515,-7.8655014,5.366541,2.6952388
1500080688578,-7.922949,5.155901,2.5994933
1500080688642,-8.056993,4.926111,2.6856642
1500080688706,-8.066567,4.715471,2.4175766
1500080688770,-7.9325233,5.079304,2.5707695
1500080688834,-7.9133744,5.0601554,2.666515
1500080688898,-7.9803963,4.8973875,2.6760898
1500080688961,-7.9803963,4.954835,2.561195
1500080689025,-7.961247,5.0601554,2.580344
1500080689089,-7.9325233,5.079304,2.733537
1500080689153,-7.9133744,5.088879,2.8580062
1500080689217,-7.9420977,4.7537694,2.867581
1500080689281,-8.21976,4.2654667,2.6377914
1500080689345,-8.2676325,4.342063,2.3697038
1500080689409,-8.124015,4.7058964,2.5899186
1500080689473,-8.066567,4.993133,2.475024
1500080689536,-7.961247,5.309094,2.7718353
1500080689600,-8.104865,4.772918,2.7814097
1500080689664,-8.124015,4.6005764,3.0016246
1500080689728,-8.066567,4.7920675,2.8388572
1500080689792,-8.152739,4.648449,2.580344
1500080689856,-8.124015,4.868664,3.4229054
1500080689920,-8.315506,3.671844,2.5707695
1500080689983,-8.229335,3.825037,3.1069448
1500080690047,-8.277207,4.0261025,3.4133308
1500080690111,-8.229335,4.016528,3.3175852
1500080690175,-8.23891,3.8729098,3.1548176
1500080690239,-8.248484,3.9782298,3.3080106
1500080690303,-8.229335,4.016528,3.451629
1500080690367,-8.258059,3.7963133,3.3271596
1500080690431,-8.277207,3.7484405,3.3750327
1500080690495,-8.210186,3.9399316,3.3080106
1500080690558,-8.229335,3.9399316,3.3750327
1500080690622,-8.171887,4.0739756,3.3941817
1500080690686,-8.305931,3.8154624,3.3558834
1500080690750,-8.2676325,3.9782298,3.3558834
1500080690814,-8.2676325,3.7963133,3.384607
1500080690878,-8.248484,3.9590807,3.1165195
1500080690941,-8.34423,3.9590807,3.3367343
1500080691005,-8.305931,4.016528,3.0973704
1500080691069,-8.248484,4.08355,3.2984362
1500080691133,-8.248484,3.9016335,3.346309
1500080691197,-8.286782,3.8633351,3.3941817
1500080691261,-8.277207,3.9399316,3.212265
1500080691325,-8.21976,4.0261025,3.365458
1500080691389,-8.248484,4.0739756,3.2026904
1500080691453,-8.2676325,4.0356774,3.212265
1500080691517,-8.23891,3.8729098,3.2409887
1500080691581,-8.171887,3.9016335,3.5282254
1500080691644,-8.11444,3.9686553,3.5760984
1500080691708,-7.9325233,3.844186,4.131423
1500080691773,-7.9133744,4.150572,3.9686553
1500080691837,-8.095291,3.930357,3.911208
1500080691901,-8.143164,4.1792955,3.2601378
1500080691963,-8.296356,4.342063,3.126094
1500080692027,-8.497422,3.1452432,3.059072
1500080692091,-8.478273,3.2026904,3.5569491
1500080692155,-8.34423,3.451629,3.5090764
1500080692219,-8.353804,3.4707782,3.4037561
1500080692283,-8.171887,3.7388659,3.3080106
1500080692347,-8.32508,4.2175937,2.9346027
1500080692411,-8.430401,3.7963133,3.3558834
1500080692475,-8.411251,3.6335456,3.212265
1500080692539,-8.315506,3.8920588,3.4133308
1500080692602,-8.143164,3.8729098,3.5760984
1500080692666,-8.191036,3.7005677,3.4229054
1500080692730,-8.21976,4.0548263,2.867581
1500080692794,-8.382527,4.045252,2.3984275
1500080692858,-7.875076,4.9835587,3.5665238
1500080692922,-7.769756,5.28037,3.231414
1500080692985,-7.846352,5.0601554,2.5707695
1500080693049,-7.9037995,5.299519,2.666515
1500080693113,-7.6740103,5.261221,2.714388
1500080693177,-7.5303917,5.6633525,3.1069448
1500080693241,-7.7793303,5.3186684,2.4845984
1500080693305,-7.6261373,5.3186684,3.1356685
1500080693369,-7.7123084,5.146326,2.666515
1500080693433,-7.7314577,5.146326,2.800559
1500080693497,-7.7984796,5.155901,2.88673
1500080693560,-7.808054,4.96441,2.905879
1500080693624,-7.7601814,5.0122824,2.9441774
1500080693688,-7.7123084,5.0984535,2.9154537
1500080693752,-7.741032,5.194199,2.9441774
1500080693816,-7.7793303,4.96441,2.9154537
1500080693880,-7.7506065,5.17505,2.972901
1500080693944,-7.769756,5.06973,2.9633265
1500080694007,-7.7793303,5.002708,2.9346027
1500080694071,-7.7506065,5.088879,3.1356685
1500080694135,-7.8272033,5.0314317,2.8963046
1500080694199,-7.769756,5.2037735,2.7431116
1500080694263,-7.7506065,5.222923,2.905879
1500080694327,-7.741032,5.079304,2.9441774
1500080694391,-7.8367777,4.9835587,2.972901
1500080694455,-7.664436,5.0122824,3.3080106
1500080694519,-7.7793303,5.146326,2.9346027
1500080694582,-7.8176284,4.926111,2.9154537
1500080694646,-7.769756,5.1367517,2.8484318
1500080694710,-7.693159,5.2516465,2.9250283
1500080694774,-7.788905,4.926111,3.020774
1500080694838,-7.846352,5.021857,2.9824755
1500080694902,-7.7793303,5.1176023,2.9441774
1500080694965,-7.8176284,5.0601554,2.8484318
1500080695029,-7.7506065,5.1367517,2.9250283
1500080695093,-7.7506065,5.06973,2.9920502
1500080695157,-7.7984796,5.0122824,2.9441774
1500080695221,-7.7984796,5.0314317,3.020774
1500080695285,-7.7314577,5.021857,3.2026904
1500080695349,-7.8272033,4.954835,2.88673
1500080695413,-7.7793303,5.0984535,2.9633265
1500080695477,-7.788905,4.935686,3.0303483
1500080695540,-7.808054,5.1846247,2.819708
1500080695604,-7.7506065,4.9452605,3.0686467
1500080695668,-7.769756,5.0122824,3.0303483
1500080695732,-7.808054,5.021857,2.9346027
1500080695796,-7.846352,5.2037735,2.8484318
1500080695860,-7.721883,4.96441,3.1356685
1500080695924,-7.8367777,4.926111,3.0686467
1500080695987,-7.8367777,4.8590894,3.020774
1500080696051,-7.7601814,5.06973,3.2505634
1500080696115,-7.7793303,4.954835,3.078221
1500080696179,-7.7793303,4.96441,3.0016246
1500080696243,-7.808054,5.002708,3.020774
1500080696307,-7.808054,4.96441,3.0686467
1500080696371,-7.788905,4.954835,3.078221
1500080696435,-7.788905,4.96441,3.039923
1500080696499,-7.846352,4.96441,2.9824755
1500080696562,-7.741032,5.002708,3.0494976
1500080696626,-7.808054,4.96441,3.059072
1500080696690,-7.769756,4.954835,3.0686467
1500080696754,-7.769756,4.9739842,3.078221
1500080696818,-7.769756,4.9739842,3.0303483
1500080696882,-7.7984796,4.96441,3.059072
1500080696946,-7.7793303,4.954835,3.0686467
1500080697010,-7.808054,4.993133,3.078221
1500080697082,-7.8176284,4.9069624,3.0111992
1500080697137,-7.808054,4.9835587,3.0494976
1500080697201,-7.8367777,4.9739842,3.0111992
1500080697265,-7.8176284,4.9739842,3.0016246
1500080697329,-7.7601814,4.9835587,3.059072
1500080697393,-7.808054,4.993133,2.9920502
1500080697456,-7.8272033,5.0314317,2.972901
1500080697521,-7.769756,4.993133,2.9920502
1500080697584,-7.7601814,5.0601554,3.0494976
1500080697648,-7.8176284,5.108028,2.9824755
1500080697712,-7.9803963,4.868664,2.7909844
1500080697776,-7.9516726,4.763344,2.8388572
1500080697840,-7.9803963,4.6771727,2.867581
1500080697904,-7.961247,4.868664,2.9346027
1500080697967,-7.9516726,4.8782387,2.8771553
1500080698031,-7.9037995,4.849515,2.867581
1500080698095,-7.875076,4.8973875,2.9154537
1500080698159,-7.922949,4.926111,2.9537518
1500080698223,-7.9133744,4.954835,2.9441774
1500080698287,-7.8367777,4.993133,3.059072
1500080698351,-7.8846507,5.0505805,3.1548176
1500080698415,-7.9516726,5.759098,3.173967
1500080698479,-8.11444,5.567607,2.0920415
1500080698542,-8.037844,5.49101,1.7186337
1500080698606,-7.195282,3.9399316,0.8856468
1500080698670,-7.003791,-0.8952214,2.408002
1500080698734,-6.7357035,-0.92394507,6.4293175
1500080698798,-7.8655014,-1.2207564,8.056993
1500080698862,-10.259142,-4.2558923,6.180379
1500080698925,-8.516571,-2.972901,5.8644185
1500080698989,-7.3867736,-1.8909757,4.993133
1500080699053,-7.4729443,-1.7282082,4.7537694
1500080699117,-6.9654927,-0.54096264,6.4005938
1500080699181,-7.4729443,-1.776081,7.1665583
1500080699245,-7.176133,-2.1303396,6.2665496
1500080699309,-7.788905,-1.6420372,5.519734
1500080699373,-7.35805,-2.4463003,4.8303657
1500080699436,-7.808054,-3.1548176,4.696322
1500080699500,-7.8176284,-2.4463003,5.9314404
1500080699564,-7.8655014,-1.7377827,5.28037
1500080699628,-7.12826,-1.1920328,7.243155
1500080699692,-6.1995277,-5.079304,3.1835413
1500080699756,-6.6591067,-5.079304,2.6856642
1500080699820,-6.4197426,-4.3707867,2.475024
1500080699883,-6.1995277,-6.017611,1.1250108
1500080699947,-4.887813,-6.3144226,0.36862057
1500080700011,-3.2601378,-7.396348,-1.5175679
1500080700075,-1.948423,-9.502751,-6.975067
1500080700139,-1.6324625,-9.837861,-10.268716
1500080700203,-1.3643749,-7.9803963,-11.637878
1500080700267,-1.2782038,-5.8644185,-7.549541
1500080700331,-1.79523,-5.7016506,-6.132506
1500080700395,-2.2165108,-6.1612296,-6.6878304
1500080700458,-1.8718265,-6.7740016,-6.515488
1500080700522,-1.1058618,-7.894225,-5.9697385
1500080700586,-0.90479594,-8.181462,-5.835695
1500080700650,-1.5271424,-7.7123084,-5.8931417
1500080700714,-1.929274,-7.511243,-6.592085
1500080700778,-2.149489,-6.6878304,-6.4676156
1500080700841,-2.2069361,-6.2282515,-7.051664
1500080700905,-2.2643836,-6.438892,-7.3771987
1500080700969,-1.9867213,-6.611234,-7.1474094
1500080701033,-1.5845897,-6.7069798,-6.975067
1500080701097,-1.4888442,-6.5537868,-6.984642
1500080701161,-1.6420372,-6.5537868,-7.1091113
1500080701225,-1.8814012,-6.5825105,-7.501668
1500080701289,-2.0920415,-6.47719,-7.511243
1500080701353,-2.2356598,-6.2952733,-7.3676243
1500080701416,-2.34098,-6.304848,-7.3197513
1500080701480,-2.5324712,-6.1995277,-7.3006024
1500080701544,-1.9196993,-5.7782474,-7.3389006
1500080701608,-1.1728836,-5.6633525,-7.6261373
1500080701672,-1.2686293,-6.3814445,-7.281453
1500080701736,-2.0633178,-6.9463434,-7.7123084
1500080701799,-2.714388,-6.438892,-7.6261373
1500080701863,-2.9441774,-5.7303743,-7.3867736
1500080701927,-2.254809,-5.462287,-7.2335806
1500080701992,-1.469695,-5.835695,-7.616563
1500080702055,-1.4218222,-6.2952733,-7.396348
1500080702120,-2.0250196,-6.4293175,-7.7793303
1500080702183,-2.580344,-6.323997,-7.7123084
1500080702247,-2.513322,-5.979313,-7.0325146
1500080702311,-2.0728924,-5.988888,-7.176133
1500080702374,-1.8048047,-6.323997,-7.5208173
1500080702438,-1.5941644,-6.544212,-7.3389006
1500080702502,-1.6994845,-6.458041,-7.2335806
1500080702566,-2.187787,-6.563361,-7.1186857
1500080702630,-2.494173,-6.132506,-7.3197513
1500080702694,-2.3314054,-5.567607,-7.4442205
1500080702757,-2.0920415,-5.797396,-7.846352
1500080702821,-2.0250196,-6.1612296,-7.5303917
1500080702885,-2.1399143,-6.2952733,-7.501668
1500080702949,-2.0728924,-6.1612296,-7.2144313
1500080703013,-1.8239537,-6.218677,-7.156984
1500080703077,-1.776081,-6.4963393,-7.693159
1500080703141,-2.2643836,-6.304848,-7.511243
1500080703205,-2.5516202,-6.0463347,-7.5303917
1500080703269,-2.4367256,-5.8644185,-7.35805
1500080703332,-1.776081,-5.8644185,-7.4920936
1500080703396,-1.5654407,-6.151655,-7.4442205
1500080703460,-2.0250196,-6.4197426,-7.3389006
1500080703524,-2.360129,-6.333572,-7.511243
1500080703588,-2.187787,-6.0750585,-7.3197513
1500080703652,-1.948423,-6.0846334,-7.2910275
1500080703716,-1.8909757,-6.2761245,-7.5303917
1500080703779,-1.9388485,-6.333572,-7.434646
1500080703843,-2.101616,-6.180379,-7.3006024
1500080703907,-2.1973617,-6.0846334,-7.348475
1500080703971,-2.101616,-6.1420803,-7.5591154
1500080704035,-2.0250196,-6.2282515,-7.46337
1500080704099,-2.0250196,-6.2282515,-7.3389006
1500080704163,-2.0824668,-6.1995277,-7.3676243
1500080704227,-2.149489,-6.151655,-7.434646
1500080704291,-2.1399143,-6.1229315,-7.4729443
1500080704354,-2.0920415,-6.1899533,-7.4154973
1500080704418,-2.0824668,-6.2091026,-7.348475
1500080704482,-2.0728924,-6.2474008,-7.3006024
1500080704546,-2.1111906,-6.170804,-7.396348
1500080704610,-2.0250196,-6.0559096,-7.3006024
1500080704674,-1.948423,-6.2091026,-7.482519
1500080704738,-2.0537431,-6.410168,-7.5782647
1500080704801,-2.3984275,-6.256975,-7.396348
1500080704865,-2.494173,-6.0367603,-7.434646
1500080704929,-2.034594,-5.8835673,-7.396348
1500080704993,-1.6037389,-6.1420803,-7.4154973
1500080705057,-1.948423,-6.4197426,-7.348475
1500080705121,-2.3697038,-6.3144226,-7.3771987
1500080705186,-2.3792782,-6.017611,-7.3771987
1500080705249,-2.0728924,-6.0367603,-7.3197513
1500080705312,-1.9388485,-6.2665496,-7.616563
1500080705376,-1.9867213,-6.2952733,-7.4537954
1500080705440,-2.1207652,-6.1420803,-7.2718787
1500080705504,-2.168638,-6.1229315,-7.3676243
1500080705568,-2.0633178,-6.2091026,-7.46337
1500080705632,-1.9771467,-6.2282515,-7.46337
1500080705696,-2.034594,-6.218677,-7.3389006
1500080705759,-2.0633178,-6.1995277,-7.329326
1500080705823,-2.0633178,-6.1899533,-7.4250717
1500080705887,-1.9962958,-6.218677,-7.434646
1500080705951,-1.9867213,-6.218677,-7.3771987
1500080706015,-2.015445,-6.1995277,-7.4059224
1500080706079,-2.0537431,-6.1899533,-7.4059224
1500080706143,-2.0537431,-6.218677,-7.4154973
1500080706207,-2.0537431,-6.1995277,-7.396348
1500080706270,-2.0537431,-6.1899533,-7.396348
1500080706334,-2.0728924,-6.2091026,-7.4059224
1500080706398,-2.0441687,-6.2091026,-7.434646
1500080706462,-2.0920415,-6.170804,-7.4154973
1500080706526,-2.1207652,-6.1420803,-7.35805
1500080706590,-2.0441687,-6.1229315,-7.3389006
1500080706654,-2.0250196,-6.180379,-7.46337
1500080706718,-2.1207652,-6.285699,-7.549541
1500080706781,-2.2260852,-6.1995277,-7.396348
1500080706845,-2.168638,-6.0463347,-7.396348
1500080706909,-1.9962958,-6.0846334,-7.3771987
1500080706973,-1.9675722,-6.256975,-7.4442205
