1500079100979,-9.483603,-1.0196906,1.3260766
1500079101043,-9.474028,-1.0388398,1.3548003
1500079101107,-9.445304,-1.0867126,1.3548003
1500079101171,-9.5219,-1.0292653,1.2303311
1500079101235,-9.464453,-1.1154363,1.383524
1500079101298,-9.502751,-1.1728836,1.2877784
1500079101362,-9.512326,-1.0292653,1.1728836
1500079101425,-9.483603,-1.0771381,1.3643749
1500079101489,-9.512326,-1.0292653,1.2399056
1500079101553,-9.464453,-0.77075213,1.2399056
1500079101616,-9.474028,-0.90479594,1.4984187
1500079101680,-9.483603,-0.99096704,1.5462915
1500079101744,-9.397431,-1.2494801,1.622888
1500079101808,-9.493176,-1.1920328,1.383524
1500079101871,-9.454879,-0.90479594,1.4122477
1500079101935,-9.445304,-1.1250108,1.383524
1500079101999,-9.464453,-1.1633091,1.4313968
1500079102062,-9.454879,-0.9622433,1.4218222
1500079102126,-9.426155,-1.1633091,1.5079932
1500079102190,-9.474028,-1.1345854,1.4505459
1500079102253,-9.435729,-1.0675635,1.4792696
1500079102317,-9.464453,-1.2494801,1.4505459
1500079102381,-9.445304,-1.0675635,1.4984187
1500079102445,-9.426155,-1.1154363,1.4505459
1500079102508,-9.435729,-1.1154363,1.5462915
1500079102572,-9.426155,-1.1537346,1.6324625
1500079102636,-9.445304,-1.14416,1.5079932
1500079102699,-9.426155,-1.0579889,1.4313968
1500079102763,-9.493176,-1.0771381,1.2686293
1500079102827,-9.445304,-1.14416,1.3739494
1500079102891,-9.493176,-1.0962871,1.3069274
1500079102954,-9.445304,-1.0292653,1.4792696
1500079103018,-9.435729,-1.0292653,1.4313968
1500079103082,-9.474028,-1.1058618,1.4792696
1500079103145,-9.454879,-1.0579889,1.4122477
1500079103209,-9.464453,-1.1633091,1.3930986
1500079103273,-9.474028,-1.0005416,1.4218222
1500079103337,-9.397431,-1.0675635,1.6133134
1500079103400,-9.483603,-1.0675635,1.469695
1500079103464,-9.435729,-1.0292653,1.5750152
1500079103528,-9.445304,-1.1250108,1.5367169
1500079103591,-9.454879,-0.99096704,1.4792696
1500079103655,-9.435729,-0.90479594,1.4888442
1500079103719,-9.435729,-1.0101161,1.5462915
1500079103782,-9.454879,-1.0675635,1.5367169
1500079103846,-9.435729,-1.1824582,1.5271424
1500079103910,-9.445304,-1.1250108,1.5079932
1500079103974,-9.435729,-1.0962871,1.5175679
1500079104038,-9.435729,-1.1633091,1.5558661
1500079104101,-9.426155,-1.1537346,1.5654407
1500079104165,-9.41658,-1.0579889,1.5750152
1500079104229,-9.445304,-1.0867126,1.5079932
1500079104293,-9.435729,-1.2016073,1.6037389
1500079104356,-9.41658,-0.98139244,1.5462915
1500079104421,-9.435729,-1.0962871,1.5367169
1500079104484,-9.435729,-1.0388398,1.5750152
1500079104547,-9.445304,-1.0292653,1.4409714
1500079104611,-9.454879,-1.0771381,1.5175679
1500079104675,-9.445304,-1.0388398,1.469695
1500079104739,-9.483603,-1.0675635,1.4026731
1500079104802,-9.435729,-1.0579889,1.5079932
1500079104866,-9.445304,-0.8856468,1.5845897
1500079104929,-9.445304,-0.93351966,1.6037389
1500079104993,-9.454879,-0.99096704,1.5367169
1500079105057,-9.435729,-0.90479594,1.5750152
1500079105120,-9.435729,-0.83777404,1.5175679
1500079105184,-9.435729,-1.0771381,1.6707608
1500079105248,-9.483603,-1.0388398,1.4792696
1500079105312,-9.435729,-0.9430942,1.4984187
1500079105375,-9.397431,-1.0101161,1.622888
1500079105439,-9.41658,-1.2590547,1.8239537
1500079105503,-9.474028,-0.85692316,1.3452257
1500079105566,-9.445304,-0.9526688,1.5462915
1500079105630,-9.397431,-1.0771381,1.6707608
1500079105694,-9.41658,-1.0771381,1.6037389
1500079105757,-9.445304,-1.1537346,1.4505459
1500079105821,-9.464453,-1.0101161,1.2877784
1500079105885,-9.445304,-1.2782038,1.4984187
1500079105949,-9.445304,-1.1824582,1.4888442
1500079106012,-9.407005,-1.0771381,1.5941644
1500079106076,-9.3878565,-1.1728836,1.709059
1500079106141,-9.349558,-1.1250108,1.8431029
1500079106204,-9.349558,-1.1345854,1.862252
1500079106268,-9.339984,-1.1058618,1.8239537
1500079106332,-9.330409,-1.0771381,1.9675722
1500079106395,-9.368708,-0.9718179,1.8431029
1500079106458,-9.368708,-0.9430942,1.9196993
1500079106522,-9.339984,-0.9526688,2.0537431
1500079106586,-9.301685,-0.78990126,2.149489
1500079106649,-9.339984,-0.78032666,2.0824668
1500079106713,-9.349558,-0.85692316,1.9675722
1500079106777,-9.2825365,-0.8090504,2.168638
1500079106841,-9.368708,-0.78990126,2.0537431
1500079106904,-9.31126,-0.6558574,2.1590633
1500079106968,-9.225089,-0.78990126,2.3697038
1500079107032,-9.368708,-0.76117754,1.9005502
1500079107095,-9.301685,-0.8281995,2.149489
1500079107159,-9.244238,-1.0292653,2.4367256
1500079107223,-9.253813,-0.8664977,2.2452345
1500079107286,-9.2825365,-0.85692316,2.2739582
1500079107350,-9.2825365,-0.8664977,2.187787
1500079107414,-9.359133,-0.751603,1.9867213
1500079107478,-9.378282,-0.69415563,1.8814012
1500079107541,-9.464453,-0.7994758,1.948423
1500079107605,-9.378282,-0.78032666,1.9675722
1500079107669,-9.435729,-0.8856468,1.8335283
1500079107732,-9.493176,-0.4164934,1.5462915
1500079107796,-9.54105,-0.56011176,1.5558661
1500079107860,-9.445304,-0.8856468,1.79523
1500079107924,-9.320834,-1.2686293,1.8909757
1500079107987,-9.550624,-1.4888442,1.1154363
1500079108051,-9.876159,-1.0867126,1.2303311
1500079108115,-10.048501,-1.2207564,1.3356512
1500079108178,-9.483603,-1.4888442,0.71330476
1500079108242,-8.679339,-1.776081,1.2686293
1500079108306,-8.401677,-1.4888442,1.0675635
1500079108369,-8.957002,-1.6516117,0.6845811
1500079108433,-9.579348,-1.3452257,1.2399056
1500079108497,-9.464453,-1.3165021,1.0005416
1500079108561,-10.2016945,-1.0101161,1.2399056
1500079108624,-9.655944,-0.78032666,1.4218222
1500079108688,-9.54105,-1.2494801,1.2399056
1500079108752,-9.684668,-0.8952214,1.5367169
1500079108815,-9.531475,-1.2016073,1.3165021
1500079108879,-9.6942425,-1.3930986,1.2782038
1500079108943,-9.29211,-1.1537346,1.3930986
1500079109007,-8.602742,-1.2303311,0.9430942
1500079109070,-8.899554,-1.3930986,0.8473486
1500079109134,-10.603826,-1.1728836,1.3548003
1500079109198,-9.119769,-1.4792696,1.1633091
1500079109262,-9.636795,-0.83777404,1.2590547
1500079109325,-9.54105,-0.36862057,1.1154363
1500079109389,-9.493176,-0.56011176,0.9622433
1500079109452,-9.636795,-0.4164934,1.0579889
1500079109516,-9.560199,-0.359046,0.8186249
1500079109580,-9.483603,-0.30159867,0.91437054
1500079109644,-9.569773,-0.5313881,1.3548003
1500079109707,-9.722966,-0.3877697,0.90479594
1500079109771,-9.454879,-0.5792609,1.5750152
1500079109835,-9.598496,-0.3398969,1.0292653
1500079109898,-9.569773,-0.47394073,1.2016073
1500079109962,-9.3878565,-0.665432,1.5654407
1500079110026,-9.550624,-0.59841,1.4984187
1500079110090,-9.378282,-0.56011176,1.7473572
1500079110153,-9.445304,-0.7228793,1.6324625
1500079110217,-9.426155,-0.5792609,1.6420372
1500079110281,-9.378282,-0.70373017,1.8909757
1500079110344,-9.407005,-0.6079846,1.8909757
1500079110408,-9.339984,-0.69415563,1.9771467
1500079110472,-9.378282,-0.69415563,1.9962958
1500079110535,-9.339984,-0.64628285,2.0058703
1500079110599,-9.359133,-0.69415563,1.9962958
1500079110663,-9.378282,-0.6845811,1.948423
1500079110727,-9.359133,-0.56011176,2.2260852
1500079110790,-9.062322,-1.1728836,2.6282167
1500079110854,-9.29211,-1.14416,2.34098
1500079110918,-9.091045,-1.383524,2.4558747
1500079110981,-8.9761505,-2.1399143,2.5707695
1500079111045,-9.052747,-1.9962958,2.6856642
1500079111110,-9.177217,-1.5654407,2.34098
1500079111172,-9.091045,-1.2877784,2.580344
1500079111236,-9.138918,-1.3260766,2.494173
1500079111301,-9.244238,-0.8473486,2.2835326
1500079111364,-9.435729,-0.3877697,1.948423
1500079111427,-9.550624,-0.110107444,1.4792696
1500079111491,-9.502751,-0.30159867,1.5271424
1500079111555,-9.339984,-0.7420284,2.149489
1500079111618,-9.31126,-0.85692316,2.1111906
1500079111682,-9.263388,-1.0484143,2.1303396
1500079111746,-8.889979,-1.9962958,2.8580062
1500079111810,-9.100619,-1.6324625,2.5707695
1500079111873,-9.244238,-1.4313968,2.2165108
1500079111937,-9.225089,-1.2973529,2.2452345
1500079112001,-9.138918,-1.4026731,2.427151
1500079112064,-9.196365,-1.2016073,2.3314054
1500079112128,-9.253813,-0.9430942,2.0728924
1500079112192,-9.493176,-0.54096264,1.6037389
1500079112256,-9.675094,0.09095833,0.7994758
1500079112319,-9.483603,-0.4164934,1.4888442
1500079112383,-9.435729,-0.70373017,1.8048047
1500079112447,-9.359133,-0.7420284,1.862252
1500079112510,-9.368708,-0.751603,1.9771467
1500079112574,-9.272962,-1.0292653,2.1590633
1500079112638,-8.985725,-1.8143792,2.6569405
1500079112701,-9.2825365,-1.3069274,2.2260852
1500079112765,-9.215514,-1.2782038,2.3026817
1500079112829,-9.253813,-1.1250108,2.1399143
1500079112893,-9.349558,-1.0292653,2.1207652
1500079112956,-9.29211,-1.0388398,1.9962958
1500079113020,-9.359133,-0.9526688,1.8814012
1500079113084,-9.253813,-1.0867126,2.1590633
1500079113147,-9.493176,-0.50266445,1.5271424
1500079113211,-9.54105,-0.46436617,1.3548003
1500079113275,-9.435729,-0.6845811,1.6899099
1500079113339,-9.378282,-0.78032666,1.8909757
1500079113402,-9.3878565,-0.8281995,1.8335283
1500079113466,-9.41658,-0.6558574,2.0250196
1500079113530,-8.966576,-1.622888,2.666515
1500079113593,-9.2825365,-1.7856555,1.9675722
1500079113657,-9.253813,-1.2303311,2.101616
1500079113721,-9.20594,-1.7569319,2.0058703
1500079113785,-9.167642,-1.4984187,2.513322
1500079113848,-9.31126,-1.3069274,1.8048047
1500079113912,-9.20594,-0.9622433,2.2069361
1500079113976,-9.608071,-0.4835153,1.3643749
1500079114039,-9.5889225,0.062234644,1.1345854
1500079114103,-9.397431,-0.37819514,1.4409714
1500079114167,-9.493176,-0.61755913,1.929274
1500079114231,-9.349558,-0.61755913,1.8431029
1500079114295,-9.512326,-0.4835153,1.6037389
1500079114358,-9.359133,-1.0388398,1.9771467
1500079114422,-9.062322,-1.8143792,2.2165108
1500079114486,-9.148493,-2.0058703,2.254809
1500079114549,-9.091045,-1.929274,2.3122563
1500079114613,-9.167642,-2.034594,2.0728924
1500079114676,-9.167642,-1.2016073,2.3792782
1500079114741,-9.244238,-1.3930986,2.0728924
1500079114805,-9.397431,-0.7420284,1.8239537
1500079114868,-9.531475,-0.27287498,1.3356512
1500079114932,-9.483603,-0.36862057,1.4313968
1500079114995,-9.435729,-0.69415563,1.776081
1500079115059,-9.378282,-0.7994758,1.8335283
1500079115122,-9.359133,-0.64628285,1.948423
1500079115186,-9.445304,-0.8186249,1.7186337
1500079115250,-9.512326,-0.2441513,1.6516117
1500079115313,-9.272962,-0.8760723,2.0824668
1500079115377,-9.2825365,-1.3739494,2.0441687
1500079115441,-8.966576,-1.9005502,2.7909844
1500079115505,-9.0814705,-1.6516117,2.647366
1500079115568,-9.110194,-1.4601204,2.427151
1500079115632,-9.138918,-1.2686293,2.5037475
1500079115696,-9.110194,-1.5271424,2.4175766
1500079115759,-9.41658,-0.54096264,1.929274
1500079115823,-9.407005,-0.062234644,1.5750152
1500079115887,-9.655944,0.359046,1.1250108
1500079115950,-9.550624,-0.081383765,1.2973529
1500079116014,-9.378282,-0.63670826,1.8718265
1500079116078,-9.5219,-0.54096264,1.4313968
1500079116142,-9.550624,-0.4835153,1.9101248
1500079116205,-8.889979,-1.4792696,2.427151
1500079116270,-9.158067,-2.4175766,1.9867213
1500079116334,-9.20594,-1.6324625,2.2643836
1500079116396,-9.2825365,-1.5079932,1.8718265
1500079116461,-9.253813,-1.5941644,1.9867213
1500079116524,-9.196365,-1.2207564,2.513322
1500079116588,-9.234664,-0.9526688,2.2260852
1500079116651,-9.272962,-0.91437054,2.0537431
1500079116715,-9.512326,-0.28244954,1.5845897
1500079116779,-9.64637,0.30159867,0.98139244
1500079116842,-9.598496,0.062234644,1.0388398
1500079116906,-9.512326,-0.2441513,1.5654407
1500079116970,-9.464453,-0.359046,1.622888
1500079117034,-9.3878565,-0.665432,1.8048047
1500079117097,-9.320834,-1.0867126,2.1782124
1500079117161,-9.320834,-0.9526688,2.1399143
1500079117225,-9.071896,-1.5654407,2.3505547
1500079117288,-9.167642,-1.5367169,2.494173
1500079117352,-9.234664,-1.2303311,2.3026817
1500079117416,-9.225089,-1.2494801,2.1782124
1500079117479,-9.244238,-1.1824582,2.3314054
1500079117543,-9.244238,-1.469695,2.1399143
1500079117607,-9.272962,-1.5079932,2.408002
1500079117671,-9.349558,-1.7186337,1.5462915
1500079117734,-9.3878565,-0.93351966,1.5079932
1500079117798,-9.512326,-1.2399056,1.2973529
1500079117862,-9.502751,-1.3165021,1.0196906
1500079117925,-9.569773,-0.8664977,0.85692316
1500079117989,-9.636795,-0.8473486,0.42606795
1500079118053,-9.636795,-0.8952214,0.36862057
1500079118116,-9.761265,-0.9430942,0.062234644
1500079118180,-10.038927,-0.751603,-0.37819514
1500079118244,-9.98148,-0.44521707,-0.4356425
1500079118308,-9.560199,-0.8664977,-1.3069274
1500079118371,-9.435729,-0.78990126,-1.8143792
1500079118435,-9.426155,-0.42606795,-2.1111906
1500079118499,-9.569773,-0.36862057,-2.2931073
1500079118563,-9.98148,-0.59841,-2.580344
1500079118626,-10.038927,-0.61755913,-2.0920415
1500079118690,-10.220843,-0.26330042,0.13883112
1500079118754,-9.5219,-1.2590547,1.9867213
1500079118817,-7.9708214,-0.8473486,1.3069274
1500079118881,-8.104865,-2.015445,1.8239537
1500079118945,-8.9761505,-2.5516202,2.5516202
1500079119008,-9.502751,-3.2888615,2.580344
1500079119072,-9.952756,-3.7292912,3.0686467
1500079119136,-9.0814705,-3.9016335,3.384607
1500079119200,-7.654861,-3.8537605,3.7675896
1500079119263,-6.37187,-3.911208,4.4090853
1500079119327,-5.979313,-4.284616,4.993133
1500079119391,-5.6633525,-4.456958,5.5484576
1500079119455,-5.787822,-4.83994,5.8644185
1500079119518,-6.7069798,-5.2133484,6.285699
1500079119582,-5.9218655,-4.7441945,5.998462
1500079119646,-5.1271772,-5.500585,6.3814445
1500079119709,-6.1899533,-7.3867736,6.4484663
1500079119773,-5.998462,-7.9516726,6.7548523
1500079119837,-4.466532,-8.7750845,8.918703
1500079119900,-3.6143966,-9.7899885,12.375119
1500079119964,-2.1590633,-10.517654,12.442142
1500079120028,-1.2111819,-11.28362,11.49426
1500079120091,1.709059,-10.096374,8.4686985
1500079120155,3.9016335,-6.745278,6.544212
1500079120219,2.905879,-2.9154537,5.2707953
1500079120283,3.059072,-3.518651,3.5090764
1500079120346,3.0494976,-0.37819514,2.1782124
1500079120410,4.456958,2.3984275,2.7239625
1500079120474,4.715471,2.8963046,3.518651
1500079120537,5.299519,4.7441945,4.9452605
1500079120601,5.912291,3.9590807,5.2516465
1500079120665,6.639958,2.5899186,5.941015
1500079120729,7.693159,0.27287498,4.8973875
1500079120792,8.937852,-1.0484143,0.0718092
1500079120856,10.316589,-0.28244954,-1.4888442
1500079120920,9.96233,-1.6899099,2.3122563
1500079120983,9.445304,-4.0069537,1.4313968
1500079121047,9.828286,-1.3643749,2.2931073
1500079121111,8.727212,-1.8526775,1.1824582
1500079121176,9.234664,0.8186249,3.2505634
1500079121239,8.803808,0.7994758,4.1888704
1500079121303,9.5219,1.0675635,3.6335456
1500079121366,9.665519,1.0292653,2.6856642
1500079121438,9.684668,1.5845897,2.9633265
1500079121493,8.928278,-1.8814012,3.9782298
1500079121557,9.378282,-1.0962871,2.494173
1500079121620,9.407005,-3.0877957,1.0675635
1500079121684,9.770839,-1.2399056,-0.5505372
1500079121748,9.5219,-0.56968635,-0.062234644
1500079121812,9.148493,-0.47394073,0.50266445
1500079121875,8.985725,-0.09095833,0.37819514
1500079121939,8.4686985,-0.32074776,1.7186337
1500079122003,8.32508,0.15798025,2.9250283
1500079122066,7.664436,0.03351096,4.5622783
1500079122130,7.0325146,0.110107444,5.567607
1500079122194,6.333572,-0.512239,6.1420803
1500079122258,5.500585,-0.6079846,6.831449
1500079122322,4.619725,-1.1058618,7.511243
1500079122386,3.8729098,-1.4601204,8.00912
1500079122449,3.0111992,-1.5462915,8.229335
1500079122512,2.0633178,-1.6611862,8.765511
1500079122576,1.2399056,-1.7377827,9.091045
1500079122640,0.09095833,-1.5941644,9.31126
1500079122703,-0.93351966,-1.8814012,9.464453
1500079122767,-2.0537431,-2.1207652,9.474028
1500079122831,-2.9920502,-2.6760898,9.62722
1500079122895,-3.5856729,-2.972901,9.397431
1500079122958,-4.198445,-3.3271596,9.234664
1500079123022,-4.504831,-3.7292912,9.531475
1500079123086,-5.2516465,-2.8771553,9.31126
1500079123149,-5.38569,-3.2792869,9.31126
1500079123213,-5.481436,-3.3271596,8.813383
1500079123277,-5.653778,-3.2697124,7.9037995
1500079123340,-5.347392,-3.7675896,7.5208173
1500079123404,-5.4048395,-4.0069537,7.2144313
1500079123468,-5.17505,-3.9686553,6.9271946
1500079123532,-5.4048395,-4.4186597,6.4676156
1500079123595,-5.4431376,-4.6388745,6.2761245
1500079123659,-5.500585,-4.801642,6.1995277
1500079123722,-5.806971,-4.935686,5.950589
1500079123786,-5.7208,-5.108028,6.391019
1500079123850,-5.8165455,-5.6250544,5.7686725
1500079123914,-5.979313,-5.3378177,5.299519
1500079123977,-5.8165455,-5.9218655,4.8207912
1500079124041,-5.9314404,-5.0984535,5.500585
1500079124105,-6.2474008,-7.1665583,5.108028
1500079124168,-5.3186684,-6.333572,4.935686
1500079124232,-5.979313,-4.926111,4.935686
1500079124296,-5.7016506,-5.529309,5.4431376
1500079124360,-5.787822,-5.998462,5.5771813
1500079124423,-5.682502,-5.4431376,5.452712
1500079124487,-5.7208,-5.6154795,5.2133484
1500079124551,-5.7686725,-5.797396,5.299519
1500079124614,-5.692076,-5.950589,5.2899446
1500079124678,-5.845269,-5.586756,5.2516465
1500079124743,-5.692076,-5.6633525,5.4431376
1500079124806,-5.605905,-5.6154795,5.222923
1500079124869,-5.7208,-5.979313,4.9739842
1500079124933,-5.7303743,-5.797396,5.3186684
1500079124997,-5.7303743,-5.682502,5.194199
1500079125060,-5.82612,-5.8165455,5.2516465
1500079125124,-5.605905,-6.180379,4.9069624
1500079125188,-5.7208,-5.3186684,5.328243
1500079125251,-5.845269,-5.739949,5.232497
1500079125315,-5.7782474,-6.0367603,4.8782387
1500079125379,-5.7782474,-5.998462,5.0601554
1500079125442,-5.739949,-5.5963306,5.2516465
1500079125506,-5.653778,-6.1229315,5.06973
1500079125570,-5.7016506,-5.845269,4.887813
1500079125634,-5.806971,-5.8548436,4.9452605
1500079125697,-5.7208,-6.0559096,4.887813
1500079125761,-5.682502,-6.2091026,4.83994
1500079125825,-5.7495236,-6.1420803,4.6867476
1500079125888,-5.845269,-5.7208,4.466532
1500079125952,-5.7303743,-6.6591067,4.772918
1500079126016,-5.82612,-6.486765,4.342063
1500079126079,-5.8644185,-6.2378263,4.236743
1500079126143,-5.644203,-6.850598,4.169721
1500079126207,-5.7495236,-6.678256,4.0739756
1500079126271,-5.797396,-6.4676156,4.2463174
1500079126334,-5.7782474,-6.4676156,4.2271686
1500079126398,-5.7495236,-6.592085,4.1601467
1500079126462,-5.7495236,-6.5729356,4.236743
1500079126526,-5.672927,-6.5059137,4.3133397
1500079126590,-5.787822,-6.525063,4.169721
1500079126654,-5.7208,-6.5537868,4.2558923
1500079126725,-5.7686725,-6.5346375,4.2941904
1500079126780,-5.7112255,-6.438892,4.322914
1500079126844,-5.7208,-6.47719,4.275041
1500079126908,-5.787822,-6.515488,4.3133397
1500079126971,-6.0080366,-6.592085,4.2654667
1500079127035,-6.132506,-6.1229315,4.4856815
1500079127099,-5.806971,-6.2665496,4.4856815
1500079127163,-6.0463347,-6.592085,3.7963133
1500079127226,-6.0846334,-5.988888,3.8920588
1500079127291,-6.0080366,-5.8835673,4.782493
1500079127353,-6.2952733,-5.2707953,5.2133484
1500079127426,-6.5059137,-5.4431376,4.8303657
1500079127481,-6.2282515,-5.605905,4.9739842
1500079127545,-6.170804,-5.1271772,5.1654754
1500079127608,-6.065484,-4.7537694,5.3186684
1500079127672,-6.0846334,-5.4048395,5.06973
1500079127736,-6.0559096,-5.3952646,5.328243
1500079127799,-6.0367603,-5.309094,5.1654754
1500079127863,-6.37187,-5.28037,4.849515
1500079127927,-6.716554,-4.868664,4.5335546
1500079127991,-7.1474094,-4.8973875,3.7005677
1500079128054,-6.9176197,-5.3569665,3.1835413
1500079128118,-7.1474094,-5.605905,2.3984275
1500079128182,-7.46337,-5.6154795,1.7856555
1500079128245,-7.501668,-6.611234,-0.3398969
1500079128309,-7.1665583,-6.869747,-0.39734426
1500079128373,-6.764427,-8.076141,-0.78990126
1500079128437,-6.323997,-8.736787,-1.1633091
1500079128500,-6.170804,-8.698488,-0.5218136
1500079128564,-6.151655,-8.5740185,-0.40691882
1500079128628,-6.544212,-8.200611,0.05266008
1500079128691,-6.630383,-6.515488,0.9526688
1500079128755,-6.4293175,-5.222923,1.4888442
1500079128819,-6.850598,-5.481436,0.8090504
1500079128882,-7.3676243,-5.041006,0.751603
1500079128946,-7.8367777,-5.347392,0.8760723
1500079129010,-7.8655014,-6.611234,1.8814012
1500079129074,-7.0612383,-7.7314577,2.408002
1500079129137,-5.1846247,-10.709146,2.2739582
1500079129201,-2.9441774,-11.953838,2.3505547
1500079129265,-3.0973704,-12.011286,2.3505547
1500079129328,-3.3271596,-11.417664,2.7239625
1500079129392,-3.3175852,-10.804892,3.5665238
1500079129456,-3.7197168,-10.06765,3.518651
1500079129520,-4.8782387,-8.372953,3.2218397
1500079129583,-5.3186684,-7.7601814,2.800559
1500079129647,-4.9739842,-6.285699,3.212265
1500079129711,-4.284616,-3.9207826,3.9207826
1500079129774,-3.365458,-3.1643922,5.088879
1500079129838,-2.8101335,-2.8580062,6.0846334
1500079129902,-2.494173,-2.905879,7.042089
1500079129965,-2.7718353,-3.1548176,7.042089
1500079130029,-3.5569491,-3.8154624,6.9463434
1500079130093,-3.9782298,-4.581427,7.2910275
1500079130157,-4.3995104,-5.041006,7.4537954
1500079130220,-4.351638,-4.926111,7.7984796
1500079130284,-4.6005764,-4.763344,7.6740103
1500079130348,-5.0601554,-3.499502,7.511243
1500079130411,-6.7261286,-2.5324712,6.8793216
1500079130475,-8.210186,-0.99096704,5.950589
1500079130539,-9.54105,-0.20585304,4.610151
1500079130603,-10.019777,0.37819514,3.5378
1500079130666,-9.914457,-2.3314054,2.2835326
1500079130730,-11.72405,-4.466532,5.979313
1500079130794,-8.602742,-4.150572,5.4431376
1500079130857,-8.34423,-3.1643922,1.7186337
1500079130921,-5.9314404,-3.039923,9.761265
1500079130985,-8.708063,0.19627848,4.2175937
1500079131049,-9.665519,-1.4026731,2.0537431
1500079131112,-9.100619,-3.2409887,1.6611862
1500079131176,-9.177217,-2.034594,2.3697038
1500079131240,-9.29211,-0.99096704,2.1590633
1500079131303,-9.272962,-1.6324625,1.383524
1500079131367,-9.31126,-1.6324625,1.9962958
1500079131431,-9.550624,-1.2207564,1.3069274
1500079131495,-9.598496,-1.2016073,0.91437054
1500079131558,-9.560199,-1.2016073,1.0292653
1500079131622,-9.512326,-1.4313968,1.2016073
1500079131686,-9.445304,-1.2877784,1.383524
1500079131750,-9.301685,-1.2494801,1.9675722
1500079131814,-9.41658,-0.8473486,1.709059
1500079131877,-9.177217,-1.0867126,2.88673
1500079131940,-9.234664,-0.9430942,2.6569405
1500079132004,-8.832532,-0.512239,3.346309
1500079132068,-8.937852,0.3398969,3.5090764
1500079132132,-9.129343,0.5505372,3.078221
1500079132195,-8.880404,0.47394073,3.5952475
1500079132259,-8.717637,-0.8952214,3.911208
1500079132323,-8.918703,-0.8473486,4.0548263
1500079132386,-10.048501,-0.8760723,3.3941817
1500079132450,-10.699572,1.6420372,2.5420458
1500079132514,-8.899554,0.36862057,5.0984535
1500079132578,-6.4293175,0.92394507,5.4431376
1500079132641,-6.5825105,-0.665432,4.08355
1500079132705,-7.5591154,-2.254809,4.4473834
1500079132769,-7.5303917,-0.59841,3.0494976
1500079132832,-9.636795,0.9622433,4.0739756
1500079132896,-10.977234,-0.751603,4.4473834
1500079132960,-8.181462,-1.6611862,3.0973704
1500079133024,-9.20594,-0.90479594,3.3367343
1500079133087,-8.966576,-0.8473486,3.078221
1500079133151,-9.158067,-0.6271337,2.3888528
1500079133215,-9.426155,-0.6079846,1.8718265
1500079133278,-9.684668,-0.3877697,1.4792696
1500079133342,-9.54105,-0.8281995,1.7186337
1500079133406,-9.3878565,-0.78990126,1.8431029
1500079133469,-9.330409,-0.50266445,2.0824668
1500079133533,-9.493176,-0.023936402,1.8526775
1500079133597,-9.215514,-0.6558574,2.408002
1500079133661,-9.31126,-0.16755481,2.427151
1500079133724,-9.263388,-0.18670394,2.5994933
1500079133788,-9.167642,-0.40691882,2.7909844
1500079133852,-9.138918,-0.17712937,2.9824755
1500079133915,-8.957002,-0.28244954,3.3558834
1500079133979,-8.870831,-0.0718092,3.5282254
1500079134043,-8.679339,0.05266008,3.9686553
1500079134107,-8.420826,0.03351096,4.437809
1500079134170,-8.171887,0.023936402,4.8590894
1500079134234,-7.9708214,0.0718092,5.2899446
1500079134299,-7.788905,-0.30159867,5.529309
1500079134362,-7.7123084,-0.10053288,5.797396
1500079134426,-7.8367777,-0.34947145,5.2420716
1500079134489,-8.018694,0.05266008,5.28037
1500079134553,-8.095291,0.19627848,5.17505
1500079134617,-8.133589,0.47394073,4.8782387
1500079134680,-8.210186,0.32074776,4.581427
1500079134744,-8.459125,0.3398969,4.495256
1500079134808,-8.420826,0.46436617,4.5335546
1500079134872,-8.4686985,0.27287498,4.284616
1500079134936,-8.535721,0.3111732,4.3133397
1500079134999,-8.564445,0.13883112,4.1601467
1500079135062,-8.688913,0.27287498,4.045252
1500079135126,-8.631466,0.22500217,4.1122737
1500079135190,-8.641041,0.00478728,4.1888704
1500079135253,-8.478273,-0.27287498,4.4186597
1500079135317,-8.526146,-0.37819514,4.1792955
1500079135381,-8.497422,-0.26330042,4.322914
1500079135445,-8.392102,-0.0718092,4.5527034
1500079135508,-8.2676325,-0.17712937,4.801642
1500079135572,-8.152739,-0.14840569,4.993133
1500079135636,-8.11444,-0.30159867,5.0601554
1500079135699,-8.104865,-0.5218136,4.993133
1500079135763,-8.133589,-0.4835153,5.021857
1500079135827,-8.133589,-0.4835153,4.954835
1500079135890,-8.1623125,-0.44521707,4.9069624
1500079135954,-8.23891,-0.49308985,4.782493
1500079136018,-8.23891,-0.39734426,4.801642
1500079136082,-8.277207,-0.28244954,4.6867476
1500079136145,-8.401677,-0.30159867,4.5144053
1500079136209,-8.382527,-0.27287498,4.5718527
1500079136273,-8.411251,-0.17712937,4.5527034
1500079136336,-8.420826,-0.17712937,4.495256
1500079136400,-8.44955,-0.19627848,4.456958
1500079136464,-8.392102,-0.16755481,4.543129
1500079136528,-8.372953,-0.12925656,4.6293
1500079136591,-8.353804,-0.22500217,4.619725
1500079136655,-8.315506,-0.16755481,4.658024
1500079136720,-8.382527,-0.23457673,4.610151
1500079136783,-8.277207,-0.3111732,4.73462
1500079136846,-8.315506,-0.20585304,4.715471
1500079136911,-8.210186,-0.28244954,4.8207912
1500079136973,-8.152739,-0.19627848,5.0122824
1500079137037,-8.152739,-0.2154276,4.954835
1500079137101,-8.056993,-0.37819514,5.0505805
1500079137165,-8.085716,-0.17712937,5.108028
1500079137228,-8.00912,-0.3398969,5.194199
1500079137292,-7.9516726,-0.2920241,5.222923
1500079137356,-7.9803963,-0.30159867,5.1654754
1500079137420,-7.9037995,-0.359046,5.452712
1500079137483,-7.8846507,-0.36862057,5.4239883
1500079137547,-7.922949,-0.37819514,5.2133484
1500079137611,-8.066567,-0.3111732,5.0601554
1500079137674,-8.11444,-0.40691882,5.108028
1500079137738,-8.1623125,-0.5313881,4.9835587
1500079137802,-8.305931,-0.40691882,4.6388745
1500079137865,-8.420826,-0.4835153,4.4856815
1500079137929,-8.44955,-0.3877697,4.4090853
1500079137993,-8.535721,-0.46436617,4.275041
1500079138056,-8.621892,-0.39734426,4.0931244
1500079138120,-8.650616,-0.3398969,4.0356774
1500079138184,-8.784659,-0.20585304,3.7101421
1500079138248,-8.66019,-0.16755481,4.045252
1500079138311,-8.66019,0.062234644,4.0739756
1500079138375,-8.612317,-0.16755481,4.322914
1500079138439,-8.621892,-0.47394073,3.9782298
1500079138502,-8.736787,0.043085523,4.016528
1500079138566,-8.439975,-0.2154276,4.619725
1500079138630,-8.420826,-0.043085523,4.342063
1500079138693,-8.688913,0.22500217,3.3941817
1500079138757,-9.474028,0.47394073,2.6186423
1500079138821,-9.244238,-0.00478728,2.427151
1500079138885,-9.272962,-0.18670394,2.1111906
1500079138948,-9.349558,0.30159867,2.34098
1500079139012,-9.378282,0.0,1.7377827
1500079139076,-9.445304,0.110107444,1.776081
1500079139139,-9.454879,-0.42606795,1.6516117
1500079139203,-9.301685,-1.0484143,2.4175766
1500079139267,-9.253813,-0.78990126,2.494173
1500079139331,-9.272962,-0.4356425,2.3122563
1500079139394,-9.502751,-1.0388398,1.6037389
1500079139458,-9.435729,-0.39734426,1.9867213
1500079139522,-9.502751,-0.26330042,1.3452257
1500079139585,-9.569773,-0.11968201,1.5175679
1500079139649,-9.569773,0.45479164,1.8048047
1500079139713,-9.569773,0.50266445,2.0058703
1500079139777,-9.5889225,0.70373017,2.427151
1500079139840,-8.621892,1.622888,1.1154363
1500079139904,-9.943181,1.0005416,1.8048047
1500079139968,-10.220843,1.5845897,3.0016246
1500079140032,-9.876159,0.13883112,2.2835326
1500079140095,-10.843189,0.11968201,2.9537518
1500079140159,-10.766593,0.20585304,2.9824755
1500079140223,-10.038927,-0.12925656,1.6324625
1500079140287,-10.421909,-0.71330476,-3.0686467
1500079140350,-9.052747,0.4356425,-3.9686553
1500079140414,-10.737869,0.16755481,-0.8281995
1500079140477,-10.488931,0.78032666,2.7239625
1500079140541,-8.7750845,0.062234644,5.433563
1500079140605,-8.641041,0.69415563,5.3952646
1500079140669,-8.909128,0.15798025,3.020774
1500079140732,-9.014449,-0.19627848,0.93351966
1500079140796,-8.918703,-0.10053288,-0.10053288
1500079140860,-8.813383,0.359046,-0.47394073
1500079140923,-9.138918,1.4026731,-0.12925656
1500079140987,-9.272962,1.862252,1.383524
1500079141051,-8.995299,1.0292653,1.0579889
1500079141115,-9.617646,-0.110107444,0.18670394
1500079141178,-9.837861,0.5792609,0.7324539
1500079141242,-11.484685,3.3367343,3.5952475
1500079141306,-11.28362,1.8239537,1.929274
1500079141369,-13.954922,0.56968635,0.2920241
1500079141433,-10.689997,2.800559,2.1590633
1500079141497,-11.848518,-0.014361841,0.32074776
1500079141560,-10.900637,0.9430942,-0.13883112
1500079141624,-10.498506,0.37819514,-0.6271337
1500079141688,-10.421909,1.2973529,-0.83777404
1500079141751,-10.603826,0.512239,-1.929274
1500079141815,-11.111278,0.6271337,-1.8526775
1500079141880,-11.034681,1.2207564,-2.321831
1500079141944,-10.096374,1.0962871,-1.5079932
1500079142008,-8.392102,0.8473486,-1.4122477
1500079142070,-7.003791,0.5888355,-1.6420372
1500079142134,-6.8410234,0.23457673,-1.3643749
1500079142198,-7.4250717,0.2920241,-0.6558574
1500079142261,-8.104865,0.081383765,-0.90479594
1500079142325,-8.439975,-0.14840569,-1.3548003
1500079142389,-8.602742,-0.014361841,-0.77075213
1500079142452,-8.401677,-0.47394073,-0.3111732
1500079142516,-8.5740185,-0.70373017,-0.18670394
1500079142580,-9.215514,-0.7324539,-0.17712937
1500079142643,-9.7899885,-0.44521707,-0.40691882
1500079142707,-10.134672,-0.39734426,-0.47394073
1500079142771,-10.000628,0.014361841,-0.4164934
1500079142835,-9.435729,-0.2154276,-0.7228793
1500079142898,-9.29211,-0.26330042,-0.4164934
1500079142962,-9.684668,-0.023936402,-0.25372586
1500079143026,-10.326163,-0.014361841,-0.6558574
1500079143089,-10.441058,-0.043085523,-0.30159867
1500079143153,-10.900637,-1.3356512,-0.4164934
1500079143217,-10.125097,-2.88673,-0.56011176
1500079143281,-8.44955,-5.4048395,-1.2782038
1500079143344,-7.2623043,-6.563361,-0.90479594
1500079143408,-6.323997,-6.3622956,-0.15798025
1500079143472,-6.2378263,-6.9654927,-0.78032666
1500079143535,-6.285699,-7.137835,-0.28244954
1500079143599,-6.1229315,-7.8176284,-0.7324539
1500079143663,-5.692076,-7.042089,-0.5792609
1500079143727,-5.1367517,-6.936769,-0.27287498
1500079143790,-5.2707953,-7.2623043,-0.0718092
1500079143854,-6.9271946,-6.9942164,0.85692316
1500079143918,-6.9080453,-7.9037995,1.1154363
1500079143981,-5.9218655,-8.392102,0.76117754
1500079144045,-4.5527034,-8.631466,-0.90479594
1500079144109,-3.9016335,-8.200611,0.8952214
1500079144173,-4.8590894,-7.616563,0.78032666
1500079144236,-5.6250544,-8.44955,0.69415563
1500079144300,-4.96441,-8.095291,0.751603
1500079144364,-4.351638,-8.037844,1.2207564
1500079144427,-4.6005764,-8.401677,1.4122477
1500079144491,-4.9739842,-8.717637,1.2399056
1500079144555,-5.079304,-8.535721,1.6516117
1500079144618,-4.868664,-8.315506,1.9005502
1500079144682,-4.275041,-8.478273,1.7377827
1500079144746,-4.2558923,-8.755936,1.6037389
1500079144810,-4.7441945,-8.526146,1.3356512
1500079144873,-4.772918,-7.741032,1.6037389
1500079144937,-4.351638,-7.9133744,1.2494801
1500079145001,-4.0644007,-9.18679,0.63670826
1500079145064,-4.198445,-8.822957,1.8048047
1500079145129,-4.437809,-8.937852,0.8090504
1500079145192,-4.4473834,-10.096374,-0.56968635
1500079145256,-5.376116,-8.018694,0.081383765
1500079145319,-4.772918,-7.549541,1.6037389
1500079145383,-4.236743,-9.713391,0.09095833
1500079145447,-4.8303657,-7.501668,-1.0292653
1500079145510,-3.9399316,-9.837861,-0.76117754
1500079145574,-2.427151,-8.631466,-1.2207564
1500079145638,-4.150572,-6.668681,-0.0718092
1500079145701,-4.1026993,-8.056993,-1.7569319
1500079145765,-4.495256,-7.894225,-0.7994758
1500079145829,-5.5771813,-6.898471,-1.2494801
1500079145893,-6.4005938,-6.2474008,-1.2973529
1500079145956,-7.875076,-5.299519,-1.4888442
1500079146020,-9.617646,-4.8782387,-2.3505547
1500079146084,-10.153821,-4.016528,-3.126094
1500079146147,-10.431483,-3.6239712,-2.2452345
1500079146211,-10.699572,-2.7622607,-1.9005502
1500079146275,-9.569773,-1.948423,-0.7420284
1500079146338,-9.41658,-2.2452345,-0.7324539
1500079146402,-9.062322,-2.3505547,-0.6558574
1500079146466,-9.483603,-1.9005502,-0.70373017
1500079146530,-9.445304,-1.0388398,0.20585304
1500079146593,-10.575102,-1.6611862,-0.40691882
1500079146657,-10.785743,-0.9430942,-0.71330476
1500079146721,-9.799562,-0.30159867,-1.0579889
1500079146784,-8.5740185,-0.64628285,-1.1154363
1500079146848,-8.6697645,-1.2686293,-2.1590633
1500079146912,-9.359133,-1.1824582,-1.2973529
1500079146976,-9.943181,-1.6420372,-0.4835153
1500079147039,-9.732541,-2.1399143,-1.2207564
1500079147112,-9.349558,-2.3026817,-1.1154363
1500079147167,-9.914457,-1.8239537,-0.92394507
1500079147230,-9.866585,-1.622888,-1.0579889
1500079147294,-9.85701,-1.8239537,-0.39734426
1500079147358,-9.655944,-1.5462915,-0.14840569
1500079147422,-9.847435,-0.8186249,0.20585304
1500079147485,-9.64637,-0.8760723,-0.081383765
1500079147549,-9.75169,-1.622888,-0.46436617
1500079147613,-9.809137,-1.7665064,-0.10053288
1500079147676,-9.397431,-1.9962958,0.20585304
1500079147740,-8.277207,-2.149489,0.6558574
1500079147804,-8.210186,-2.3314054,0.70373017
1500079147867,-8.727212,-2.5324712,0.5505372
1500079147931,-9.96233,-2.561195,-0.10053288
1500079147995,-10.326163,-2.0537431,-0.20585304
1500079148059,-9.407005,-1.6994845,0.081383765
1500079148122,-9.943181,-2.1207652,-0.5505372
1500079148186,-8.842107,-2.5707695,-0.3877697
1500079148250,-8.880404,-3.0111992,-0.63670826
1500079148313,-9.138918,-1.862252,-0.2154276
1500079148377,-9.493176,-2.5707695,-0.42606795
1500079148441,-9.6942425,-2.0920415,-0.4164934
1500079148505,-9.703817,-2.6282167,-0.78032666
1500079148568,-9.091045,-1.7282082,-0.56968635
1500079148632,-9.004874,-1.6324625,-0.6079846
1500079148696,-9.722966,-1.0101161,-0.69415563
1500079148759,-9.608071,-0.8664977,-0.83777404
1500079148823,-10.115523,-1.2782038,-1.4313968
1500079148887,-10.757019,-2.408002,-1.4026731
1500079148951,-10.891063,-5.146326,-1.8048047
1500079149014,-9.272962,-5.873993,-1.6133134
1500079149078,-7.7793303,-5.806971,-0.70373017
1500079149142,-6.7357035,-6.1420803,-0.8281995
1500079149205,-7.0708127,-6.525063,-1.1537346
1500079149269,-7.003791,-6.4963393,-1.3452257
1500079149333,-5.797396,-6.869747,-1.8143792
1500079149396,-5.1367517,-7.0995364,-1.7282082
1500079149460,-5.1176023,-7.501668,-1.9579976
1500079149524,-6.6878304,-7.348475,-1.4026731
1500079149588,-6.027186,-7.56869,-2.0058703
1500079149651,-4.648449,-7.3197513,-1.948423
1500079149715,-3.6143966,-7.9325233,-1.9196993
1500079149779,-3.690993,-8.104865,-1.8909757
1500079149842,-4.935686,-8.861256,-0.92394507
1500079149906,-5.605905,-8.937852,-0.39734426
1500079149970,-5.155901,-8.487848,0.19627848
1500079150033,-4.6388745,-8.612317,0.42606795
1500079150097,-4.6388745,-8.621892,0.081383765
1500079150161,-4.351638,-8.526146,0.062234644
1500079150225,-3.844186,-8.459125,-0.043085523
1500079150288,-3.8729098,-8.813383,-0.26330042
1500079150352,-4.08355,-9.6942425,0.22500217
1500079150416,-3.844186,-9.20594,-0.043085523
1500079150479,-3.7867386,-8.545295,0.023936402
1500079150543,-3.9686553,-8.641041,0.16755481
1500079150607,-3.844186,-8.746361,0.15798025
1500079150670,-3.7197168,-8.947427,0.18670394
1500079150734,-3.8346114,-9.29211,0.20585304
1500079150798,-3.777164,-9.349558,0.2154276
1500079150862,-3.7675896,-9.31126,0.23457673
1500079150925,-4.0739756,-9.41658,0.19627848
1500079150989,-4.2080193,-9.3878565,0.2154276
1500079151053,-4.1122737,-9.129343,0.23457673
1500079151116,-3.8537605,-8.842107,0.26330042
1500079151180,-3.7292912,-8.736787,0.26330042
1500079151244,-3.7484405,-8.66019,0.16755481
1500079151308,-3.7388659,-8.842107,0.25372586
1500079151371,-4.131423,-8.947427,0.359046
1500079151435,-4.7058964,-9.138918,0.16755481
1500079151499,-4.8782387,-9.004874,0.39734426
1500079151562,-5.376116,-9.2825365,0.42606795
1500079151626,-5.682502,-8.755936,-0.13883112
1500079151690,-5.38569,-7.8846507,-0.512239
1500079151753,-5.9697385,-6.9942164,-0.98139244
1500079151817,-6.525063,-5.5771813,-1.6803354
1500079151881,-7.042089,-3.212265,-2.3505547
1500079151944,-8.23891,-2.0250196,-2.3026817
1500079152009,-9.359133,-2.5516202,-2.3888528
1500079152073,-10.134672,-0.25372586,-1.6899099
1500079152136,-10.479357,0.70373017,-1.8526775
1500079152201,-9.943181,2.3122563,-0.8186249
1500079152263,-9.62722,3.2984362,-0.5505372
1500079152327,-9.3878565,4.437809,0.14840569
1500079152391,-8.2676325,5.2133484,-0.359046
1500079152454,-6.7548523,5.739949,-0.11968201
1500079152518,-6.094208,6.975067,-0.2920241
1500079152582,-5.653778,7.549541,0.5218136
1500079152645,-5.979313,7.1665583,-0.61755913
1500079152709,-5.5771813,7.396348,1.1920328
1500079152773,-5.232497,8.353804,-0.062234644
1500079152836,-5.0505805,8.650616,0.14840569
1500079152900,-5.2899446,8.124015,0.33032233
1500079152964,-5.1846247,8.133589,0.25372586
1500079153028,-5.232497,8.650616,0.45479164
1500079153091,-5.3569665,8.813383,0.3877697
1500079153155,-5.2516465,8.736787,-0.32074776
1500079153219,-5.1176023,8.420826,-0.56968635
1500079153282,-4.926111,8.353804,-0.8664977
1500079153346,-4.73462,8.401677,-1.4409714
1500079153410,-4.351638,7.8272033,-1.9867213
1500079153473,-4.0548263,7.2144313,-2.015445
1500079153537,-4.322914,7.0133657,-1.9579976
1500079153601,-4.8303657,7.7123084,-0.69415563
1500079153665,-5.222923,8.545295,-0.50266445
1500079153728,-5.462287,8.995299,-0.28244954
1500079153792,-5.7112255,9.100619,-0.5313881
1500079153856,-5.9218655,8.947427,-0.512239
1500079153919,-5.682502,8.55487,-0.5888355
1500079153983,-5.414414,8.583593,-0.9622433
1500079154047,-5.108028,8.401677,-1.0867126
1500079154111,-5.108028,8.00912,-1.1824582
1500079154174,-5.1367517,7.894225,-1.2686293
1500079154238,-4.715471,7.9516726,-1.1537346
1500079154302,-4.3612123,7.635712,-1.5367169
1500079154365,-4.6293,7.1665583,-1.3356512
1500079154429,-5.079304,7.664436,-1.3165021
1500079154493,-5.2899446,8.497422,-1.0101161
1500079154557,-5.2516465,8.516571,-0.751603
1500079154620,-5.960164,9.138918,-0.2441513
1500079154684,-5.82612,8.822957,-0.17712937
1500079154748,-5.3186684,8.286782,-0.39734426
1500079154811,-5.347392,8.104865,-0.98139244
1500079154875,-5.232497,7.7506065,-1.4601204
1500079154939,-5.0505805,8.066567,-1.3260766
1500079155002,-4.8973875,8.258059,-1.2303311
1500079155066,-5.2037735,8.076141,-1.5941644
1500079155130,-5.2037735,7.9708214,-1.6611862
1500079155194,-5.079304,7.961247,-1.8239537
1500079155257,-4.9739842,7.7793303,-1.862252
1500079155321,-4.8973875,7.693159,-1.622888
1500079155385,-5.519734,8.171887,-1.3643749
1500079155448,-5.6250544,8.708063,-0.9526688
1500079155512,-5.49101,8.727212,-0.85692316
1500079155576,-5.328243,8.583593,-0.85692316
1500079155639,-5.586756,8.411251,-0.7228793
1500079155703,-5.5580325,8.487848,-0.32074776
1500079155767,-5.261221,8.143164,-0.3877697
1500079155831,-5.2899446,7.9420977,-0.7420284
1500079155894,-4.96441,7.7984796,-1.3069274
1500079155958,-4.7537694,7.769756,-1.6420372
1500079156022,-4.73462,7.769756,-1.862252
1500079156085,-4.696322,7.875076,-1.948423
1500079156149,-4.8782387,7.875076,-1.9675722
1500079156213,-5.2899446,8.2676325,-1.929274
1500079156276,-5.079304,8.200611,-1.2973529
1500079156340,-5.4048395,8.095291,-0.92394507
1500079156404,-5.567607,8.248484,-0.4164934
1500079156468,-5.9218655,8.181462,-0.76117754
1500079156531,-5.8644185,8.372953,-0.69415563
1500079156595,-5.845269,8.382527,-0.5792609
1500079156659,-5.912291,8.11444,-0.8760723
1500079156722,-5.672927,7.961247,-0.92394507
1500079156786,-5.6154795,8.028269,-1.3069274
1500079156850,-5.5580325,8.047418,-1.4505459
1500079156914,-5.2707953,8.286782,-1.6707608
1500079156977,-5.1654754,8.430401,-1.8814012
1500079157041,-5.041006,8.229335,-2.254809
1500079157106,-4.7537694,7.9325233,-2.6282167
1500079157169,-4.322914,7.721883,-2.7048132
1500079157233,-4.2558923,7.7601814,-2.6090677
1500079157296,-4.4090853,8.21976,-2.1973617
1500079157359,-4.495256,8.794233,-1.7186337
1500079157423,-4.322914,8.985725,-1.4505459
1500079157487,-4.0644007,9.119769,-1.1633091
1500079157551,-3.7484405,8.995299,-1.1537346
1500079157614,-3.690993,9.091045,-1.3739494
1500079157678,-3.451629,9.177217,-1.6420372
1500079157742,-2.9920502,9.119769,-1.9675722
1500079157805,-2.714388,8.909128,-2.168638
1500079157869,-2.5899186,8.880404,-2.5420458
1500079157933,-2.513322,8.6697645,-2.6282167
1500079157996,-2.5324712,8.506997,-3.0494976
1500079158060,-2.6186423,8.602742,-3.2026904
1500079158124,-2.7431116,8.621892,-3.1643922
1500079158188,-3.1452432,8.650616,-2.8580062
1500079158251,-3.3558834,8.794233,-2.6186423
1500079158315,-3.6239712,8.363379,-1.7377827
1500079158379,-4.131423,9.464453,-1.6611862
1500079158442,-4.303765,9.62722,-1.5845897
1500079158506,-4.5718527,9.359133,-1.3739494
1500079158570,-4.2654667,8.708063,-1.2877784
1500079158634,-4.3612123,8.420826,-1.2016073
1500079158697,-4.3324885,8.133589,-1.3165021
1500079158761,-4.7537694,8.382527,-1.5462915
1500079158825,-4.4473834,8.7750845,-1.4409714
1500079158888,-4.782493,8.612317,-1.9196993
1500079158952,-4.2941904,8.21976,-2.149489
1500079159016,-5.079304,8.286782,-2.494173
1500079159079,-4.389936,7.6835847,-2.6856642
1500079159143,-4.6867476,7.6452866,-3.0877957
1500079159207,-4.849515,7.7123084,-2.7622607
1500079159271,-4.7441945,7.875076,-3.0016246
1500079159334,-5.1846247,7.6452866,-2.034594
1500079159398,-5.4718614,7.434646,-1.7665064
1500079159462,-5.950589,7.7314577,-1.5271424
1500079159526,-6.2761245,8.363379,-1.8814012
1500079159589,-6.4005938,8.4686985,-2.0441687
1500079159653,-6.4005938,8.200611,-1.9962958
1500079159717,-6.2474008,8.104865,-2.0441687
1500079159780,-5.912291,7.587839,-1.9101248
1500079159844,-5.9697385,7.3006024,-1.6803354
1500079159908,-6.180379,7.4250717,-1.7377827
1500079159971,-7.2335806,7.0803876,-2.015445
1500079160035,-7.4442205,6.218677,-3.2218397
1500079160099,-6.5059137,6.0846334,-4.543129
1500079160163,-5.9027166,5.998462,-5.3952646
1500079160226,-6.218677,5.9027166,-5.7016506
1500079160290,-6.3814445,5.3378177,-5.0601554
1500079160354,-5.567607,5.4718614,-4.763344
1500079160417,-5.988888,5.6633525,-4.8973875
1500079160481,-7.02294,6.4197426,-4.9739842
1500079160545,-6.3527207,7.348475,-3.758015
1500079160608,-6.218677,7.5974135,-2.7718353
1500079160672,-6.1420803,7.434646,-1.9101248
1500079160736,-5.4048395,8.11444,-1.5750152
1500079160799,-5.376116,8.085716,-1.6899099
1500079160863,-5.0314317,7.788905,-1.4792696
1500079160927,-5.0122824,7.9803963,-1.5941644
1500079160991,-4.73462,8.679339,-1.929274
1500079161054,-4.935686,9.20594,-2.5707695
1500079161118,-4.4090853,9.052747,-2.9346027
1500079161182,-4.322914,9.110194,-3.451629
1500079161245,-3.671844,8.612317,-3.7005677
1500079161309,-3.518651,7.894225,-4.236743
1500079161373,-3.0303483,7.2910275,-4.0548263
1500079161436,-2.867581,6.9463434,-3.4324799
1500079161500,-2.972901,7.2718787,-3.0494976
1500079161564,-3.3750327,8.200611,-2.4175766
1500079161628,-3.5090764,9.3878565,-2.1207652
1500079161691,-3.8154624,10.125097,-1.7186337
1500079161755,-3.671844,10.29744,-2.427151
1500079161819,-3.758015,9.253813,-3.2601378
1500079161882,-3.2697124,8.851681,-3.3367343
1500079161946,-3.6431203,8.535721,-3.5378
1500079162010,-3.2409887,7.9516726,-3.6143966
1500079162074,-3.2505634,8.028269,-3.451629
