1500077942630,-8.315506,0.5888355,0.19627848
1500077942694,-9.18679,0.77075213,0.11968201
1500077942757,-12.020861,1.4984187,-4.2558923
1500077942821,-10.584677,0.023936402,-4.0356774
1500077942885,-11.216598,-1.6324625,-3.173967
1500077942949,-14.76876,0.22500217,-3.8058877
1500077943012,-9.8953085,-0.3398969,-1.9388485
1500077943076,-5.7016506,-1.4505459,-0.83777404
1500077943140,-9.828286,-2.168638,-3.346309
1500077943204,-15.534724,-5.2516465,-2.3792782
1500077943268,-12.662356,-3.2505634,1.0771381
1500077943331,-12.174053,-4.2941904,1.7377827
1500077943395,-12.968742,-1.5175679,0.71330476
1500077943459,-14.290031,-1.2973529,0.85692316
1500077943522,-11.9346895,-1.4218222,-0.90479594
1500077943586,-11.580431,-0.99096704,-1.3739494
1500077943650,-11.398514,0.39734426,-0.751603
1500077943713,-10.06765,1.3930986,-1.7856555
1500077943777,-10.163396,-1.1058618,-1.6899099
1500077943841,-10.651698,-1.8814012,-0.8281995
1500077943905,-12.059159,-0.61755913,-0.110107444
1500077943968,-11.044255,-0.359046,-2.475024
1500077944032,-11.609155,0.3877697,-1.3548003
1500077944096,-14.481523,-2.6569405,3.9878044
1500077944159,-14.318755,-3.3558834,1.5079932
1500077944223,-13.648536,-5.3569665,-0.98139244
1500077944287,-8.497422,-4.3324885,0.69415563
1500077944350,-11.542132,-2.6952388,0.9622433
1500077944414,-13.198531,-2.2739582,-0.6845811
1500077944478,-12.011286,-0.98139244,-0.00478728
1500077944542,-11.685751,-1.2016073,-0.0718092
1500077944605,-11.982562,-0.110107444,-0.4164934
1500077944669,-9.742115,1.622888,-0.33032233
1500077944733,-9.014449,-0.7420284,-0.2441513
1500077944796,-11.321918,-1.0101161,0.17712937
1500077944860,-11.293194,-2.1590633,-0.14840569
1500077944924,-9.608071,-1.6516117,-1.1633091
1500077944988,-11.216598,-1.0005416,1.1345854
1500077945051,-13.610238,-2.2643836,2.4654493
1500077945115,-12.911295,-4.5718527,1.383524
1500077945179,-12.729378,-5.6633525,1.3930986
1500077945242,-10.651698,-3.2601378,1.4505459
1500077945306,-11.082554,-2.4845984,-0.110107444
1500077945370,-10.661273,-0.7994758,-0.043085523
1500077945434,-11.254896,-0.7420284,-0.26330042
1500077945497,-12.6527815,0.023936402,-0.9622433
1500077945561,-11.26447,1.7473572,-1.4409714
1500077945625,-9.464453,0.5313881,0.18670394
1500077945688,-9.158067,-0.0718092,-0.37819514
1500077945752,-10.699572,-0.63670826,0.359046
1500077945816,-9.98148,-0.46436617,0.3398969
1500077945881,-8.765511,-0.36862057,0.6271337
1500077945943,-10.804892,-2.5037475,2.3697038
1500077946008,-13.275128,-5.7208,2.7239625
1500077946072,-13.255979,-6.9463434,1.4984187
1500077946134,-11.695326,-5.5484576,1.79523
1500077946198,-11.034681,-2.5516202,1.5367169
1500077946262,-11.398514,-2.8388572,-0.6079846
1500077946326,-10.268716,-1.0867126,-0.28244954
1500077946390,-10.622974,-0.93351966,-0.33032233
1500077946453,-12.107032,0.76117754,-0.78032666
1500077946518,-10.919786,2.5324712,-0.83777404
1500077946581,-10.737869,0.64628285,-0.49308985
1500077946645,-9.8953085,-0.4164934,0.9718179
1500077946708,-9.770839,-0.6079846,-0.2154276
1500077946772,-8.430401,0.05266008,-0.11968201
1500077946835,-9.330409,-1.0388398,1.6899099
1500077946899,-11.522984,-3.844186,2.6952388
1500077946963,-12.825124,-5.261221,2.2643836
1500077947027,-13.734707,-5.088879,2.2835326
1500077947091,-10.94851,-3.3558834,2.88673
1500077947154,-10.891063,-2.7909844,0.8186249
1500077947218,-10.163396,-2.0250196,0.25372586
1500077947282,-8.899554,-1.3739494,0.34947145
1500077947345,-10.153821,-0.8856468,-0.5792609
1500077947409,-11.896391,0.8186249,-1.1633091
1500077947473,-10.383611,1.4218222,-0.54096264
1500077947537,-10.038927,-0.03351096,-0.77075213
1500077947600,-9.952756,-0.99096704,0.78032666
1500077947664,-9.598496,-0.7994758,0.47394073
1500077947727,-8.34423,-0.70373017,0.8090504
1500077947792,-8.928278,-2.2452345,2.7431116
1500077947856,-11.810221,-5.49101,2.5899186
1500077947920,-12.174053,-6.47719,2.5516202
1500077947984,-12.815549,-5.739949,2.187787
1500077948046,-11.49426,-3.690993,1.79523
1500077948110,-11.05383,-3.0016246,0.70373017
1500077948174,-9.493176,-1.9867213,0.46436617
1500077948237,-8.679339,-1.6516117,0.23457673
1500077948301,-9.799562,-1.2399056,-0.3398969
1500077948366,-11.561282,-0.46436617,-0.93351966
1500077948430,-9.742115,0.09095833,0.11968201
1500077948492,-8.516571,-0.77075213,0.14840569
1500077948556,-10.0868,-2.6186423,0.54096264
1500077948620,-10.125097,-2.6569405,1.0771381
1500077948683,-8.957002,-2.3026817,1.1250108
1500077948747,-8.353804,-3.9590807,3.2409887
1500077948811,-9.272962,-6.8027253,2.1782124
1500077948875,-9.684668,-9.234664,0.6750065
1500077948938,-10.670848,-8.736787,0.30159867
1500077949002,-10.498506,-7.310177,0.42606795
1500077949066,-11.963413,-7.3771987,-0.91437054
1500077949130,-10.795317,-5.021857,-0.03351096
1500077949193,-8.880404,-4.3612123,0.512239
1500077949257,-9.29211,-4.73462,-0.14840569
1500077949321,-8.755936,-5.567607,-0.11968201
1500077949385,-6.3431463,-5.538883,0.8664977
1500077949448,-3.8537605,-5.7016506,2.8580062
1500077949512,-3.4803526,-9.062322,2.1111906
1500077949576,-2.6952388,-9.3878565,2.561195
1500077949639,0.023936402,-8.957002,2.561195
1500077949703,2.3505547,-11.101703,1.9101248
1500077949767,-0.2920241,-11.781497,1.948423
1500077949830,-2.254809,-12.3463955,-0.9526688
1500077949894,-4.0644007,-8.23891,0.359046
1500077949958,-1.6037389,-7.2144313,1.9867213
1500077950022,0.9622433,-8.095291,2.6282167
1500077950085,2.9824755,-8.813383,3.384607
1500077950149,3.7197168,-8.5740185,3.4133308
1500077950213,3.3367343,-8.765511,3.7101421
1500077950277,3.4037561,-8.631466,4.016528
1500077950340,3.2697124,-8.516571,3.8633351
1500077950404,3.4133308,-8.420826,3.4899273
1500077950468,4.275041,-13.504917,1.3165021
1500077950532,1.1920328,-10.469782,0.8856468
1500077950595,3.193116,-7.999545,1.6611862
1500077950659,2.0058703,-8.688913,0.64628285
1500077950723,0.45479164,-9.809137,-0.00478728
1500077950786,-0.5505372,-10.172971,1.1728836
1500077950850,-1.8143792,-8.966576,2.321831
1500077950914,-2.427151,-8.794233,1.8909757
1500077950977,-3.346309,-7.4059224,2.3888528
1500077951041,-4.5622783,-8.248484,1.1250108
1500077951105,-4.954835,-9.110194,0.014361841
1500077951169,-5.7016506,-4.5144053,2.3697038
1500077951232,-9.349558,-2.9250283,3.173967
1500077951296,-10.958084,-2.6856642,4.303765
1500077951360,-10.891063,-4.8782387,2.9154537
1500077951423,-10.220843,-8.765511,0.93351966
1500077951487,-9.167642,-9.943181,2.3697038
1500077951551,-10.239992,-7.922949,4.4856815
1500077951615,-11.752773,-4.2558923,3.6143966
1500077951678,-10.029352,-3.8824842,2.187787
1500077951742,-7.2240057,-3.1548176,1.2207564
1500077951806,-8.392102,-3.5090764,1.0579889
1500077951870,-11.331492,-1.6707608,1.4888442
1500077951933,-10.220843,1.383524,0.98139244
1500077951997,-8.593168,0.92394507,1.0867126
1500077952061,-10.814466,0.8856468,0.2441513
1500077952125,-13.13151,1.3452257,0.42606795
1500077952188,-12.135756,0.42606795,-0.8473486
1500077952252,-12.700654,-1.2590547,0.18670394
1500077952316,-14.711312,-2.6856642,2.5994933
1500077952379,-14.232584,-3.3941817,1.2590547
1500077952443,-13.074062,-3.5569491,0.56011176
1500077952507,-13.399597,-2.2356598,-1.0867126
1500077952571,-12.193203,-0.23457673,-1.622888
1500077952634,-9.54105,0.2441513,-0.9622433
1500077952698,-11.752773,-1.1633091,-0.5792609
1500077952762,-14.270883,0.6271337,-2.015445
1500077952825,-11.628304,4.772918,-5.376116
1500077952889,-9.41658,1.0196906,-0.36862057
1500077952954,-11.015532,1.948423,-0.7420284
1500077953017,-11.9346895,-0.062234644,-0.6558574
1500077953081,-9.407005,0.14840569,-1.1058618
1500077953144,-12.269799,0.3877697,-1.8239537
1500077953208,-15.352808,-3.078221,3.1069448
1500077953272,-14.759185,-4.715471,2.5420458
1500077953335,-12.968742,-5.1846247,-0.40691882
1500077953400,-11.915541,-3.911208,-0.39734426
1500077953463,-13.303852,-1.6611862,-0.85692316
1500077953526,-11.685751,-1.1250108,-1.0388398
1500077953590,-10.814466,-0.27287498,-1.0292653
1500077953654,-12.576185,-0.64628285,-2.034594
1500077953717,-11.72405,2.3697038,-3.4229054
1500077953781,-9.608071,1.948423,-1.9771467
1500077953845,-9.799562,1.9579976,-2.6760898
1500077953909,-12.719804,0.4164934,-2.1399143
1500077953972,-10.728295,0.39734426,-1.4122477
1500077954036,-9.991054,0.512239,-1.4984187
1500077954100,-13.351725,-0.5888355,2.0537431
1500077954163,-15.534724,-4.2463174,0.45479164
1500077954227,-14.165563,-3.039923,1.6611862
1500077954291,-13.227255,-2.3505547,1.948423
1500077954355,-13.00704,-1.2590547,-0.93351966
1500077954418,-12.90172,-0.7420284,-3.0494976
1500077954482,-10.268716,-0.2441513,-1.6324625
1500077954546,-10.986808,-0.64628285,-1.622888
1500077954610,-11.4272375,0.17712937,-1.3069274
1500077954673,-11.005958,1.0867126,-1.8048047
1500077954737,-11.522984,3.2601378,-4.5622783
1500077954801,-10.833615,3.499502,-1.8718265
1500077954864,-11.168725,3.0494976,-1.1250108
1500077954928,-9.885734,1.7282082,-0.99096704
1500077954992,-11.944264,0.26330042,0.22500217
1500077955055,-15.73579,-2.9250283,2.187787
1500077955119,-15.793238,-3.7484405,2.7718353
1500077955183,-14.347479,-3.0686467,1.9005502
1500077955247,-12.049584,-2.9824755,0.3877697
1500077955310,-12.614484,-1.7856555,-0.28244954
1500077955374,-9.971905,-1.2494801,0.014361841
1500077955438,-9.655944,-0.5505372,-0.49308985
1500077955501,-11.82937,-2.4175766,-0.7228793
1500077955565,-13.581514,0.40691882,-0.512239
1500077955629,-10.431483,3.2984362,-1.3643749
1500077955693,-10.287866,1.7856555,-1.2686293
1500077955756,-11.800646,1.9005502,-0.64628285
1500077955820,-9.98148,1.1537346,-0.8281995
1500077955885,-10.0868,0.9622433,-1.2973529
1500077955948,-14.041093,-1.2877784,1.4984187
1500077956011,-15.6113205,-3.2792869,2.513322
1500077956075,-13.99322,-4.150572,1.14416
1500077956140,-12.212352,-4.131423,0.98139244
1500077956202,-12.183628,-2.4463003,-0.4164934
1500077956266,-11.4272375,-1.4984187,-0.78032666
1500077956331,-9.41658,-0.6558574,-0.5218136
1500077956395,-10.862339,-1.3356512,-1.1250108
1500077956458,-13.141085,-0.0718092,-1.862252
1500077956521,-12.327247,3.3080106,-5.232497
1500077956586,-10.029352,2.8580062,-1.7282082
1500077956649,-12.030436,1.9101248,-2.8771553
1500077956712,-12.145329,1.0196906,-1.2303311
1500077956776,-10.345312,0.99096704,-1.2303311
1500077956840,-11.925115,0.70373017,-0.27287498
1500077956903,-14.854931,-1.8814012,2.1973617
1500077956967,-15.391106,-3.4229054,1.6324625
1500077957031,-12.116607,-3.7292912,0.6750065
1500077957095,-10.594251,-4.3133397,-0.2154276
1500077957158,-13.859177,-2.6569405,-2.2835326
1500077957222,-12.212352,-0.71330476,-1.4313968
1500077957286,-12.164479,0.043085523,-1.3165021
1500077957349,-15.151742,1.5654407,-2.1782124
1500077957413,-11.618729,2.647366,-3.690993
1500077957477,-7.8846507,1.8526775,-1.8718265
1500077957540,-10.144247,1.4505459,-3.518651
1500077957604,-13.208106,0.27287498,-1.7377827
1500077957668,-11.618729,-0.50266445,-1.0962871
1500077957732,-9.866585,0.39734426,-2.321831
1500077957795,-13.4666195,0.8090504,0.5218136
1500077957859,-15.707067,-0.64628285,2.6569405
1500077957923,-13.811303,-2.819708,1.1537346
1500077957987,-12.719804,-3.9878044,-0.03351096
1500077958051,-12.509163,-2.6186423,-1.469695
1500077958115,-12.193203,-0.85692316,-1.6133134
1500077958178,-10.5080805,0.014361841,-0.78032666
1500077958241,-12.126181,-0.8664977,-0.61755913
1500077958306,-13.514492,1.5271424,-4.3612123
1500077958369,-10.977234,3.5856729,-4.8303657
1500077958434,-10.651698,1.8431029,-2.7431116
1500077958496,-12.145329,2.494173,-2.1782124
1500077958560,-12.0400095,2.819708,-1.5079932
1500077958624,-9.665519,1.4601204,-1.1154363
1500077958687,-10.757019,0.6079846,0.0718092
1500077958751,-14.883655,-2.408002,0.7228793
1500077958815,-14.682589,-3.4324799,1.4888442
1500077958879,-12.384694,-3.5090764,0.8952214
1500077958942,-10.603826,-2.7048132,0.78032666
1500077959006,-14.165563,-1.6611862,-1.8048047
1500077959070,-12.6527815,-0.4356425,-2.2069361
1500077959133,-11.197449,0.2154276,-0.5888355
1500077959197,-13.8879,-1.0388398,-1.0101161
1500077959261,-16.15707,-1.9675722,-2.6282167
1500077959325,-12.279374,-2.5228968,-1.0292653
1500077959388,-6.8793216,-3.6622694,-0.63670826
1500077959452,-3.690993,-3.5378,0.49308985
1500077959516,-4.198445,-7.204857,-1.7665064
1500077959579,-2.187787,-10.029352,-1.6324625
1500077959643,-0.9526688,-9.85701,-3.193116
1500077959707,0.8664977,-9.761265,-4.5910015
1500077959771,1.0196906,-10.326163,-5.739949
1500077959834,0.8664977,-10.776168,-5.7686725
1500077959898,0.081383765,-8.7750845,-5.567607
1500077959962,0.2154276,-7.511243,-6.4676156
1500077960025,0.42606795,-5.5771813,-1.6324625
1500077960089,0.56968635,-5.9697385,-2.0633178
1500077960153,-2.149489,-3.5952475,-3.5090764
1500077960217,-5.960164,-4.5144053,-4.4186597
1500077960281,-7.721883,-2.752686,-6.2282515
1500077960344,-15.046422,1.5271424,-5.5963306
1500077960408,-19.603912,0.3877697,0.83777404
1500077960472,-12.442142,2.9346027,-0.46436617
1500077960535,-9.177217,0.32074776,1.9867213
1500077960599,-11.503835,-0.49308985,-0.7994758
1500077960663,-12.69108,-6.697405,-2.9824755
1500077960727,-12.834699,-8.487848,-1.1058618
1500077960790,-12.174053,-3.2792869,1.0579889
1500077960854,-15.831535,0.71330476,0.2154276
1500077960918,-13.591088,1.0867126,-0.4164934
1500077960981,-11.791071,0.93351966,-0.7228793
1500077961045,-11.953838,1.0388398,-0.7324539
1500077961109,-13.629387,3.0016246,-1.2590547
1500077961172,-9.885734,5.759098,-2.6186423
1500077961236,-7.922949,1.469695,-2.3792782
1500077961300,-12.336822,2.1207652,-1.1154363
1500077961364,-12.7964,3.0494976,-0.44521707
1500077961427,-11.130426,1.8431029,-1.6994845
1500077961491,-11.867668,-1.5558661,-0.15798025
1500077961555,-15.170891,-2.149489,2.6377914
1500077961618,-16.6358,-3.8058877,0.8952214
1500077961682,-13.332576,-6.975067,0.043085523
1500077961746,-10.441058,-5.2133484,-0.05266008
1500077961810,-14.605992,-2.254809,-1.2590547
1500077961873,-13.303852,-0.39734426,-1.1824582
1500077961937,-11.628304,0.3877697,-1.1058618
1500077962001,-10.776168,-0.37819514,-0.78990126
1500077962065,-13.074062,0.27287498,-1.2303311
1500077962128,-11.331492,2.4654493,-2.2931073
1500077962192,-9.253813,0.8760723,-1.7856555
1500077962256,-11.542132,1.6324625,-1.4026731
1500077962319,-10.862339,1.8718265,-0.9622433
1500077962383,-9.675094,1.1154363,-0.8952214
1500077962447,-13.351725,-1.622888,-0.081383765
1500077962510,-15.055996,-5.979313,0.3877697
1500077962574,-13.093211,-10.268716,-1.3356512
1500077962638,-11.590006,-9.904882,-1.469695
1500077962702,-12.509163,-5.586756,-0.34947145
1500077962765,-13.074062,-3.5378,-1.6611862
1500077962829,-12.011286,-1.5462915,-2.0250196
1500077962893,-11.341067,-0.9718179,-1.5367169
1500077962957,-11.7049,1.0867126,-1.3930986
1500077963020,-10.642124,3.6335456,-1.6133134
1500077963085,-11.398514,4.7058964,-3.2792869
1500077963149,-13.457045,3.5760984,-3.0016246
1500077963212,-13.208106,0.69415563,-1.8239537
1500077963284,-12.786825,-0.7228793,-0.9430942
1500077963339,-13.476193,-2.4367256,2.1973617
1500077963403,-13.246405,-6.391019,0.69415563
1500077963466,-11.216598,-10.029352,-1.3452257
1500077963530,-10.594251,-9.062322,-0.4356425
1500077963594,-13.476193,-5.806971,-0.12925656
1500077963657,-14.730461,-5.3378177,-1.3930986
1500077963721,-12.968742,-4.9835587,-2.1207652
1500077963785,-12.624058,-6.1229315,-2.9633265
1500077963849,-14.050668,-8.200611,-4.456958
1500077963912,-11.896391,-9.263388,-5.0984535
1500077963976,-5.2133484,-7.5974135,-8.095291
1500077964040,2.9250283,-4.495256,-4.887813
1500077964103,5.8931417,-4.2175937,-1.9771467
1500077964167,0.36862057,-4.2654667,0.09095833
1500077964231,-2.7622607,-9.550624,1.5654407
1500077964295,-2.6569405,-15.103869,1.5654407
1500077964359,4.0739756,-11.025106,1.6516117
1500077964422,9.033598,-10.383611,-6.151655
1500077964486,9.263388,-11.666602,-2.0728924
1500077964550,1.3452257,-8.4686985,2.580344
1500077964613,-2.666515,-4.801642,6.639958
1500077964677,-5.8931417,-0.3877697,7.396348
1500077964741,-3.3271596,-3.825037,7.549541
1500077964804,-2.7718353,-6.6208086,8.095291
1500077964868,-3.0016246,-0.93351966,7.7123084
1500077964932,-1.5271424,-3.2792869,2.2356598
1500077964996,-4.4186597,-9.75169,-5.8644185
1500077965059,-10.06765,-10.2016945,-2.2931073
1500077965123,-9.75169,-9.177217,1.9101248
1500077965187,-11.59958,-4.763344,2.4558747
1500077965250,-9.809137,-10.134672,1.6707608
1500077965314,-7.0803876,-15.381532,2.714388
1500077965378,-6.37187,-16.501755,4.2463174
1500077965442,-9.7899885,-10.460207,5.5580325
1500077965505,-8.2676325,-8.047418,3.911208
1500077965569,-7.693159,-5.634629,1.9771467
1500077965633,-7.195282,-3.997379,1.4026731
1500077965696,-9.866585,-2.101616,2.88673
1500077965760,-9.062322,1.2782038,2.9346027
1500077965824,-8.688913,0.6079846,-0.8090504
1500077965888,-11.570856,-2.0824668,-0.8856468
1500077965951,-15.850685,-1.8143792,0.5505372
1500077966016,-16.51133,-0.4356425,-3.0494976
1500077966079,-14.20386,-0.043085523,-2.3697038
1500077966143,-16.6358,-2.0441687,-0.90479594
1500077966206,-14.9794,-7.721883,-1.5462915
1500077966270,-11.130426,-7.482519,-2.580344
1500077966334,-9.6942425,-7.999545,-2.9824755
1500077966398,-17.238997,-4.6771727,-4.2654667
1500077966462,-16.607075,-0.54096264,-3.8346114
1500077966526,-14.558119,0.7994758,-2.034594
1500077966590,-15.257062,-1.8239537,-1.8431029
1500077966652,-14.242159,3.059072,-2.9537518
1500077966716,-8.6697645,7.5591154,-2.7048132
1500077966780,-9.5219,2.149489,-0.043085523
1500077966843,-16.185795,0.7228793,-2.2165108
1500077966907,-14.854931,-1.5654407,-3.7484405
1500077966971,-12.911295,-0.26330042,-3.6622694
1500077967035,-16.520905,-0.2920241,0.8952214
1500077967098,-16.358137,-5.1367517,0.8281995
1500077967162,-13.476193,-9.3878565,-3.039923
1500077967226,-10.642124,-7.0803876,-0.44521707
1500077967289,-14.452799,-3.2409887,-1.5462915
1500077967353,-14.931527,-1.9388485,-2.9154537
1500077967417,-14.09854,-0.5218136,-2.4654493
1500077967481,-14.615566,-1.5750152,-2.3984275
1500077967544,-15.458128,0.00478728,-3.039923
1500077967608,-9.464453,7.5591154,-2.3122563
1500077967672,-8.5740185,3.6526947,-1.469695
1500077967735,-14.950676,1.6707608,-3.911208
1500077967799,-13.811303,-1.7473572,-3.1452432
1500077967863,-12.815549,-1.0962871,-3.2888615
1500077967927,-16.15707,-0.3111732,0.26330042
1500077967990,-17.258144,-3.5090764,1.7186337
1500077968054,-14.280457,-6.2378263,0.28244954
1500077968118,-11.7336235,-8.506997,0.3398969
1500077968182,-13.878325,-4.9835587,-3.1452432
1500077968245,-15.477277,-0.665432,-3.0877957
1500077968310,-13.428321,0.110107444,-1.2016073
1500077968374,-14.031518,-1.8431029,-1.7282082
1500077968436,-15.582597,-0.36862057,-3.4612036
1500077968500,-9.655944,5.6633525,-1.8431029
1500077968564,-8.66019,5.4048395,-1.5175679
1500077968627,-13.811303,3.0303483,-4.3707867
1500077968691,-12.987891,-0.39734426,-2.254809
1500077968755,-12.25065,-0.40691882,-4.131423
1500077968819,-16.137922,-0.98139244,-0.8090504
1500077968882,-17.621979,-4.696322,4.1792955
1500077968946,-16.118773,-8.23891,2.360129
1500077969010,-14.471948,-8.698488,2.2931073
1500077969074,-15.094295,-3.2505634,-0.8090504
1500077969137,-16.693247,-2.034594,-1.7856555
1500077969201,-13.495343,-1.1154363,-1.6133134
1500077969265,-13.074062,-1.929274,-2.733537
1500077969328,-12.825124,-0.8760723,-2.8963046
1500077969392,-10.814466,3.2792869,-2.2165108
1500077969456,-7.664436,3.4803526,-1.4984187
1500077969520,-12.384694,0.665432,-1.776081
1500077969583,-14.912378,-1.4313968,-3.0494976
1500077969647,-12.662356,-1.6420372,-4.198445
1500077969711,-13.935773,-1.8909757,-2.8771553
1500077969775,-16.674097,-3.1069448,1.6611862
1500077969838,-19.163483,-5.28037,1.1345854
1500077969902,-15.9177065,-8.181462,0.85692316
1500077969966,-12.490014,-6.4963393,-0.8186249
1500077970029,-14.548545,-3.3750327,-7.635712
1500077970093,-15.381532,1.2973529,-5.28037
1500077970157,-12.442142,0.40691882,2.2260852
1500077970221,-13.686834,-2.254809,-0.3877697
1500077970284,-15.716641,-1.8526775,-6.333572
1500077970348,-10.94851,2.3984275,-3.6526947
1500077970412,-6.8793216,3.518651,-1.4505459
1500077970475,-10.977234,-0.014361841,-1.2590547
1500077970539,-14.088965,-2.8771553,-2.3122563
1500077970603,-13.083637,-2.2643836,-4.428234
1500077970667,-15.400681,-1.2399056,-3.8920588
1500077970730,-18.407093,-1.9675722,2.1590633
1500077970794,-17.487934,-2.8580062,3.3750327
1500077970858,-13.0549135,-7.2527294,-0.05266008
1500077970921,-12.212352,-7.961247,-3.212265
1500077970985,-15.553873,-2.6760898,-4.4856815
1500077971049,-13.44747,1.2303311,-0.4835153
1500077971112,-12.940019,-0.56968635,-0.44521707
1500077971176,-15.573023,-3.5856729,-4.2558923
1500077971240,-16.348562,0.359046,-3.6431203
1500077971304,-9.493176,5.366541,-2.6569405
1500077971367,-5.5580325,1.4313968,0.61755913
1500077971431,-12.509163,-0.56011176,0.7420284
1500077971495,-15.649619,-0.59841,-0.17712937
1500077971558,-13.198531,-1.3548003,2.3314054
1500077971623,-15.065571,-2.8771553,2.1207652
1500077971686,-17.26772,-5.088879,1.2877784
1500077971750,-13.801729,-6.8027253,0.26330042
1500077971813,-10.259142,-7.702734,0.85692316
1500077971877,-12.365545,-5.28037,-1.862252
1500077971941,-14.012369,-3.2505634,-3.3080106
1500077972005,-13.409172,-1.2686293,-2.5324712
1500077972068,-13.6676855,-1.2399056,-1.5271424
1500077972132,-16.961334,-1.622888,-2.4463003
1500077972196,-13.208106,1.2877784,-1.6899099
1500077972259,-7.587839,2.4367256,0.081383765
1500077972323,-8.104865,0.42606795,0.359046
1500077972387,-12.719804,-1.8814012,-0.78032666
1500077972451,-13.188957,-2.34098,-2.427151
1500077972514,-12.451715,-1.9867213,-2.819708
1500077972578,-15.754939,-1.9196993,-0.40691882
1500077972642,-16.28154,-3.6622694,2.1973617
1500077972705,-12.920869,-6.151655,-0.32074776
1500077972769,-9.924032,-8.124015,-0.32074776
1500077972833,-14.43365,-5.3569665,-3.5952475
1500077972897,-15.228338,-0.36862057,-4.016528
1500077972960,-12.9591675,1.3452257,-1.2207564
1500077973024,-12.8538475,-1.4218222,-0.9430942
1500077973088,-13.974071,-1.0196906,-3.4612036
1500077973152,-10.82404,0.63670826,-3.7005677
1500077973215,-8.822957,1.1728836,-2.0824668
1500077973280,-10.383611,-3.2409887,-1.1824582
1500077973343,-10.919786,-1.6803354,-0.4164934
1500077973406,-9.943181,-0.512239,-1.6516117
1500077973470,-14.443225,-0.0718092,-3.5473747
1500077973534,-18.378368,-3.0494976,-0.36862057
1500077973597,-16.798567,-7.176133,1.1633091
1500077973661,-14.807057,-6.8793216,0.16755481
1500077973725,-10.249567,-6.3431463,-0.062234644
1500077973789,-11.963413,-4.6005764,-2.5899186
1500077973852,-12.8538475,-2.2356598,-3.5473747
1500077973916,-11.838944,0.081383765,-0.85692316
1500077973980,-13.0549135,-1.8239537,-1.0867126
1500077974044,-15.027272,0.4835153,-3.4037561
1500077974107,-10.469782,5.806971,-2.9537518
1500077974171,-8.411251,1.2973529,-1.4792696
1500077974235,-12.930444,-0.26330042,-0.7228793
1500077974298,-12.202777,-0.71330476,-2.168638
1500077974362,-9.31126,1.6324625,-0.92394507
1500077974426,-12.020861,0.5505372,0.15798025
1500077974490,-16.607075,-5.002708,0.40691882
1500077974553,-15.276211,-8.899554,-2.8484318
1500077974617,-14.510246,-8.621892,-0.8473486
1500077974681,-12.279374,-5.7208,-1.0484143
1500077974744,-15.640044,-6.218677,-2.513322
1500077974808,-16.291115,-6.8122997,-2.7239625
1500077974872,-16.19537,-10.632549,-5.8931417
1500077974935,-16.137922,-14.969825,-11.676176
1500077974999,-11.034681,-9.454879,-6.697405
1500077975063,-3.0494976,-3.1452432,1.2016073
1500077975126,2.9633265,0.37819514,5.5771813
1500077975190,4.849515,-0.45479164,4.9069624
1500077975255,2.8292825,-0.85692316,2.800559
1500077975319,3.7867386,1.3165021,3.7484405
1500077975382,6.630383,0.76117754,6.2378263
1500077975445,7.961247,0.14840569,8.32508
1500077975509,11.551707,-0.043085523,8.880404
1500077975573,12.2410755,0.8760723,6.218677
1500077975636,8.832532,-0.39734426,4.2558923
1500077975700,5.2899446,-0.9526688,3.6143966
1500077975764,4.1888704,-0.8664977,3.2218397
1500077975828,6.458041,-0.92394507,3.8058877
1500077975892,9.75169,-1.1728836,6.6495323
1500077975955,10.527229,-2.1207652,9.138918
1500077976019,10.335738,-1.6707608,9.062322
1500077976082,7.2335806,-3.7197168,5.4239883
1500077976146,5.759098,-1.3548003,3.7292912
1500077976211,3.6335456,-0.014361841,3.0686467
1500077976274,5.041006,0.110107444,4.581427
1500077976337,7.1665583,-0.77075213,8.55487
1500077976402,8.9761505,0.14840569,9.272962
1500077976465,9.20594,-0.3877697,9.234664
1500077976528,10.000628,-0.40691882,6.47719
1500077976592,7.0995364,-1.0962871,5.529309
1500077976657,5.002708,-0.8856468,3.7292912
1500077976720,2.34098,0.39734426,3.9782298
1500077976783,3.2888615,0.16755481,4.772918
1500077976847,5.347392,0.6558574,6.1612296
1500077976911,2.6186423,-3.3367343,3.8537605
1500077976975,-1.9196993,-3.1165195,-3.3558834
1500077977038,-12.499589,-4.5622783,-10.919786
1500077977102,-19.603912,-10.316589,-2.9824755
1500077977166,-19.603912,-4.0356774,-7.2623043
1500077977229,-15.458128,-4.648449,-5.2133484
1500077977293,-16.15707,-2.9633265,2.3792782
1500077977357,-14.471948,-8.909128,-5.4718614
1500077977420,-11.417664,-9.770839,-7.2910275
1500077977484,-7.922949,-6.9463434,-0.13883112
1500077977548,-13.926198,-4.6293,-2.4845984
1500077977612,-15.908133,-3.3750327,-5.309094
1500077977675,-15.544299,-0.5313881,-4.1409974
1500077977739,-14.558119,-0.9430942,-2.6377914
1500077977803,-15.180466,0.42606795,-3.1835413
1500077977866,-8.889979,7.1474094,-2.9154537
1500077977930,-8.928278,2.254809,-1.1824582
1500077977994,-13.907049,2.0441687,-1.3739494
1500077978057,-14.050668,-1.0196906,-2.972901
1500077978121,-12.987891,-0.8090504,-4.4473834
1500077978185,-16.17622,-0.14840569,-0.77075213
1500077978249,-17.066654,-2.7909844,1.5367169
1500077978312,-14.921952,-6.831449,-1.6420372
1500077978376,-12.327247,-7.501668,-1.5654407
1500077978441,-12.116607,-4.504831,-1.3165021
1500077978504,-15.381532,-1.3739494,-2.905879
1500077978568,-14.567694,0.4356425,-2.4175766
1500077978631,-13.514492,0.11968201,-1.6994845
1500077978695,-14.730461,-1.383524,-2.6569405
1500077978758,-13.351725,4.1409974,-3.1356685
1500077978822,-7.654861,4.811217,-1.7282082
1500077978886,-8.55487,0.71330476,0.4356425
1500077978949,-13.907049,0.37819514,-2.0728924
1500077979013,-12.987891,-1.4313968,-2.8101335
1500077979077,-12.403843,-0.5505372,-3.3941817
1500077979141,-16.51133,-0.32074776,0.0718092
1500077979206,-17.238997,-3.930357,1.1633091
1500077979268,-14.175137,-6.697405,-1.5079932
1500077979332,-10.852764,-7.003791,-0.98139244
1500077979396,-14.529395,-4.1409974,-2.8388572
1500077979460,-13.485768,-0.19627848,-2.5516202
1500077979523,-12.719804,0.78990126,-1.3643749
1500077979587,-15.103869,-1.4026731,-1.7473572
1500077979650,-16.425158,0.46436617,-3.1835413
1500077979714,-9.320834,6.4293175,-2.666515
1500077979778,-6.898471,2.1973617,-0.39734426
1500077979841,-13.370873,2.8580062,-1.1345854
1500077979905,-14.74961,-0.4356425,-1.5654407
1500077979969,-12.662356,-0.70373017,-3.4324799
1500077980032,-15.075146,0.359046,-2.647366
1500077980096,-16.817715,-4.428234,2.1207652
1500077980160,-14.87408,-9.904882,-2.0441687
1500077980224,-12.978316,-6.218677,-3.7963133
1500077980287,-15.266637,-6.6878304,-5.692076
1500077980351,-18.263474,-3.2601378,-4.868664
1500077980415,-16.72197,0.7324539,-2.867581
1500077980478,-14.950676,0.36862057,-2.5994933
1500077980542,-13.1602335,0.32074776,-1.5654407
1500077980606,-10.661273,3.777164,-1.1537346
1500077980669,-6.7548523,5.7016506,-0.6845811
1500077980733,-10.651698,1.3165021,0.7324539
1500077980797,-14.232584,-0.0718092,-0.36862057
1500077980861,-13.945347,-0.59841,-3.3175852
1500077980924,-14.20386,0.00478728,-4.6388745
1500077980988,-17.104952,-1.7377827,-0.9526688
1500077981052,-16.72197,-5.328243,-0.09095833
1500077981116,-13.734707,-5.021857,-2.8963046
1500077981179,-10.105948,-8.516571,-3.499502
1500077981244,-11.810221,-6.9080453,-3.671844
1500077981307,-15.802812,-1.4984187,-3.499502
1500077981370,-14.74961,0.5505372,-2.360129
1500077981434,-14.232584,-0.110107444,-1.3165021
1500077981498,-16.061325,-1.3452257,-2.6760898
1500077981562,-13.715558,3.7101421,-3.3941817
1500077981625,-9.29211,4.763344,-3.5665238
1500077981689,-6.4197426,0.23457673,-0.081383765
1500077981753,-12.557036,-0.5313881,-0.85692316
1500077981816,-13.725132,-1.9867213,-3.604822
1500077981880,-13.571939,-1.1058618,-4.2558923
1500077981944,-17.018782,-0.50266445,-0.8281995
1500077982008,-16.38686,-4.3995104,2.7239625
1500077982071,-13.571939,-5.079304,0.15798025
1500077982135,-11.637878,-6.5825105,-1.1728836
1500077982199,-13.533641,-3.8154624,-2.8580062
1500077982262,-15.008123,-0.71330476,-3.193116
1500077982326,-12.67193,0.93351966,-1.4122477
1500077982390,-12.662356,-0.4356425,-1.6803354
1500077982454,-13.801729,-1.0388398,-3.2601378
1500077982517,-11.331492,4.476107,-3.4420545
1500077982581,-8.181462,2.88673,-1.4122477
1500077982645,-11.800646,1.4601204,-0.6271337
1500077982708,-13.801729,-0.44521707,-2.3697038
1500077982772,-11.896391,-1.0484143,-3.6814184
1500077982836,-13.045339,-0.49308985,-1.6899099
1500077982900,-15.285786,-1.4409714,0.751603
1500077982963,-16.942184,-5.38569,-1.0196906
1500077983027,-12.978316,-6.256975,-0.6750065
1500077983091,-9.684668,-7.6452866,-0.2920241
1500077983154,-14.280457,-4.772918,-3.212265
1500077983218,-15.668768,-0.6079846,-3.4612036
1500077983282,-13.44747,0.4164934,-1.5175679
1500077983346,-13.543216,-1.0867126,-1.4218222
1500077983409,-16.032602,-2.3792782,-3.451629
1500077983474,-13.705983,3.518651,-5.1176023
1500077983537,-5.653778,3.930357,-1.383524
1500077983601,-9.722966,2.733537,-1.2016073
1500077983664,-15.687918,-0.83777404,-3.2984362
1500077983728,-14.366628,-0.8952214,-3.1452432
1500077983791,-15.228338,-0.5505372,-2.8771553
1500077983855,-16.233667,-4.926111,0.03351096
1500077983919,-14.280457,-5.079304,0.70373017
1500077983983,-12.58576,-5.82612,-0.39734426
1500077984046,-11.312344,-6.4197426,-1.1154363
1500077984110,-16.061325,-2.149489,-3.3941817
1500077984174,-14.787909,0.17712937,-2.580344
1500077984238,-13.016615,0.17712937,-0.9526688
1500077984301,-12.968742,-1.709059,-2.0250196
1500077984365,-13.284702,-0.5218136,-3.126094
1500077984430,-8.822957,4.236743,-1.948423
1500077984492,-7.7793303,1.8526775,-0.5792609
1500077984565,-13.830453,0.2154276,-1.8718265
1500077984620,-14.136839,-1.8718265,-2.0824668
1500077984684,-11.915541,-1.1345854,-3.5856729
1500077984747,-14.625141,-1.4122477,-0.19627848
1500077984811,-17.91879,-5.6633525,4.6005764
1500077984875,-15.764514,-9.512326,1.9196993
1500077984938,-14.883655,-4.0069537,1.8909757
1500077985002,-13.093211,-7.2240057,-2.4367256
1500077985066,-17.219847,-7.051664,-1.709059
1500077985130,-17.440062,-10.71872,0.99096704
1500077985193,-19.11561,-16.377285,-4.935686
1500077985257,-16.999632,-15.831535,-5.6250544
1500077985321,-9.29211,-12.020861,-3.499502
1500077985384,-3.6622694,-5.7208,-0.2920241
1500077985448,1.622888,1.1345854,2.7718353
1500077985512,0.7420284,0.7420284,2.149489
1500077985576,0.59841,-0.10053288,3.2409887
1500077985639,-0.03351096,0.3398969,4.456958
1500077985703,3.5665238,2.0728924,7.721883
1500077985767,7.7601814,1.3165021,9.272962
1500077985830,10.354887,0.83777404,7.894225
1500077985894,7.46337,2.513322,7.999545
1500077985959,6.850598,3.7484405,6.745278
1500077986022,7.482519,2.561195,4.96441
1500077986085,7.0325146,0.71330476,5.17505
1500077986149,5.6633525,-0.8186249,4.9835587
1500077986213,8.056993,-1.0292653,5.3569665
1500077986276,10.125097,0.22500217,5.979313
1500077986340,8.430401,1.5941644,8.602742
1500077986404,8.411251,1.9867213,8.258059
1500077986468,6.4197426,1.3643749,5.0314317
1500077986531,5.7495236,-1.0771381,3.8537605
1500077986596,4.954835,1.1250108,4.4856815
1500077986660,5.567607,4.3995104,4.466532
1500077986723,6.438892,6.2665496,7.0133657
1500077986786,6.3527207,5.960164,7.2335806
1500077986850,6.7740016,5.519734,4.8973875
1500077986914,7.721883,6.486765,3.3271596
1500077986977,7.3676243,5.7303743,1.8431029
1500077987041,6.2952733,3.059072,1.4026731
1500077987105,4.7920675,4.504831,2.2835326
1500077987169,6.639958,7.1665583,3.078221
1500077987232,8.439975,7.7793303,3.2409887
1500077987296,7.2527294,7.8367777,3.4037561
1500077987360,7.2144313,7.894225,3.8346114
1500077987423,6.5537868,5.0984535,5.787822
1500077987487,4.7537694,4.5622783,5.3569665
1500077987551,6.438892,1.6803354,3.451629
1500077987614,8.363379,2.9346027,3.2218397
1500077987678,9.665519,0.6271337,3.3941817
1500077987742,11.005958,-2.101616,3.1356685
1500077987806,12.614484,1.4409714,0.8664977
1500077987869,11.38894,-0.56011176,-1.5941644
1500077987933,10.364462,-3.4612036,-2.905879
1500077987997,6.017611,-6.486765,-2.7431116
1500077988060,4.581427,-4.887813,-0.9526688
1500077988124,3.0973704,-5.988888,-0.63670826
1500077988188,-0.8856468,-5.433563,0.59841
1500077988252,-6.37187,-3.9782298,-2.0537431
1500077988315,-13.782579,-4.887813,-7.501668
1500077988379,-15.123018,-10.900637,-10.441058
1500077988443,-12.011286,0.5313881,-5.7686725
1500077988506,-18.215601,12.56661,-0.9622433
1500077988571,-17.420912,-0.63670826,0.6750065
1500077988635,-13.782579,-7.501668,-3.451629
1500077988698,-11.350641,-10.307014,-4.4090853
1500077988762,-13.141085,-6.525063,-1.0579889
1500077988825,-16.884737,0.56968635,-1.14416
1500077988889,-16.319838,-0.36862057,-2.7814097
1500077988952,-13.303852,-0.18670394,-2.0633178
1500077989016,-12.5474615,-1.2686293,-1.7569319
1500077989080,-13.859177,-1.9771467,-3.1165195
1500077989144,-10.469782,5.2516465,-4.3133397
1500077989207,-6.975067,3.5473747,-1.8909757
1500077989271,-10.795317,-0.33032233,-4.4090853
1500077989335,-13.820878,-2.867581,-3.9590807
1500077989399,-12.336822,-1.8335283,-3.671844
1500077989463,-14.414501,0.56011176,-0.6845811
1500077989526,-17.143251,-2.2069361,1.4122477
1500077989590,-16.061325,-6.3144226,-1.0292653
1500077989653,-14.175137,-7.329326,0.47394073
1500077989717,-11.312344,-6.065484,-0.751603
1500077989781,-14.931527,-1.862252,-3.0111992
1500077989844,-13.820878,-0.7994758,-2.2739582
1500077989908,-13.13151,-0.42606795,-1.1250108
1500077989972,-14.184711,-1.948423,-2.6186423
1500077990036,-13.99322,-0.9526688,-3.8346114
1500077990099,-8.00912,4.5239797,-2.187787
1500077990163,-6.438892,1.3548003,-1.1345854
1500077990227,-13.763431,-1.0675635,-2.5707695
1500077990291,-13.476193,-3.7292912,-3.1069448
1500077990354,-10.92936,-1.0675635,-4.658024
1500077990418,-14.74961,-0.043085523,-0.09095833
1500077990482,-17.708149,-4.3803616,3.2026904
1500077990545,-15.343233,-9.876159,-0.110107444
1500077990609,-15.448553,-5.021857,1.0867126
1500077990673,-14.299606,-3.8920588,-2.0441687
1500077990736,-14.404926,-1.9867213,-3.5760984
1500077990800,-12.815549,-1.2207564,-1.5079932
1500077990864,-12.221927,-1.4409714,-1.2207564
1500077990928,-13.208106,-2.9250283,-3.3941817
1500077990991,-11.886817,1.2973529,-2.9824755
1500077991055,-7.9037995,3.365458,-1.1824582
1500077991119,-9.234664,1.2686293,-1.5558661
1500077991182,-14.64429,-1.862252,-3.2697124
1500077991246,-12.681505,-3.020774,-2.9633265
1500077991310,-13.801729,-1.2973529,-3.4420545
1500077991374,-16.013453,-2.3697038,1.7856555
1500077991437,-16.884737,-6.256975,1.6133134
1500077991501,-13.926198,-6.486765,1.2973529
1500077991565,-13.00704,-6.5346375,-0.10053288
1500077991628,-16.674097,-4.0644007,-4.5527034
1500077991692,-16.042175,-0.2441513,-3.604822
1500077991756,-13.045339,0.39734426,-0.6750065
1500077991819,-11.838944,-2.0441687,-1.79523
1500077991883,-12.059159,-3.4037561,-3.604822
1500077991947,-9.991054,3.3750327,-2.3888528
1500077992011,-8.095291,3.671844,-2.149489
1500077992074,-13.840027,0.5505372,-2.972901
1500077992138,-14.53897,-2.8484318,-3.078221
1500077992202,-12.442142,-2.6377914,-4.121848
1500077992265,-13.926198,-0.64628285,-0.7324539
1500077992329,-16.118773,-2.5324712,3.2984362
1500077992393,-17.353891,-9.043172,-0.30159867
1500077992457,-15.218764,-9.971905,0.7324539
1500077992520,-13.112361,-3.8154624,0.19627848
1500077992584,-16.243242,-1.6899099,-2.4463003
1500077992648,-14.759185,-2.1590633,-1.7856555
1500077992711,-12.968742,-2.321831,-2.254809
1500077992775,-13.093211,-2.5899186,-2.8963046
1500077992839,-12.135756,0.33032233,-1.9962958
1500077992903,-7.8272033,3.173967,-0.90479594
1500077992966,-7.9708214,2.1782124,-1.7665064
1500077993030,-13.150659,-1.6899099,-2.2835326
1500077993094,-13.571939,-2.8388572,-2.2739582
1500077993157,-12.260224,-1.6707608,-1.5367169
1500077993221,-14.069817,-2.1111906,-0.70373017
1500077993285,-16.252817,-4.6771727,-0.14840569
1500077993348,-16.645372,-7.999545,1.8143792
1500077993412,-14.069817,-8.143164,2.9250283
1500077993476,-11.149575,-6.2378263,1.7856555
1500077993540,-13.284702,-4.121848,-0.3111732
1500077993603,-13.504917,-2.2452345,-1.383524
1500077993668,-12.394268,-1.6133134,-1.9101248
1500077993732,-13.916624,-2.2452345,-2.0058703
1500077993795,-15.190041,-1.2207564,-2.4654493
1500077993867,-11.140001,0.7994758,-1.2303311
1500077993922,-7.9420977,3.0494976,-2.5324712
1500077993986,-11.197449,0.50266445,-2.3026817
1500077994049,-14.251733,-2.408002,-2.6856642
1500077994113,-12.288948,-2.5228968,-0.98139244
1500077994177,-12.949593,-1.709059,0.8664977
1500077994241,-15.9177065,-4.0261025,1.5750152
1500077994304,-16.607075,-6.4676156,2.819708
1500077994368,-13.112361,-8.085716,3.3558834
1500077994432,-9.876159,-8.21976,1.2686293
1500077994496,-13.8879,-4.303765,0.8473486
1500077994559,-14.720886,-2.1207652,0.2441513
1500077994623,-13.514492,-1.6707608,-0.15798025
1500077994686,-13.016615,-1.8335283,-1.4313968
1500077994750,-13.0549135,0.3111732,-1.2207564
1500077994814,-10.144247,2.9441774,-1.4505459
1500077994877,-8.966576,2.254809,-2.3026817
1500077994941,-14.318755,-0.4356425,-2.4175766
1500077995005,-14.09854,-2.8580062,-1.9771467
1500077995069,-12.183628,-2.6856642,-0.6079846
1500077995132,-14.692163,-0.44521707,0.56968635
1500077995196,-16.760267,-2.9441774,1.2207564
1500077995260,-15.5060005,-7.0708127,-0.3398969
1500077995323,-10.555953,-8.55487,-1.2111819
1500077995387,-10.891063,-8.047418,-1.7569319
1500077995451,-14.902803,-3.0877957,-0.76117754
1500077995515,-14.682589,-1.8431029,-0.92394507
1500077995578,-14.625141,-1.0101161,-1.2494801
1500077995642,-16.86559,-1.1345854,-1.0388398
1500077995706,-14.366628,2.5516202,-1.1920328
1500077995770,-8.564445,4.150572,-1.1154363
1500077995833,-9.407005,1.8526775,-1.8239537
1500077995897,-14.385777,-1.0292653,-2.2452345
1500077995961,-13.265553,-2.3888528,-0.69415563
1500077996024,-11.781497,-2.0441687,0.54096264
1500077996088,-13.658111,-2.5516202,1.9196993
1500077996152,-14.74961,-4.543129,3.193116
1500077996215,-13.514492,-6.716554,3.5282254
1500077996279,-11.551707,-7.654861,3.1356685
1500077996343,-13.44747,-4.3612123,1.1728836
1500077996407,-15.352808,-2.733537,-0.56011176
1500077996470,-13.7730055,-1.8335283,-0.751603
1500077996534,-14.596417,-2.475024,-1.0771381
1500077996598,-15.793238,-1.7377827,-1.1154363
1500077996662,-10.259142,4.3707867,-2.8580062
1500077996725,-7.4920936,5.7016506,-3.039923
1500077996789,-12.67193,1.8814012,-1.9388485
1500077996853,-14.941102,-0.8760723,-2.2165108
1500077996916,-12.327247,-0.8281995,-0.512239
1500077996980,-12.758101,-1.1920328,1.0675635
1500077997044,-15.381532,-2.2260852,4.0644007
1500077997108,-17.995386,-5.4718614,6.4484663
1500077997171,-14.280457,-6.256975,4.6675982
1500077997235,-10.5080805,-7.6835847,1.79523
1500077997299,-15.017698,-3.8920588,-0.05266008
1500077997362,-16.032602,-2.0250196,-1.7856555
1500077997426,-13.705983,-1.1728836,-1.7665064
1500077997490,-13.820878,-0.8186249,-2.2452345
1500077997554,-13.763431,1.5845897,-1.0867126
1500077997617,-10.287866,4.5622783,-1.709059
1500077997681,-9.215514,3.9016335,-1.8335283
1500077997745,-13.150659,0.8281995,-0.85692316
1500077997808,-14.108115,-1.5750152,-0.4164934
1500077997872,-10.967659,-3.8729098,1.1920328
1500077997936,-12.394268,-4.0739756,2.360129
1500077998000,-14.146413,-5.28037,2.9346027
1500077998063,-14.471948,-6.2665496,4.9452605
1500077998127,-13.907049,-6.745278,4.2463174
1500077998191,-10.364462,-6.7069798,2.6856642
1500077998254,-13.552791,-5.194199,1.0005416
1500077998318,-13.6676855,-2.88673,-0.7994758
1500077998382,-12.537887,-0.8186249,-0.14840569
1500077998446,-12.949593,-4.2941904,-0.5218136
1500077998509,-13.562365,-1.929274,-0.28244954
1500077998573,-10.766593,1.4313968,-1.4888442
1500077998637,-9.043172,1.9867213,-1.5079932
1500077998700,-13.868751,-0.7994758,-0.00478728
1500077998765,-12.911295,-3.5090764,1.1537346
1500077998829,-9.569773,-4.236743,1.1537346
1500077998893,-12.126181,-1.8814012,1.4026731
1500077998955,-14.845356,-3.7005677,0.751603
1500077999019,-15.6113205,-5.021857,1.9962958
1500077999083,-12.729378,-5.06973,2.7622607
1500077999146,-10.71872,-6.821874,2.0058703
1500077999210,-14.452799,-5.299519,-1.4792696
1500077999274,-14.136839,-2.360129,-2.2835326
1500077999338,-11.848518,-1.0675635,-1.1920328
1500077999401,-12.825124,-2.5707695,-1.8431029
1500077999465,-14.165563,-0.83777404,-2.8580062
1500077999529,-10.709146,3.4899273,-2.733537
1500077999592,-8.832532,1.862252,-0.9718179
1500077999656,-14.146413,-0.34947145,-2.3026817
1500077999720,-13.00704,-3.0877957,-2.5324712
1500077999784,-10.881488,-3.2026904,-2.4367256
1500077999847,-13.705983,-1.3548003,-0.9622433
1500077999911,-15.381532,-2.867581,1.9579976
1500077999975,-15.726215,-6.8601727,0.59841
1500078000038,-12.490014,-7.693159,0.90479594
1500078000102,-12.049584,-7.616563,-0.42606795
1500078000166,-16.540052,-3.4899273,-4.150572
1500078000230,-14.519821,-0.5313881,-1.7856555
1500078000295,-13.227255,-1.1537346,-0.6271337
1500078000357,-14.376203,-3.0303483,-2.8771553
1500078000421,-14.64429,-2.0728924,-5.0505805
1500078000485,-9.493176,4.0931244,-2.3984275
1500078000548,-5.950589,3.2505634,-1.5845897
1500078000612,-12.451715,0.8856468,-3.5282254
1500078000676,-13.00704,-3.0973704,-2.254809
1500078000739,-12.174053,-2.0824668,-2.800559
1500078000803,-15.668768,-2.0537431,-1.8431029
1500078000867,-17.459211,-4.303765,1.2016073
1500078000931,-16.291115,-6.5059137,0.92394507
1500078000995,-13.074062,-7.0995364,1.929274
1500078001058,-10.900637,-7.2623043,-0.7324539
1500078001122,-14.787909,-2.6282167,-3.4037561
1500078001185,-13.351725,-0.16755481,-1.2016073
1500078001249,-12.67193,-1.2973529,-0.9430942
1500078001313,-14.136839,-2.6186423,-3.3750327
1500078001377,-13.916624,2.714388,-4.0931244
1500078001440,-9.349558,3.518651,-2.3697038
1500078001504,-11.791071,2.408002,-2.0441687
1500078001568,-13.849602,-1.0388398,-3.8729098
1500078001631,-11.360216,-0.78990126,-2.714388
1500078001695,-13.0549135,0.63670826,-1.9962958
1500078001759,-14.43365,-1.6133134,1.9005502
1500078001822,-15.314509,-4.763344,0.54096264
1500078001886,-13.964497,-7.348475,-1.383524
1500078001950,-12.145329,-5.9218655,0.47394073
1500078002014,-13.571939,-4.3803616,-2.034594
1500078002077,-15.352808,-1.9196993,-3.5473747
1500078002141,-12.834699,-0.64628285,-1.622888
1500078002205,-12.604909,-1.4218222,-1.0867126
1500078002268,-13.265553,-2.8580062,-2.7239625
1500078002332,-13.34215,-0.8473486,-3.7484405
1500078002396,-9.397431,0.6558574,-1.79523
1500078002460,-6.486765,0.27287498,-0.512239
1500078002523,-12.432567,-1.4409714,-1.8048047
1500078002587,-12.815549,-2.8963046,-1.776081
1500078002651,-10.747444,-2.3792782,-0.61755913
1500078002715,-13.686834,-1.9675722,-1.0675635
1500078002778,-16.26239,-4.5144053,-0.2441513
1500078002842,-14.941102,-8.55487,-0.14840569
1500078002906,-11.398514,-9.5889225,2.34098
1500078002969,-10.048501,-6.2378263,1.9579976
1500078003033,-12.25065,-5.979313,-1.0771381
1500078003098,-12.260224,-3.2026904,-1.5079932
1500078003161,-11.015532,-2.3888528,-0.78990126
1500078003233,-13.34215,-3.6814184,-1.709059
1500078003288,-12.940019,0.062234644,-1.2303311
1500078003352,-10.125097,2.513322,-0.359046
1500078003415,-11.025106,0.28244954,-0.92394507
1500078003479,-13.323001,-1.862252,-1.2399056
1500078003543,-10.431483,-2.3314054,-1.0867126
1500078003606,-10.000628,-1.0484143,-1.0579889
1500078003670,-13.380448,-2.5994933,0.2154276
1500078003734,-14.711312,-6.6878304,0.0718092
