1500078310719,6.3431463,-4.2941904,-6.47719
1500078310783,6.2665496,-4.342063,-6.4484663
1500078310848,6.37187,-4.342063,-6.438892
1500078310911,6.410168,-4.198445,-6.4005938
1500078310975,6.47719,-4.169721,-6.4197426
1500078311038,6.410168,-4.2463174,-6.4484663
1500078311102,6.4676156,-4.284616,-6.103782
1500078311165,6.668681,-4.275041,-6.2474008
1500078311229,6.630383,-4.2271686,-5.960164
1500078311293,6.639958,-4.2463174,-6.2091026
1500078311357,6.6495323,-4.351638,-6.2282515
1500078311421,6.630383,-4.389936,-6.065484
1500078311484,6.5537868,-4.4186597,-6.2761245
1500078311548,6.5059137,-4.476107,-6.323997
1500078311612,6.525063,-4.428234,-6.113357
1500078311675,6.458041,-4.4090853,-6.132506
1500078311739,6.3814445,-4.456958,-6.170804
1500078311803,6.525063,-4.495256,-6.3622956
1500078311866,6.438892,-4.5239797,-6.2761245
1500078311930,6.4293175,-4.5239797,-6.2091026
1500078311994,6.391019,-4.5239797,-6.180379
1500078312057,6.37187,-4.5335546,-6.2761245
1500078312121,6.4005938,-4.5144053,-6.2282515
1500078312185,6.4484663,-4.4090853,-6.1420803
1500078312249,6.544212,-4.466532,-6.285699
1500078312312,6.515488,-4.3707867,-6.2282515
1500078312376,6.4676156,-4.466532,-6.304848
1500078312440,6.438892,-4.3995104,-6.2665496
1500078312503,6.544212,-4.3612123,-6.1899533
1500078312567,6.5729356,-4.4090853,-6.2091026
1500078312631,6.5346375,-4.3133397,-6.2378263
1500078312695,6.525063,-4.342063,-6.2761245
1500078312758,6.525063,-4.2941904,-6.285699
1500078312822,6.5537868,-4.322914,-6.2474008
1500078312886,6.5059137,-4.275041,-6.2378263
1500078312949,6.563361,-4.2941904,-6.3431463
1500078313013,6.563361,-4.303765,-6.333572
1500078313077,6.6208086,-4.284616,-6.323997
1500078313141,6.5825105,-4.284616,-6.256975
1500078313204,6.5537868,-4.198445,-6.323997
1500078313268,6.563361,-4.198445,-6.285699
1500078313332,6.6016593,-4.198445,-6.256975
1500078313395,6.6495323,-4.2175937,-6.285699
1500078313459,6.6208086,-4.3707867,-6.170804
1500078313523,6.611234,-4.466532,-6.218677
1500078313587,6.563361,-4.456958,-6.1229315
1500078313650,6.515488,-4.504831,-5.787822
1500078313714,6.563361,-4.5910015,-6.0080366
1500078313778,6.6495323,-4.696322,-5.9697385
1500078313841,6.678256,-4.5527034,-6.0750585
1500078313905,6.5059137,-4.5622783,-5.960164
1500078313970,6.4963393,-4.543129,-6.017611
1500078314033,6.5825105,-4.581427,-6.0463347
1500078314096,6.592085,-4.6005764,-6.0846334
1500078314161,6.544212,-4.581427,-6.017611
1500078314225,6.5537868,-4.5622783,-6.0750585
1500078314287,6.525063,-4.466532,-6.065484
1500078314351,6.544212,-4.476107,-6.132506
1500078314416,6.563361,-4.5718527,-6.094208
1500078314480,6.5729356,-4.5144053,-6.0750585
1500078314543,6.525063,-4.4090853,-6.1612296
1500078314606,6.4676156,-4.456958,-6.2282515
1500078314670,6.515488,-4.456958,-6.1995277
1500078314734,6.5537868,-4.4856815,-6.2282515
1500078314797,6.5537868,-4.3995104,-6.218677
1500078314861,6.544212,-4.342063,-6.218677
1500078314925,6.4963393,-4.322914,-6.304848
1500078314988,6.5059137,-4.2941904,-6.304848
1500078315052,6.525063,-4.275041,-6.285699
1500078315116,6.544212,-4.275041,-6.323997
1500078315180,6.611234,-4.3133397,-6.3144226
1500078315243,6.6208086,-4.2463174,-6.2761245
1500078315307,6.6208086,-4.2558923,-6.2952733
1500078315371,6.5537868,-4.2080193,-6.2665496
1500078315434,6.630383,-4.1601467,-6.218677
1500078315499,6.611234,-4.275041,-6.256975
1500078315563,6.6016593,-4.303765,-6.2378263
1500078315627,6.6208086,-4.3612123,-6.2378263
1500078315689,6.5729356,-4.351638,-6.1995277
1500078315753,6.592085,-4.2654667,-6.1995277
1500078315817,6.6016593,-4.303765,-6.2091026
1500078315881,6.630383,-4.3612123,-6.1612296
1500078315944,6.6208086,-4.437809,-6.1229315
1500078316009,6.639958,-4.389936,-6.0846334
1500078316072,6.639958,-4.4090853,-6.1612296
1500078316135,6.611234,-4.466532,-5.9314404
1500078316199,6.6591067,-4.437809,-5.950589
1500078316264,6.678256,-4.5527034,-5.960164
1500078316327,6.6878304,-4.504831,-5.941015
1500078316391,6.6208086,-4.4856815,-5.9218655
1500078316454,6.6495323,-4.4856815,-5.941015
1500078316518,6.697405,-4.619725,-5.941015
1500078316582,6.611234,-4.6293,-5.9314404
1500078316645,6.668681,-4.581427,-5.9218655
1500078316709,6.7069798,-4.5910015,-5.9027166
1500078316773,6.6878304,-4.581427,-5.9027166
1500078316836,6.678256,-4.5144053,-5.960164
1500078316900,6.639958,-4.5622783,-5.9697385
1500078316964,6.6591067,-4.6005764,-5.960164
1500078317028,6.630383,-4.5527034,-5.941015
1500078317091,6.7261286,-4.456958,-5.9027166
1500078317155,6.697405,-4.466532,-5.9218655
1500078317219,6.745278,-4.476107,-5.960164
1500078317282,6.697405,-4.543129,-5.960164
1500078317346,6.6878304,-4.543129,-5.9218655
1500078317410,6.6878304,-4.5527034,-5.8835673
1500078317474,6.716554,-4.5144053,-5.912291
1500078317537,6.7357035,-4.5239797,-5.960164
1500078317601,6.764427,-4.5144053,-5.9697385
1500078317665,6.678256,-4.4473834,-5.797396
1500078317728,6.7740016,-4.456958,-5.998462
1500078317792,6.6878304,-4.543129,-6.027186
1500078317856,6.6495323,-4.581427,-5.941015
1500078317920,6.697405,-4.5718527,-5.8931417
1500078317983,6.7069798,-4.543129,-5.960164
1500078318047,6.7261286,-4.495256,-5.979313
1500078318111,6.8122997,-4.4473834,-5.912291
1500078318175,6.7931504,-4.3995104,-5.8548436
1500078318238,6.783576,-4.466532,-5.960164
1500078318302,6.7069798,-4.466532,-5.8931417
1500078318366,6.8122997,-4.4473834,-5.873993
1500078318429,6.8601727,-4.428234,-5.835695
1500078318493,6.7261286,-4.4856815,-5.82612
1500078318557,6.7261286,-4.3324885,-5.835695
1500078318621,6.869747,-4.581427,-6.113357
1500078318684,6.8410234,-4.466532,-5.845269
1500078318748,6.821874,-4.5144053,-5.9027166
1500078318812,6.821874,-4.5335546,-5.8644185
1500078318875,6.831449,-4.4186597,-5.7112255
1500078318939,6.7069798,-4.476107,-5.634629
1500078319003,6.7357035,-4.5527034,-5.653778
1500078319067,6.764427,-4.6293,-5.759098
1500078319130,6.8122997,-4.658024,-5.845269
1500078319194,6.764427,-4.6388745,-5.806971
1500078319258,6.745278,-4.5718527,-5.787822
1500078319321,6.7357035,-4.5144053,-5.7495236
1500078319385,6.7931504,-4.495256,-5.7686725
1500078319449,6.850598,-4.504831,-5.797396
1500078319513,6.8601727,-4.504831,-5.787822
1500078319576,6.7548523,-4.342063,-5.82612
1500078319640,6.8410234,-4.303765,-5.873993
1500078319704,6.8027253,-4.2654667,-5.950589
1500078319768,6.5825105,-4.3707867,-6.3144226
1500078319831,6.7931504,-4.121848,-6.37187
1500078319895,6.783576,-4.0739756,-6.323997
1500078319959,6.697405,-4.198445,-6.37187
1500078320022,6.611234,-4.169721,-6.323997
1500078320086,6.6016593,-4.121848,-6.2761245
1500078320150,6.592085,-4.1409974,-6.2378263
1500078320214,6.5537868,-4.198445,-6.1995277
1500078320277,6.5825105,-4.198445,-6.2474008
1500078320341,6.5537868,-4.275041,-6.333572
1500078320405,6.639958,-4.0548263,-6.218677
1500078320468,6.4963393,-4.1888704,-6.304848
1500078320532,6.525063,-4.0644007,-6.486765
1500078320596,6.5059137,-4.1888704,-6.458041
1500078320660,6.525063,-4.236743,-6.6016593
1500078320723,6.47719,-4.303765,-6.5059137
1500078320787,6.37187,-4.0069537,-6.323997
1500078320851,6.3431463,-4.150572,-6.410168
1500078320915,6.458041,-4.1888704,-6.525063
1500078320978,6.333572,-4.342063,-6.47719
1500078321042,6.3431463,-4.169721,-6.5825105
1500078321106,6.391019,-4.150572,-6.5346375
1500078321169,6.410168,-4.150572,-6.6208086
1500078321233,6.2665496,-4.08355,-6.5537868
1500078321297,6.180379,-4.198445,-6.5537868
1500078321361,6.1612296,-4.456958,-6.592085
1500078321425,6.3622956,-3.7101421,-6.2091026
1500078321488,6.4005938,-4.2463174,-6.764427
1500078321552,6.611234,-5.787822,-6.764427
1500078321615,7.1665583,-4.9835587,-4.868664
1500078321679,6.7357035,-5.672927,-1.5079932
1500078321743,5.299519,-5.2899446,-1.3452257
1500078321806,4.6771727,-7.089962,-3.5952475
1500078321870,2.494173,-12.375119,-6.697405
1500078321934,0.83777404,-10.019777,0.13883112
1500078321998,-1.79523,-10.144247,4.131423
1500078322061,-2.9633265,-8.305931,5.9314404
1500078322125,-3.0877957,-5.28037,6.8601727
1500078322189,-5.519734,-3.020774,7.7506065
1500078322252,-3.604822,-6.9463434,6.4197426
1500078322316,-0.8952214,-11.293194,4.0069537
1500078322380,-0.15798025,-8.085716,5.2037735
1500078322444,-0.59841,-9.320834,2.475024
1500078322507,-0.4164934,-8.545295,4.016528
1500078322571,0.081383765,-7.5591154,5.481436
1500078322635,-0.3111732,-9.320834,4.2558923
1500078322698,-0.30159867,-8.55487,3.9016335
1500078322762,-0.8281995,-9.320834,4.389936
1500078322826,-0.6271337,-8.23891,4.5335546
1500078322890,-0.8281995,-9.234664,4.3803616
1500078322953,-0.78032666,-10.19212,3.7675896
1500078323017,-1.5558661,-8.315506,4.8782387
1500078323081,-1.3452257,-7.0803876,5.988888
1500078323145,0.56011176,-9.474028,3.2601378
1500078323208,5.347392,-13.753856,-1.4984187
1500078323272,3.9878044,-10.460207,-0.16755481
1500078323336,2.819708,-8.506997,3.8633351
1500078323399,4.0261025,-5.7016506,5.653778
1500078323463,2.9250283,-10.259142,9.426155
1500078323527,8.32508,-10.699572,7.8367777
1500078323590,10.814466,-6.9463434,5.941015
1500078323654,11.111278,-3.7197168,4.868664
1500078323718,10.000628,-1.1345854,-0.05266008
1500078323782,5.8165455,-1.2973529,1.8335283
1500078323845,3.9590807,-3.4899273,0.85692316
1500078323909,3.5378,-3.5665238,0.40691882
1500078323974,5.2420716,-4.6867476,2.8101335
1500078324037,4.715471,-5.845269,4.389936
1500078324101,4.8207912,-5.8548436,4.6675982
1500078324164,4.9069624,-7.243155,5.06973
1500078324228,5.3186684,-7.702734,5.06973
1500078324292,4.916537,-6.6495323,4.0261025
1500078324355,4.8207912,-6.9942164,4.543129
1500078324419,4.5239797,-7.4250717,3.7388659
1500078324482,4.581427,-8.497422,2.9633265
1500078324546,4.3324885,-9.397431,3.997379
1500078324611,0.8760723,-7.9325233,0.5218136
1500078324675,-5.5963306,-5.49101,-0.99096704
1500078324737,2.015445,-5.17505,1.6611862
1500078324801,8.918703,2.561195,2.1399143
1500078324865,14.088965,3.4324799,5.9697385
1500078324928,-5.079304,-13.964497,2.2835326
1500078324992,-12.920869,-12.375119,12.9591675
1500078325056,-11.685751,-2.1782124,12.719804
1500078325120,-9.991054,-6.2474008,8.861256
1500078325183,-3.078221,-7.0325146,8.00912
1500078325247,0.71330476,-8.937852,3.9495063
1500078325311,0.2154276,-8.727212,4.4090853
1500078325374,-1.9005502,-6.678256,7.0133657
1500078325438,-2.149489,-7.0995364,6.9271946
1500078325502,-2.1111906,-6.783576,7.051664
1500078325566,-1.4409714,-6.3144226,6.5729356
1500078325629,-0.9430942,-6.630383,6.3814445
1500078325693,-0.3111732,-7.7984796,6.4197426
1500078325757,-0.61755913,-7.137835,6.410168
1500078325820,-2.7814097,-5.2516465,7.9037995
1500078325884,-1.4218222,-6.2474008,4.6675982
1500078325948,-2.714388,-6.4197426,7.999545
1500078326012,-1.4218222,-7.999545,8.056993
1500078326076,-2.1303396,-7.5974135,6.630383
1500078326140,-2.800559,-4.83994,6.8122997
1500078326204,-0.99096704,-6.5537868,5.452712
1500078326266,-1.1154363,-7.2910275,6.017611
1500078326330,-0.9430942,-7.5303917,6.017611
1500078326394,-1.5941644,-6.850598,5.998462
1500078326458,2.3122563,-11.810221,0.3398969
1500078326521,3.3941817,-11.082554,0.14840569
1500078326585,3.5378,-9.569773,-1.6516117
1500078326649,3.078221,-9.598496,-0.37819514
1500078326713,-0.359046,-7.0995364,4.5239797
1500078326776,1.3739494,-7.7314577,3.5856729
1500078326840,3.7484405,-9.6942425,-3.930357
1500078326904,2.972901,-8.957002,-3.1069448
1500078326967,2.494173,-9.924032,-2.5707695
1500078327031,3.7867386,-8.258059,-7.7601814
1500078327095,2.8484318,-9.617646,0.7228793
1500078327159,1.5654407,-9.799562,-0.39734426
1500078327222,-2.5994933,-10.938935,-0.56011176
1500078327286,-2.513322,-10.412334,4.8590894
1500078327350,-2.6282167,-7.9899707,3.6814184
1500078327413,-2.2165108,-9.397431,2.360129
1500078327477,-1.4792696,-6.7069798,1.9867213
1500078327541,-0.5218136,-10.785743,0.85692316
1500078327605,-1.0867126,-8.765511,2.4558747
1500078327668,-3.3558834,-10.29744,3.9399316
1500078327732,-2.321831,-12.030436,1.9962958
1500078327796,-0.05266008,-9.799562,1.1633091
1500078327859,-0.16755481,-7.204857,1.2016073
1500078327923,-0.9430942,-7.808054,1.7665064
1500078327987,-0.40691882,-8.487848,1.383524
1500078328050,3.2984362,-11.360216,-1.7856555
1500078328114,4.9069624,-10.19212,-3.8824842
1500078328178,2.3314054,-7.7123084,-1.0196906
1500078328242,-2.6377914,-9.330409,-1.2782038
1500078328305,-2.3792782,-9.196365,-4.2654667
1500078328369,-3.7388659,-6.438892,-3.997379
1500078328433,-0.28244954,-5.481436,-8.11444
1500078328496,4.849515,-7.8272033,-12.221927
1500078328560,3.4037561,-6.256975,-8.698488
1500078328624,-1.929274,-5.759098,-8.593168
1500078328688,-3.6431203,-7.0708127,-9.148493
1500078328751,-2.1399143,-8.813383,-10.268716
1500078328815,-1.0292653,-5.845269,-7.4250717
1500078328879,-1.3260766,-5.806971,-5.988888
1500078328943,-1.0388398,-6.180379,-8.028269
1500078329006,0.6079846,-4.2654667,-9.96233
1500078329071,4.169721,-5.0601554,-8.918703
1500078329134,6.5059137,-5.1176023,-8.32508
1500078329198,5.3952646,-9.818711,-5.2516465
1500078329261,3.2792869,-11.101703,-4.2175937
1500078329325,1.0484143,-11.867668,-3.1835413
1500078329388,1.1154363,-10.115523,-2.408002
1500078329452,0.70373017,-8.487848,-1.6516117
1500078329516,0.2441513,-7.1857076,-1.9196993
1500078329580,0.42606795,-8.248484,-2.5707695
1500078329643,0.13883112,-8.296356,-2.8771553
1500078329707,0.359046,-9.330409,-3.4324799
1500078329771,0.081383765,-9.684668,-3.0877957
1500078329835,-0.2154276,-10.71872,-3.9207826
1500078329898,-0.46436617,-10.278291,-2.9250283
1500078329962,-0.4164934,-9.004874,-2.015445
1500078330026,-0.3398969,-8.851681,-1.8048047
1500078330089,-0.6845811,-9.41658,-2.8484318
1500078330153,-0.9718179,-10.584677,-2.7431116
1500078330217,-1.79523,-10.393186,-1.9675722
1500078330281,-1.7377827,-9.407005,-1.622888
1500078330344,-1.7473572,-9.742115,-2.3505547
1500078330408,-1.0771381,-9.148493,-3.020774
1500078330472,-1.2207564,-8.717637,-3.6143966
1500078330535,-0.2920241,-7.12826,-4.610151
1500078330599,-0.13883112,-8.506997,-6.9463434
1500078330663,-0.5792609,-8.497422,-6.936769
1500078330727,0.22500217,-7.8655014,-5.9697385
1500078330790,-0.47394073,-8.516571,-5.82612
1500078330854,-0.85692316,-8.832532,-5.538883
1500078330918,-0.71330476,-8.459125,-4.73462
1500078330981,-0.71330476,-8.286782,-4.763344
1500078331045,-0.98139244,-8.066567,-4.4186597
1500078331109,-0.64628285,-8.181462,-5.088879
1500078331174,-0.98139244,-7.6452866,-4.648449
1500078331236,-1.3165021,-9.713391,-5.462287
1500078331301,-1.776081,-10.527229,-5.634629
1500078331373,-1.4888442,-9.004874,-3.9399316
1500078331428,-1.5175679,-7.9708214,-3.4037561
1500078331491,-1.8048047,-8.028269,-3.4803526
1500078331555,-2.149489,-8.851681,-4.1888704
1500078331619,-2.6090677,-8.688913,-4.2558923
1500078331682,-2.427151,-7.6452866,-3.5760984
1500078331746,-2.3697038,-6.984642,-3.4229054
1500078331810,-3.5378,-6.2761245,-3.5378
1500078331874,-5.108028,-5.155901,-3.844186
1500078331937,-5.309094,-3.5856729,-4.0739756
1500078332001,-5.8548436,-4.0739756,-5.3952646
1500078332066,-7.6835847,-4.926111,-5.7303743
1500078332129,-7.6835847,-5.088879,-3.844186
1500078332192,-8.152739,-5.17505,-3.231414
1500078332256,-10.144247,-4.7250457,-3.6239712
1500078332320,-8.842107,-8.439975,-6.0080366
1500078332383,-10.335738,-1.3548003,-4.73462
1500078332447,-7.855927,-6.170804,-6.103782
1500078332511,-9.7899885,-3.8346114,-5.960164
1500078332574,-10.06765,-2.2643836,-4.131423
1500078332638,-8.55487,-3.4229054,-3.7197168
1500078332702,-8.028269,-3.7484405,-4.0644007
1500078332766,-8.353804,-3.193116,-4.9069624
1500078332829,-8.353804,-3.2218397,-5.7208
1500078332893,-8.593168,-2.666515,-5.912291
1500078332957,-8.104865,-2.9346027,-5.7016506
1500078333020,-7.9899707,-2.8963046,-5.759098
1500078333084,-7.693159,-3.7101421,-5.481436
1500078333148,-7.4920936,-3.6622694,-5.5963306
1500078333212,-7.176133,-3.997379,-5.433563
1500078333275,-6.7548523,-4.0739756,-5.49101
1500078333339,-6.1899533,-4.169721,-5.5963306
1500078333403,-5.519734,-4.4186597,-5.605905
1500078333466,-5.1846247,-5.0122824,-5.5484576
1500078333530,-5.2420716,-5.376116,-5.232497
1500078333594,-5.1654754,-5.739949,-4.935686
1500078333658,-4.916537,-6.304848,-5.021857
1500078333721,-4.342063,-6.4005938,-4.9739842
1500078333785,-3.690993,-6.697405,-5.079304
1500078333849,-3.7197168,-7.482519,-5.376116
1500078333913,-4.236743,-7.9037995,-5.17505
1500078333976,-4.5239797,-8.258059,-4.5239797
1500078334041,-4.619725,-8.248484,-3.6431203
1500078334104,-4.5335546,-7.721883,-3.1069448
1500078334168,-4.2654667,-7.5591154,-3.2601378
1500078334231,-4.0069537,-7.329326,-3.8824842
1500078334296,-3.604822,-6.8888965,-4.9835587
1500078334360,-2.6952388,-6.716554,-8.23891
1500078334422,-2.0824668,-5.0505805,-10.134672
1500078334486,-1.862252,-3.6143966,-10.804892
1500078334551,-2.2356598,-2.4558747,-10.287866
1500078334614,-2.7622607,-2.7048132,-9.96233
1500078334677,-2.5516202,-3.825037,-9.866585
1500078334741,-1.4888442,-5.5580325,-7.5303917
1500078334805,0.76117754,-7.6069884,-6.592085
1500078334868,3.2601378,-5.0984535,-7.511243
1500078334932,3.930357,-4.198445,-7.1857076
1500078334996,3.4612036,-4.772918,-7.587839
1500078335059,3.2505634,-4.8207912,-7.434646
1500078335123,3.7101421,-6.3622956,-8.200611
1500078335187,4.2175937,-5.2516465,-6.831449
1500078335251,4.1792955,-6.611234,-5.5771813
1500078335315,3.1165195,-7.1474094,-4.811217
1500078335378,3.3175852,-7.6069884,-5.538883
1500078335442,3.4420545,-7.7984796,-6.3527207
1500078335506,3.5090764,-6.8027253,-5.979313
1500078335569,3.7005677,-6.3144226,-6.4197426
1500078335633,3.5473747,-6.5059137,-6.9463434
1500078335697,2.6282167,-6.544212,-6.8888965
1500078335761,3.365458,-7.482519,-6.0367603
1500078335824,3.7867386,-7.9037995,-6.850598
1500078335888,3.3080106,-8.506997,-7.2623043
1500078335952,2.7239625,-7.8655014,-5.1271772
1500078336015,2.733537,-7.8655014,-4.0261025
1500078336079,2.8388572,-9.397431,-3.3558834
1500078336143,2.1590633,-9.004874,-0.15798025
1500078336206,1.8718265,-8.708063,2.427151
1500078336271,1.9196993,-8.411251,4.1122737
1500078336334,2.0537431,-8.32508,4.6005764
1500078336398,2.2835326,-8.277207,5.021857
1500078336462,2.3697038,-7.3676243,6.0750585
1500078336525,2.2260852,-7.2144313,5.845269
1500078336589,2.0633178,-5.9027166,5.0601554
1500078336653,2.4558747,-10.172971,3.7867386
1500078336716,2.7622607,-7.396348,4.0931244
1500078336780,3.0303483,-8.928278,0.93351966
1500078336844,1.4792696,-8.55487,-3.5856729
1500078336907,1.8431029,-9.062322,-8.4686985
1500078336971,1.6420372,-9.129343,-5.041006
1500078337035,2.1303396,-8.066567,-6.285699
1500078337099,2.168638,-7.396348,-6.7548523
1500078337162,1.9579976,-7.2527294,-7.051664
1500078337226,2.034594,-7.0708127,-6.525063
1500078337290,1.6037389,-7.195282,-5.4431376
1500078337354,2.0728924,-7.8846507,-6.6495323
1500078337418,2.2356598,-7.0803876,-6.0846334
1500078337482,2.0441687,-7.396348,-6.323997
1500078337545,2.2165108,-7.5303917,-6.611234
1500078337608,1.4313968,-7.3197513,-6.6591067
1500078337672,1.5271424,-6.9654927,-6.2378263
1500078337736,1.776081,-8.593168,-8.784659
1500078337800,1.9101248,-8.047418,-7.769756
1500078337863,-0.40691882,-7.281453,-0.32074776
1500078337927,0.8090504,-9.004874,4.782493
1500078337991,1.9675722,-6.975067,4.5622783
1500078338055,1.4218222,-8.047418,3.7675896
1500078338118,0.78032666,-8.076141,6.285699
1500078338182,-0.28244954,-9.272962,3.518651
1500078338246,0.27287498,-8.813383,2.3505547
1500078338309,0.10053288,-9.129343,1.0675635
1500078338373,-0.11968201,-9.474028,-1.0579889
1500078338437,-1.2973529,-10.2016945,-1.8526775
1500078338501,-1.3930986,-11.379365,-5.28037
1500078338564,-1.3069274,-8.11444,-0.6750065
1500078338628,-1.3548003,-9.5889225,-2.6760898
1500078338692,-1.2494801,-9.675094,-3.8729098
1500078338755,-2.0824668,-9.062322,-1.6420372
1500078338819,-2.3792782,-9.301685,-1.9867213
1500078338883,-1.8048047,-9.033598,-3.6526947
1500078338947,-2.2452345,-8.066567,-2.6952388
1500078339010,-2.2643836,-9.780414,-3.173967
1500078339074,-1.8526775,-10.105948,-5.1176023
1500078339138,-1.9867213,-8.066567,0.665432
1500078339202,-2.3888528,-8.755936,3.9016335
1500078339265,-2.494173,-8.995299,2.513322
1500078339329,-4.2941904,-8.095291,3.231414
1500078339393,-4.935686,-5.481436,2.6952388
1500078339456,-6.438892,-7.788905,2.034594
1500078339520,-5.912291,-6.7261286,3.0877957
1500078339584,-5.0122824,-4.2941904,3.825037
1500078339648,-5.4718614,-3.6143966,3.997379
1500078339711,-7.4442205,-4.887813,3.6814184
1500078339775,-9.866585,-5.155901,3.5760984
1500078339839,-10.393186,-4.8973875,2.8963046
1500078339902,-10.852764,-6.1899533,2.972901
1500078339966,-11.542132,-0.78032666,6.7740016
1500078340030,-7.329326,-2.7239625,6.0080366
1500078340094,-8.516571,-5.2516465,3.365458
1500078340157,-7.9420977,-3.1165195,1.0196906
1500078340221,-8.7750845,-3.1069448,1.6899099
1500078340285,-8.382527,-1.3069274,2.7622607
1500078340348,-7.9899707,-3.1356685,2.7048132
1500078340412,-9.7899885,-3.6622694,2.4367256
1500078340476,-10.259142,-1.6133134,3.7963133
1500078340540,-8.066567,-2.6282167,2.2356598
1500078340603,-9.138918,-4.016528,-1.2111819
1500078340667,-8.9761505,-3.2888615,-0.37819514
1500078340731,-8.305931,-3.1548176,0.69415563
1500078340795,-9.828286,-4.4856815,1.5845897
1500078340858,-10.239992,-5.49101,-0.359046
1500078340922,-8.947427,-2.9633265,-2.2643836
1500078340986,-8.621892,-1.4313968,-1.6420372
1500078341049,-8.909128,-4.2271686,-1.5462915
1500078341113,-10.153821,-3.365458,-1.4218222
1500078341177,-9.64637,-1.6803354,0.05266008
1500078341241,-8.526146,-8.018694,-2.1303396
1500078341304,-9.349558,-0.90479594,0.99096704
1500078341369,-6.544212,-7.8655014,-5.5963306
1500078341433,-8.34423,-2.3888528,-3.5282254
1500078341496,-8.056993,-1.8048047,-2.187787
1500078341560,-8.688913,-3.126094,-2.733537
1500078341623,-8.842107,-2.0728924,-2.8292825
1500078341687,-8.803808,-1.9005502,-4.045252
1500078341751,-8.4686985,-5.0984535,-5.452712
1500078341814,-8.889979,-1.2111819,-3.5473747
1500078341878,-7.702734,-1.5845897,-5.376116
1500078341942,-9.809137,-0.9430942,-5.1176023
1500078342005,-10.833615,-5.7112255,-3.8633351
1500078342069,-9.3878565,-1.7665064,-2.3888528
1500078342133,-7.3389006,0.36862057,-5.3952646
1500078342196,-6.563361,-3.5282254,-6.7261286
1500078342261,-8.00912,-0.6558574,-5.002708
1500078342325,-8.056993,-0.85692316,-3.518651
1500078342389,-8.842107,-2.5899186,-4.763344
1500078342451,-9.550624,-1.7856555,-3.6143966
1500078342515,-11.551707,-2.2356598,-3.2026904
1500078342579,-10.239992,-1.0484143,-2.4845984
1500078342643,-10.594251,-2.3505547,-4.4186597
1500078342706,-10.555953,-4.5144053,-3.6431203
1500078342770,-9.196365,-6.4963393,-4.648449
1500078342834,-6.9080453,-7.3676243,-4.9739842
1500078342898,-5.1271772,-6.9559183,-2.88673
1500078342961,-3.690993,-6.5729356,-2.8963046
1500078343025,-2.5324712,-6.0559096,-3.126094
1500078343089,-3.5378,-6.065484,-5.17505
1500078343152,-5.002708,-5.567607,-6.47719
1500078343216,-5.0314317,-5.7112255,-6.630383
1500078343280,-3.7388659,-5.002708,-9.828286
1500078343343,-2.5420458,-5.079304,-8.803808
1500078343407,-0.90479594,-6.47719,-8.535721
1500078343471,-0.16755481,-6.2282515,-7.855927
1500078343535,-0.7228793,-7.1474094,-6.2665496
1500078343598,-0.5505372,-8.34423,-5.519734
1500078343662,-0.5218136,-7.434646,-3.1548176
1500078343726,-1.0292653,-7.587839,-2.2356598
1500078343790,-1.8431029,-11.465536,-3.7292912
1500078343853,-1.9867213,-10.632549,0.3877697
1500078343917,-2.3122563,-7.654861,1.9388485
1500078343982,-2.321831,-6.2474008,3.7963133
1500078344044,-1.1920328,-9.272962,4.2941904
1500078344109,-1.4122477,-7.176133,5.38569
1500078344172,-2.2356598,-8.746361,7.2623043
1500078344236,-1.4984187,-7.137835,7.3389006
1500078344300,-2.0824668,-7.176133,4.0931244
1500078344364,-2.88673,-8.478273,1.3069274
1500078344427,-2.475024,-10.737869,-1.1345854
1500078344491,-1.7377827,-9.914457,-2.714388
1500078344555,-1.8526775,-9.158067,-1.8814012
1500078344619,-2.427151,-8.11444,-0.83777404
1500078344683,-2.6569405,-8.459125,-2.9537518
1500078344745,-2.6569405,-9.818711,-3.997379
1500078344809,-2.9633265,-7.6740103,-5.500585
1500078344873,-3.1643922,-7.894225,-5.682502
1500078344937,-2.7622607,-7.549541,-5.4431376
1500078345000,-2.5037475,-7.846352,-5.4048395
1500078345064,-3.039923,-7.9516726,-5.941015
1500078345128,-3.020774,-7.9516726,-6.869747
1500078345192,-2.88673,-7.2623043,-5.4431376
1500078345255,-2.4654493,-7.482519,-4.801642
1500078345319,-2.1973617,-7.693159,-5.9027166
1500078345383,-3.3080106,-7.137835,-4.4090853
1500078345446,-3.212265,-7.702734,-4.8303657
1500078345510,-2.9824755,-7.3676243,-6.017611
1500078345574,-2.733537,-6.745278,-5.222923
1500078345637,-3.1548176,-7.587839,-4.9452605
1500078345701,-3.4324799,-7.3006024,-3.1356685
1500078345765,-3.7675896,-6.984642,-0.9526688
1500078345829,-5.38569,-4.0739756,-0.71330476
1500078345892,-8.459125,-8.727212,-2.4175766
1500078345956,-8.4686985,-7.9037995,0.19627848
1500078346020,-7.5399666,-6.8122997,2.2165108
1500078346084,-7.042089,-6.8888965,2.5037475
1500078346147,-7.8655014,-7.6452866,0.56968635
1500078346211,-8.9761505,-6.256975,2.0537431
1500078346275,-9.339984,-5.155901,1.4122477
1500078346338,-9.29211,-6.391019,-0.3111732
1500078346402,-9.770839,-5.3186684,0.20585304
1500078346466,-9.675094,-3.3271596,1.0292653
1500078346530,-9.435729,-2.3792782,1.0292653
1500078346594,-7.808054,-2.6760898,0.70373017
1500078346657,-8.631466,-0.3398969,1.9005502
1500078346722,-10.431483,0.49308985,1.6516117
1500078346784,-9.18679,-1.2111819,0.32074776
1500078346848,-9.684668,-4.954835,-3.6526947
1500078346912,-11.235746,-5.088879,-2.0728924
1500078346976,-12.078308,-2.427151,2.0920415
1500078347039,-7.5974135,-5.7495236,2.8484318
1500078347103,-8.315506,-3.5378,-1.3643749
1500078347167,-10.172971,2.9441774,-1.0771381
1500078347231,-10.2016945,3.059072,-1.2111819
1500078347295,-10.172971,-4.5910015,-2.3792782
1500078347358,-9.75169,-3.9016335,-1.4409714
1500078347422,-10.058076,-4.0548263,-1.3739494
1500078347485,-8.104865,-2.666515,-1.1824582
1500078347549,-8.688913,-3.6622694,-2.5228968
1500078347613,-6.6016593,-2.819708,-2.0058703
1500078347676,-8.200611,-8.11444,-3.4324799
1500078347740,-10.441058,-0.043085523,0.8856468
1500078347804,-9.991054,0.44521707,-1.79523
1500078347868,-9.761265,-3.2218397,-3.7292912
1500078347931,-9.799562,-3.4803526,-1.4026731
1500078347995,-8.44955,-5.7686725,-2.6952388
1500078348059,-5.9697385,2.0920415,-8.104865
1500078348122,-9.301685,-0.93351966,-5.2133484
1500078348186,-9.129343,-2.2931073,-3.8537605
1500078348250,-7.999545,-0.14840569,-2.7239625
1500078348314,-10.747444,-2.34098,-3.020774
1500078348377,-10.144247,-6.1995277,-6.094208
1500078348441,-9.100619,-1.8431029,-2.0824668
1500078348505,-6.544212,-0.54096264,-2.647366
1500078348569,-10.469782,-1.2399056,-5.3378177
1500078348632,-11.38894,-2.6186423,-4.581427
1500078348696,-9.62722,-3.212265,-2.168638
1500078348760,-10.374036,-0.8186249,-3.365458
1500078348823,-8.985725,-1.0484143,-4.0261025
1500078348887,-9.474028,-0.90479594,-3.9399316
1500078348951,-9.349558,-1.5367169,-3.0016246
1500078349015,-9.378282,-1.0579889,-3.2697124
1500078349078,-9.847435,-1.5558661,-3.9016335
1500078349142,-7.9516726,-2.9441774,-2.3505547
1500078349206,-9.177217,-2.360129,-2.5707695
1500078349269,-11.341067,-1.4888442,-2.5707695
1500078349333,-9.6942425,-1.4409714,-0.6750065
1500078349397,-9.550624,-1.3452257,0.7420284
1500078349461,-8.439975,-0.5505372,0.33032233
1500078349524,-7.0133657,-1.7569319,1.14416
1500078349588,-8.506997,-2.1399143,2.7239625
1500078349652,-9.138918,-4.0356774,1.4313968
1500078349715,-8.784659,-4.4856815,1.1537346
1500078349779,-8.688913,-4.2080193,1.6994845
1500078349843,-8.535721,-3.9686553,2.1590633
1500078349907,-8.420826,-3.8920588,2.4463003
1500078349970,-8.688913,-3.7292912,2.7239625
1500078350034,-9.158067,-4.0644007,2.733537
1500078350098,-8.200611,-4.3612123,1.6133134
1500078350162,-9.407005,-5.8644185,0.91437054
1500078350225,-10.220843,-5.759098,1.6611862
1500078350289,-8.7750845,-2.819708,1.929274
1500078350353,-7.042089,-2.3314054,1.1633091
1500078350416,-5.299519,-3.5952475,0.13883112
1500078350480,-4.351638,-4.83994,0.043085523
1500078350544,-5.0601554,-3.5569491,0.28244954
1500078350607,-9.617646,-1.9579976,-0.062234644
1500078350671,-18.110281,-2.7239625,-1.7186337
1500078350735,-18.043259,-2.867581,-4.7537694
1500078350799,-8.880404,-3.4420545,-0.9718179
1500078350862,-6.4005938,-0.93351966,1.2111819
1500078350926,-8.957002,2.88673,-0.3111732
1500078350990,-8.889979,0.6750065,-4.8973875
1500078351054,-6.6016593,0.30159867,-1.2973529
1500078351117,-9.301685,4.131423,1.2016073
1500078351181,-10.958084,1.1728836,1.2399056
1500078351246,-12.078308,-1.2973529,0.043085523
1500078351309,-12.528313,-3.8537605,1.2782038
1500078351372,-10.287866,-1.9388485,1.8048047
1500078351436,-11.522984,-2.3792782,0.17712937
1500078351499,-11.695326,-2.8101335,-0.91437054
1500078351564,-10.335738,-3.8537605,-1.6707608
1500078351628,-10.862339,-5.328243,-2.3984275
1500078351692,-11.609155,-6.984642,-5.3569665
1500078351755,-11.618729,-3.8346114,-1.6994845
1500078351818,-8.277207,-5.634629,-1.14416
1500078351882,-5.28037,-5.3952646,0.5792609
1500078351946,-2.905879,-7.922949,3.9495063
1500078352009,-4.466532,-10.345312,6.7548523
1500078352073,-5.28037,-12.480439,7.8272033
1500078352137,-4.8303657,-12.413418,7.0708127
1500078352201,0.23457673,-9.675094,5.998462
1500078352264,4.3324885,-8.688913,4.868664
1500078352337,5.1846247,-8.995299,4.2654667
1500078352392,5.1846247,-7.482519,4.916537
1500078352456,6.6208086,-6.4005938,4.696322
1500078352519,4.782493,-6.8410234,2.7814097
1500078352583,2.7622607,-5.108028,3.8633351
1500078352647,0.5313881,-4.3707867,4.236743
1500078352710,-0.12925656,-3.9495063,4.73462
1500078352774,2.7431116,-6.1420803,3.0494976
1500078352838,5.452712,-0.46436617,8.2676325
1500078352901,7.5303917,-3.039923,9.138918
1500078352965,6.9942164,-4.150572,5.3378177
1500078353029,7.195282,-4.7537694,2.9633265
1500078353093,7.195282,-5.06973,4.2271686
1500078353156,6.745278,-6.218677,4.1122737
1500078353220,6.323997,-7.3676243,2.1111906
1500078353284,7.243155,-6.4484663,4.8303657
1500078353347,5.529309,-5.2133484,2.9633265
1500078353411,4.4473834,-4.801642,4.2941904
1500078353475,6.1420803,-3.4037561,3.7963133
1500078353539,6.113357,-6.1420803,4.016528
1500078353602,7.0708127,-7.2527294,1.5750152
1500078353666,6.8888965,-8.056993,1.1058618
1500078353730,7.0708127,-8.832532,2.2165108
1500078353793,8.909128,-6.8122997,1.3548003
1500078353857,8.210186,-4.0644007,4.4856815
1500078353921,7.137835,-2.8484318,5.3186684
1500078353986,7.281453,-1.0388398,5.0314317
1500078354048,7.7984796,0.3111732,5.529309
1500078354112,7.4250717,-0.00478728,6.7931504
1500078354176,7.156984,0.2441513,7.4154973
1500078354239,6.323997,-1.0771381,6.9654927
1500078354303,4.5144053,-2.3697038,6.3527207
1500078354367,1.7856555,-1.0196906,12.920869
1500078354431,4.1026993,0.359046,8.459125
1500078354494,4.0739756,-1.948423,9.043172
1500078354558,3.1356685,-1.5558661,7.741032
1500078354622,1.3165021,-8.363379,3.1835413
1500078354685,-0.5313881,-3.825037,4.6293
1500078354749,-0.751603,-4.8303657,5.529309
1500078354813,0.76117754,-4.5910015,5.644203
1500078354877,2.867581,-6.458041,4.782493
1500078354940,2.101616,-13.763431,-2.580344
1500078355004,5.7495236,-12.336822,-4.916537
1500078355068,1.5558661,-10.0868,-1.3548003
1500078355132,2.800559,-15.027272,-4.1409974
1500078355195,3.5378,-12.413418,-3.930357
1500078355259,2.2739582,-11.254896,-2.647366
1500078355323,0.5792609,-10.0868,-0.751603
1500078355386,-2.7048132,-7.8272033,0.36862057
1500078355450,-6.6016593,-6.2761245,0.8186249
1500078355514,-11.072979,-5.0122824,1.1920328
1500078355578,-12.116607,-2.408002,0.77075213
1500078355641,-11.350641,-2.8580062,0.40691882
1500078355705,-11.4272375,-2.2739582,-0.34947145
1500078355769,-10.239992,-2.0250196,1.6994845
1500078355833,-10.709146,-2.88673,1.7569319
1500078355896,-10.776168,-3.997379,1.383524
1500078355960,-11.216598,-2.905879,2.8388572
1500078356024,-10.852764,-3.2697124,1.9962958
1500078356087,-11.130426,-2.7431116,2.3888528
1500078356151,-11.36979,-5.9027166,0.8760723
1500078356215,-9.512326,-7.0803876,0.22500217
1500078356279,-6.438892,-7.846352,-1.3452257
1500078356342,-3.5665238,-8.363379,-2.4463003
1500078356406,-2.0728924,-8.171887,-3.5665238
1500078356470,-1.2303311,-7.7314577,-3.8537605
1500078356533,-0.98139244,-8.315506,-4.9835587
1500078356597,-1.7665064,-8.899554,-4.801642
1500078356662,-2.0728924,-9.138918,-4.1888704
1500078356726,-1.7856555,-8.23891,-4.9069624
1500078356789,-0.6558574,-6.5346375,-4.916537
1500078356853,0.6558574,-6.4293175,-4.9452605
1500078356916,-0.30159867,-7.8655014,-5.222923
1500078356979,-1.2399056,-8.727212,-4.4856815
1500078357043,-7.137835,-10.814466,-0.27287498
1500078357107,4.801642,-8.784659,-6.8027253
1500078357171,0.56968635,-10.94851,-1.622888
1500078357234,-0.39734426,-9.885734,-0.61755913
1500078357298,1.469695,-9.378282,-5.8644185
1500078357362,2.2643836,-7.1186857,-7.243155
1500078357426,0.99096704,-7.2910275,-4.610151
1500078357489,-0.91437054,-11.570856,0.19627848
1500078357553,1.709059,-10.594251,-1.3452257
1500078357617,2.9633265,-7.501668,-2.6569405
1500078357680,2.5037475,-7.9803963,-5.9027166
1500078357744,2.168638,-10.239992,-2.513322
1500078357808,3.1835413,-8.928278,-2.8963046
1500078357872,3.5090764,-8.028269,-3.4612036
1500078357935,1.6133134,-9.885734,-5.538883
1500078357999,-0.023936402,-9.722966,-3.7388659
1500078358063,-2.5324712,-8.889979,-1.4792696
1500078358126,-0.50266445,-8.870831,-1.8909757
1500078358190,0.18670394,-9.770839,-2.7622607
1500078358254,-0.76117754,-9.359133,-3.7101421
1500078358318,-1.0675635,-8.937852,-3.5760984
1500078358381,-0.512239,-8.4686985,-3.7675896
1500078358445,-1.5845897,-7.3676243,-3.7388659
1500078358509,-1.6611862,-8.152739,-2.6569405
1500078358573,-2.1590633,-8.286782,-2.3505547
1500078358636,-3.231414,-7.204857,-2.101616
1500078358700,-4.2558923,-4.935686,-3.5378
1500078358764,-5.960164,-4.7537694,-4.2941904
1500078358827,-15.008123,-5.529309,-5.2420716
1500078358891,-17.842194,-6.6495323,-5.739949
1500078358955,-9.20594,-1.2782038,-1.8239537
1500078359019,-5.950589,-0.45479164,1.8909757
1500078359082,-10.460207,-3.4612036,-1.6994845
1500078359146,-10.383611,-4.3133397,-3.8537605
1500078359210,-9.177217,-2.4175766,-0.9430942
1500078359274,-9.177217,-2.2452345,-0.77075213
1500078359337,-10.919786,-2.0537431,-1.1537346
1500078359401,-11.28362,-0.9622433,-0.7420284
1500078359465,-10.144247,-0.30159867,-0.081383765
1500078359528,-8.602742,-1.9771467,0.36862057
1500078359592,-9.866585,-2.408002,0.16755481
1500078359656,-8.34423,-2.6569405,0.9622433
1500078359720,-9.330409,-4.131423,0.751603
1500078359783,-9.004874,-4.772918,0.03351096
1500078359847,-7.6740103,-5.06973,0.19627848
1500078359911,-7.6069884,-4.6388745,0.77075213
1500078359975,-8.00912,-4.0356774,0.20585304
1500078360038,-8.822957,-3.604822,-0.2920241
1500078360102,-8.803808,-3.4612036,-0.8090504
1500078360166,-9.579348,-2.2356598,0.0718092
1500078360229,-9.20594,-2.4175766,1.8814012
1500078360293,-10.498506,-2.1973617,2.5516202
1500078360357,-10.335738,-1.7186337,3.4420545
1500078360420,-9.263388,-2.2643836,3.4229054
1500078360484,-10.421909,-1.7665064,1.9005502
1500078360548,-9.5889225,-3.7484405,-0.17712937
1500078360612,-9.301685,-4.0739756,-0.50266445
1500078360675,-8.784659,-3.451629,-0.17712937
1500078360739,-7.195282,-3.7197168,0.03351096
1500078360803,-5.950589,-6.0080366,0.11968201
1500078360867,-6.7740016,-5.108028,-2.1590633
1500078360930,-8.6697645,-4.2654667,-0.12925656
1500078360994,-9.31126,-3.5569491,-0.78990126
1500078361058,-10.374036,-3.0973704,-0.91437054
1500078361121,-10.594251,-1.4888442,1.2973529
1500078361185,-9.024023,-0.9718179,2.0441687
1500078361249,-9.464453,-3.518651,-0.50266445
1500078361313,-9.502751,-3.4707782,-1.3069274
1500078361376,-8.957002,-2.6760898,-0.043085523
1500078361440,-9.3878565,-3.059072,-0.00478728
1500078361504,-9.809137,-2.6377914,1.5271424
1500078361568,-9.158067,-2.5707695,1.2016073
1500078361631,-8.822957,-2.149489,1.9101248
1500078361695,-9.598496,-2.0920415,-0.5313881
1500078361760,-9.5889225,-2.1303396,-1.0101161
1500078361823,-10.345312,-2.867581,0.27287498
1500078361886,-9.96233,-3.7675896,-1.1058618
1500078361951,-9.885734,-4.3612123,-1.5750152
1500078362013,-8.995299,-4.5335546,-3.6814184
1500078362077,-8.363379,-5.7112255,-5.519734
1500078362141,-7.156984,-4.935686,-6.151655
1500078362206,-5.873993,-5.347392,-6.3814445
1500078362269,-4.868664,-4.4186597,-6.4676156
1500078362333,-4.1792955,-4.935686,-6.7069798
1500078362396,-3.9686553,-5.6633525,-7.051664
1500078362459,-3.3175852,-6.639958,-7.204857
1500078362523,-3.059072,-7.4442205,-7.5303917
1500078362587,-2.0824668,-7.6835847,-7.1091113
1500078362651,-1.0867126,-8.191036,-6.869747
1500078362714,0.33032233,-8.124015,-6.0750585
1500078362778,1.2494801,-7.35805,-5.28037
1500078362842,1.6324625,-6.544212,-4.0069537
1500078362906,1.8335283,-7.2623043,-3.2697124
1500078362969,2.3697038,-8.191036,-3.2697124
1500078363033,3.2026904,-8.411251,-3.126094
1500078363097,3.4707782,-8.688913,-3.518651
1500078363160,2.6856642,-8.4686985,-2.4175766
1500078363224,3.193116,-8.909128,-1.7856555
1500078363288,3.9495063,-9.339984,-2.254809
1500078363352,3.6143966,-9.138918,-2.2069361
1500078363415,4.3133397,-8.535721,-2.6186423
1500078363479,2.9154537,-8.937852,0.14840569
1500078363543,3.2888615,-10.182545,-3.059072
1500078363606,3.5282254,-9.426155,-1.469695
1500078363670,2.2356598,-8.564445,0.40691882
1500078363734,3.0973704,-7.7506065,2.0824668
1500078363798,3.020774,-8.803808,0.46436617
1500078363861,-1.1250108,-12.116607,-1.1920328
1500078363925,-3.2792869,-10.910212,5.529309
1500078363989,-3.5378,-4.6771727,3.3750327
1500078364053,-1.5462915,-5.232497,0.665432
1500078364116,-2.733537,-6.7931504,-1.4505459
1500078364180,-6.4676156,-13.255979,-5.17505
1500078364244,-6.9942164,-11.408089,-6.0750585
1500078364307,-9.655944,-6.668681,-1.2303311
1500078364371,-10.757019,-3.7101421,1.2016073
1500078364435,-10.249567,-1.0388398,1.4601204
1500078364499,-10.364462,0.110107444,2.254809
1500078364562,-9.330409,-0.59841,4.131423
1500078364626,-8.995299,-2.0728924,1.6899099
1500078364690,-11.36979,-3.5760984,0.03351096
1500078364753,-9.770839,-1.0292653,2.88673
1500078364817,-9.971905,-5.2707953,-1.0388398
1500078364881,-9.0814705,-2.427151,1.2494801
1500078364945,-10.268716,-4.495256,-1.4601204
1500078365008,-8.813383,-7.156984,0.50266445
1500078365072,-6.9559183,-6.975067,0.40691882
1500078365136,-6.47719,-6.2952733,-1.5079932
1500078365200,-6.2761245,-7.0325146,-2.8963046
1500078365263,-5.960164,-4.1409974,0.56968635
1500078365327,-7.5303917,-4.801642,0.0718092
1500078365391,-8.4686985,-3.1835413,0.85692316
1500078365454,-8.631466,-2.7909844,1.8239537
1500078365518,-9.502751,-2.6760898,2.3314054
1500078365582,-11.618729,-2.1973617,4.1409974
1500078365645,-8.957002,0.37819514,6.0559096
1500078365709,-8.056993,-5.8548436,3.039923
1500078365773,-8.411251,-3.4037561,0.34947145
1500078365837,-10.048501,-4.4186597,1.5941644
1500078365900,-9.713391,-3.9495063,1.1154363
1500078365964,-10.642124,-3.7675896,3.9686553
1500078366028,-11.216598,-6.132506,2.2165108
1500078366091,-9.359133,-7.2623043,2.2643836
1500078366155,-8.104865,-7.1091113,1.5079932
1500078366219,-6.103782,-7.3676243,1.2399056
1500078366283,-3.825037,-8.028269,0.8952214
1500078366346,-2.0537431,-8.133589,1.3548003
1500078366410,-2.7814097,-7.788905,-0.13883112
1500078366474,-3.5378,-7.1474094,0.2154276
1500078366537,-3.6431203,-7.0803876,-0.34947145
1500078366601,-3.690993,-7.0708127,-1.469695
1500078366665,-3.8633351,-7.0325146,-1.5750152
1500078366729,-4.3324885,-8.229335,-1.0867126
1500078366792,-6.0559096,-9.407005,-1.4601204
1500078366856,-5.9027166,-8.363379,-1.1537346
1500078366920,-5.9218655,-8.191036,-2.4367256
1500078366984,-6.2474008,-7.281453,-2.561195
1500078367047,-6.975067,-6.9654927,-2.3505547
1500078367111,-7.2335806,-6.764427,-1.7569319
1500078367175,-7.0803876,-6.3814445,-1.622888
1500078367238,-6.4484663,-5.8931417,-0.8281995
1500078367302,-6.7931504,-6.563361,-1.0484143
1500078367366,-8.420826,-5.634629,-0.8090504
1500078367429,-9.339984,-4.763344,-0.2441513
1500078367493,-9.991054,-3.6622694,-0.023936402
1500078367557,-10.096374,-2.88673,-0.16755481
1500078367621,-9.96233,-2.9633265,0.665432
1500078367684,-12.001712,-3.2026904,-0.2441513
1500078367748,-10.642124,-1.5558661,0.05266008
1500078367812,-7.7601814,-1.3260766,0.6558574
1500078367875,-9.464453,-2.3697038,-1.4026731
1500078367939,-9.339984,-0.6750065,-0.30159867
1500078368003,-8.909128,-0.76117754,0.13883112
1500078368067,-9.474028,-0.90479594,-0.7324539
1500078368130,-10.153821,-1.0292653,-1.776081
1500078368194,-10.843189,0.023936402,-0.77075213
1500078368258,-12.126181,-0.39734426,-1.0771381
1500078368321,-10.058076,-0.36862057,0.10053288
1500078368385,-7.693159,0.93351966,0.61755913
1500078368449,-9.426155,0.4835153,-0.014361841
1500078368513,-10.661273,0.512239,-0.5218136
1500078368576,-9.569773,0.27287498,-0.15798025
1500078368640,-9.014449,-0.71330476,0.2920241
1500078368704,-9.244238,-1.1250108,0.05266008
1500078368768,-10.393186,-1.3643749,-0.16755481
1500078368831,-11.4272375,-0.751603,0.2441513
1500078368895,-12.336822,-0.59841,-0.33032233
1500078368959,-9.502751,0.7324539,0.09095833
1500078369022,-6.2091026,-0.90479594,0.33032233
1500078369086,-10.105948,-1.3548003,-1.948423
1500078369150,-11.551707,0.13883112,-0.46436617
1500078369214,-9.655944,0.8664977,0.91437054
1500078369277,-8.32508,-0.8186249,-1.0675635
1500078369341,-8.535721,-1.14416,-1.2016073
1500078369405,-11.168725,-0.13883112,-1.5654407
1500078369468,-12.422992,0.8664977,-0.5888355
1500078369532,-11.235746,0.6558574,-0.2920241
1500078369596,-7.4250717,1.7186337,0.05266008
1500078369660,-8.822957,0.91437054,-1.4505459
1500078369723,-10.134672,0.59841,-0.64628285
1500078369787,-9.5889225,-0.11968201,-0.46436617
1500078369851,-10.077225,-0.33032233,-0.54096264
1500078369914,-10.479357,-0.8856468,-0.6845811
1500078369978,-11.26447,-0.47394073,-0.8760723
1500078370042,-11.4272375,-0.23457673,-0.3111732
1500078370106,-9.454879,-0.11968201,0.043085523
1500078370169,-7.2335806,-1.3452257,-0.3111732
1500078370233,-11.187874,-1.0675635,-1.5079932
1500078370297,-11.484685,1.0675635,1.1920328
1500078370360,-10.06765,-0.665432,-1.5750152
1500078370424,-9.579348,2.0728924,-0.4835153
1500078370488,-9.818711,-1.2973529,-1.5175679
1500078370552,-10.307014,-0.2920241,-0.92394507
1500078370615,-11.321918,0.5792609,-0.7228793
1500078370679,-9.349558,2.2069361,0.014361841
1500078370743,-8.55487,2.3505547,-1.79523
1500078370806,-10.134672,0.91437054,-2.8101335
1500078370870,-9.770839,-0.00478728,-0.56011176
1500078370934,-9.234664,-0.27287498,-0.9430942
1500078370998,-9.971905,-1.2782038,-1.3069274
1500078371061,-10.6134,-1.3069274,-0.359046
1500078371125,-11.26447,-1.3165021,-0.6271337
1500078371189,-11.532558,-0.83777404,-0.23457673
1500078371252,-9.225089,-0.26330042,0.15798025
1500078371316,-8.334655,-1.2111819,-0.47394073
1500078371380,-9.799562,-0.359046,-0.36862057
1500078371444,-10.374036,-0.023936402,0.20585304
1500078371507,-10.105948,-0.22500217,-0.512239
1500078371571,-9.550624,0.16755481,-0.46436617
1500078371635,-10.498506,-0.023936402,-1.6133134
1500078371698,-11.4272375,0.19627848,-1.383524
1500078371762,-11.312344,0.8856468,-0.110107444
1500078371826,-8.372953,1.0867126,0.5505372
