1500077882163,3.690993,-6.5059137,1.0771381
1500077882226,3.0111992,-13.255979,-2.1973617
1500077882290,3.5952475,-13.495343,-4.236743
1500077882354,1.9388485,-10.40276,-7.741032
1500077882417,1.4984187,-9.043172,-7.176133
1500077882482,-3.5760984,-1.469695,1.3643749
1500077882545,-5.299519,-2.5516202,0.081383765
1500077882608,-1.0579889,-5.38569,-9.799562
1500077882672,-5.1846247,-4.993133,-10.642124
1500077882736,-10.776168,2.4175766,-1.3069274
1500077882800,-18.981565,4.0356774,-3.5282254
1500077882863,-18.55071,1.9962958,-0.09095833
1500077882927,-10.737869,0.11968201,-2.2356598
1500077882991,-7.855927,1.6420372,-0.5505372
1500077883055,-9.3878565,-3.9016335,-1.0962871
1500077883118,-10.833615,-6.678256,-0.9622433
1500077883182,-11.637878,-3.2601378,2.2452345
1500077883246,-14.9794,-0.8664977,0.751603
1500077883309,-14.912378,-3.126094,-2.7048132
1500077883373,-14.778334,-2.3697038,-4.0069537
1500077883437,-10.326163,-1.8526775,-2.0250196
1500077883501,-9.359133,-2.321831,-0.92394507
1500077883564,-10.393186,-2.3697038,-1.5750152
1500077883628,-11.417664,0.8856468,-0.6845811
1500077883692,-9.234664,1.8431029,-0.5313881
1500077883755,-8.00912,0.46436617,-0.50266445
1500077883819,-11.771922,-1.9867213,-0.44521707
1500077883883,-13.44747,-3.1165195,0.17712937
1500077883947,-12.25065,-0.30159867,1.4313968
1500077884010,-12.882571,1.7473572,1.8048047
1500077884074,-14.673014,-2.1399143,4.6005764
1500077884138,-15.592172,-5.950589,2.0441687
1500077884202,-13.323001,-8.957002,-2.714388
1500077884265,-13.734707,-4.5718527,-2.6090677
1500077884329,-17.679426,-2.5516202,-3.5952475
1500077884393,-14.682589,-2.015445,-1.6420372
1500077884456,-13.169807,-3.231414,-0.4164934
1500077884520,-13.753856,-4.389936,-2.360129
1500077884584,-13.4666195,-3.671844,-3.0973704
1500077884648,-9.780414,4.916537,-1.5654407
1500077884711,-4.8590894,2.8963046,1.622888
1500077884775,-7.587839,-1.0579889,0.0
1500077884839,-12.614484,-2.666515,-0.93351966
1500077884902,-13.495343,-2.714388,-1.8335283
1500077884966,-13.275128,-2.1399143,-0.50266445
1500077885030,-14.921952,0.23457673,5.0505805
1500077885094,-16.990057,0.3111732,2.5228968
1500077885158,-15.956005,-6.1899533,-0.78990126
1500077885221,-11.72405,-6.592085,-1.0388398
1500077885285,-15.075146,-5.2516465,-2.5516202
1500077885348,-14.969825,-3.6814184,-2.800559
1500077885412,-10.699572,-1.4218222,-1.1345854
1500077885476,-12.595334,-2.7718353,-0.6845811
1500077885540,-14.902803,-3.2601378,-2.972901
1500077885603,-13.13151,1.4218222,-3.0303483
1500077885667,-8.334655,3.6814184,0.26330042
1500077885731,-7.8655014,-0.081383765,-0.8090504
1500077885794,-15.113443,-3.518651,-2.6090677
1500077885858,-14.759185,-4.236743,-0.47394073
1500077885922,-13.753856,-2.88673,-1.469695
1500077885986,-15.333658,0.5505372,2.0824668
1500077886049,-16.990057,-0.14840569,3.911208
1500077886113,-14.740036,-4.610151,-0.3111732
1500077886177,-13.198531,-6.017611,-0.4164934
1500077886240,-14.43365,-5.222923,-2.5228968
1500077886304,-16.769842,-1.8909757,-3.4229054
1500077886368,-13.840027,-2.2165108,-1.622888
1500077886433,-13.093211,-3.604822,-1.3165021
1500077886496,-13.179382,-2.9920502,-2.6090677
1500077886559,-10.670848,0.70373017,-1.9388485
1500077886623,-6.611234,0.8090504,-0.22500217
1500077886687,-5.845269,0.23457673,-0.023936402
1500077886750,-11.676176,-3.4612036,-0.0718092
1500077886814,-14.481523,-3.8058877,-1.9867213
1500077886878,-14.242159,-1.1728836,-3.3558834
1500077886941,-14.893229,-1.3452257,1.6611862
1500077887006,-15.601747,-3.3271596,2.8484318
1500077887070,-16.032602,-7.56869,-1.3930986
1500077887133,-12.107032,-10.986808,-1.8526775
1500077887196,-10.565528,-3.6526947,-0.99096704
1500077887260,-13.102786,-4.0931244,-1.6516117
1500077887324,-13.954922,-4.6293,-1.3643749
1500077887388,-13.3612995,-2.7909844,-0.8090504
1500077887452,-12.126181,-3.078221,-1.9867213
1500077887516,-9.349558,-2.7431116,-1.5845897
1500077887579,-8.545295,-3.231414,-1.1154363
1500077887642,-7.7506065,-3.5378,-1.3643749
1500077887706,-6.936769,-3.4037561,-1.1633091
1500077887770,-5.7208,-5.4239883,-0.2154276
1500077887833,-9.3878565,-7.693159,0.28244954
1500077887897,-10.278291,-8.21976,1.2494801
1500077887961,-7.587839,-7.3389006,4.3707867
1500077888025,-5.692076,-7.2910275,4.2271686
1500077888088,-4.3133397,-7.616563,4.0644007
1500077888152,-3.9590807,-8.870831,2.8963046
1500077888216,-5.759098,-9.952756,1.3548003
1500077888279,-7.961247,-9.732541,0.5792609
1500077888343,-9.004874,-9.014449,-0.20585304
1500077888407,-7.8176284,-6.3527207,0.081383765
1500077888471,-7.9899707,-5.7686725,-0.0718092
1500077888534,-8.00912,-5.9218655,-0.47394073
1500077888598,-7.4920936,-5.5580325,-0.0718092
1500077888662,-7.501668,-5.8644185,-0.30159867
1500077888725,-6.4293175,-5.950589,-0.8186249
1500077888789,-5.9314404,-6.668681,1.0675635
1500077888853,-6.8601727,-7.3771987,1.8048047
1500077888916,-7.9516726,-7.6740103,2.1303396
1500077888980,-8.248484,-6.783576,2.8771553
1500077889044,-7.501668,-7.310177,3.365458
1500077889108,-6.6495323,-8.401677,2.714388
1500077889171,-6.304848,-7.9133744,3.3558834
1500077889235,-6.094208,-9.713391,4.6005764
1500077889299,-7.482519,-11.379365,2.9633265
1500077889362,-6.065484,-12.174053,1.6420372
1500077889426,-2.6282167,-11.580431,-0.023936402
1500077889490,-1.2303311,-9.043172,-1.0675635
1500077889554,-2.2643836,-5.605905,0.4835153
1500077889617,-3.3367343,-3.6239712,4.4186597
1500077889681,-6.2474008,-1.9196993,6.678256
1500077889745,-8.363379,-0.7420284,7.2718787
1500077889808,-5.4239883,-4.2558923,12.327247
1500077889872,-0.40691882,-5.682502,8.832532
1500077889936,3.0973704,-3.5282254,9.617646
1500077890000,3.2505634,-3.0973704,9.5219
1500077890063,0.4164934,-2.7048132,4.7250457
1500077890127,-3.5378,0.2154276,0.4164934
1500077890191,-8.957002,3.231414,0.2441513
1500077890255,-15.640044,3.193116,4.1792955
1500077890318,-12.298523,-2.8388572,1.6324625
1500077890382,-9.2825365,-4.7537694,8.171887
1500077890446,-8.171887,-4.3612123,9.617646
1500077890510,-10.096374,-4.619725,6.7548523
1500077890573,-8.506997,-2.015445,6.486765
1500077890637,-9.330409,-0.76117754,6.630383
1500077890701,-11.197449,-0.512239,7.3006024
1500077890773,-10.555953,2.0058703,9.033598
1500077890828,-5.0314317,1.8718265,5.5484576
1500077890892,0.25372586,-0.2154276,3.1356685
1500077890955,2.972901,-1.9867213,-0.2920241
1500077891019,5.519734,-5.2707953,-2.9441774
1500077891083,7.2623043,-5.759098,-4.0644007
1500077891146,6.678256,-5.462287,-6.850598
1500077891210,4.495256,-4.4856815,-10.996383
1500077891274,2.9441774,-4.169721,-9.148493
1500077891338,1.8909757,0.28244954,-10.393186
1500077891401,1.0962871,-1.4505459,-11.044255
1500077891466,2.2452345,-1.5750152,-10.622974
1500077891530,2.4367256,-1.7186337,-9.722966
1500077891594,2.9346027,-2.1973617,-9.531475
1500077891656,3.1069448,-0.9430942,-9.770839
1500077891720,4.0931244,-1.3643749,-8.44955
1500077891784,4.437809,-1.6516117,-11.025106
1500077891847,4.1122737,-1.2207564,-10.977234
1500077891911,3.7388659,-2.3888528,-9.608071
1500077891975,4.83994,-2.4558747,-8.296356
1500077892038,5.366541,-2.6856642,-7.702734
1500077892102,5.328243,-3.0111992,-7.3867736
1500077892166,4.8782387,-3.7484405,-7.5399666
1500077892230,4.543129,-4.1601467,-6.9559183
1500077892293,4.2941904,-4.0644007,-7.4920936
1500077892357,4.619725,-4.045252,-7.0803876
1500077892422,4.5527034,-3.020774,-7.35805
1500077892486,4.437809,-3.5378,-8.439975
1500077892549,4.1601467,-3.4899273,-7.9420977
1500077892621,4.389936,-4.9452605,-8.21976
1500077892676,4.2654667,-4.916537,-9.64637
1500077892739,4.0261025,-4.198445,-9.225089
1500077892803,3.844186,-4.6293,-8.717637
1500077892867,3.5090764,-5.1271772,-7.7506065
1500077892931,3.7197168,-6.180379,-8.028269
1500077892994,4.2271686,-5.988888,-7.02294
1500077893058,3.997379,-6.1899533,-5.7495236
1500077893122,3.3080106,-7.0708127,-6.113357
1500077893186,3.039923,-7.003791,-5.1176023
1500077893249,2.9346027,-6.6016593,-6.065484
1500077893313,3.1356685,-6.47719,-7.56869
1500077893377,2.580344,-7.1474094,-6.668681
1500077893440,2.2643836,-6.8888965,-6.850598
1500077893504,2.3888528,-6.7069798,-7.1665583
1500077893568,2.5516202,-6.975067,-7.3389006
1500077893631,2.475024,-6.8888965,-7.089962
1500077893695,2.4654493,-6.668681,-7.434646
1500077893759,2.7718353,-6.410168,-7.434646
1500077893823,3.0016246,-6.4293175,-7.0708127
1500077893886,3.020774,-6.027186,-6.783576
1500077893950,3.7292912,-6.8027253,-6.831449
1500077894014,3.9686553,-7.051664,-6.285699
1500077894077,3.9016335,-7.089962,-5.806971
1500077894141,3.9590807,-7.329326,-6.132506
1500077894205,4.0356774,-7.664436,-5.28037
1500077894269,3.9495063,-8.191036,-5.5101595
1500077894332,4.0069537,-7.2144313,-4.926111
1500077894396,4.1122737,-7.2144313,-4.2941904
1500077894460,4.3324885,-7.1665583,-5.6250544
1500077894523,4.658024,-6.7740016,-5.8835673
1500077894587,4.763344,-6.5825105,-6.410168
1500077894651,4.5239797,-6.0559096,-5.8835673
1500077894715,5.0122824,-5.7016506,-6.0559096
1500077894778,5.3952646,-5.9697385,-6.0559096
1500077894842,5.088879,-6.438892,-6.151655
1500077894906,5.0984535,-6.1899533,-5.3952646
1500077894969,5.49101,-5.7495236,-5.6250544
1500077895033,5.644203,-6.113357,-5.8931417
1500077895097,5.759098,-5.7686725,-6.6016593
1500077895161,5.3186684,-5.8931417,-6.7069798
1500077895224,5.1176023,-5.873993,-5.328243
1500077895288,5.2516465,-6.7357035,-6.0846334
1500077895352,4.887813,-6.745278,-6.4484663
1500077895415,4.456958,-6.017611,-5.376116
1500077895479,3.8920588,-6.8793216,-5.5580325
1500077895543,4.198445,-6.9271946,-6.304848
1500077895607,5.0122824,-6.256975,-5.4718614
1500077895670,5.2037735,-6.3431463,-5.4718614
1500077895734,5.309094,-6.592085,-5.7495236
1500077895798,5.079304,-6.563361,-5.5580325
1500077895861,5.0601554,-6.5059137,-5.567607
1500077895925,5.041006,-6.544212,-5.7208
1500077895989,4.437809,-6.6495323,-5.7016506
1500077896052,4.772918,-7.310177,-6.2282515
1500077896116,4.7537694,-6.678256,-5.519734
1500077896180,4.610151,-6.9271946,-5.8931417
1500077896244,4.648449,-6.898471,-5.672927
1500077896307,4.7058964,-6.6878304,-5.49101
1500077896371,4.887813,-6.5729356,-5.5101595
1500077896435,4.916537,-6.4197426,-5.6154795
1500077896498,5.041006,-6.37187,-6.745278
1500077896563,4.7250457,-5.6154795,-6.2474008
1500077896626,5.1654754,-6.285699,-6.4676156
1500077896690,4.715471,-6.869747,-5.529309
1500077896754,4.916537,-6.285699,-4.8207912
1500077896817,4.993133,-6.113357,-4.9069624
1500077896881,5.261221,-6.2665496,-5.682502
1500077896944,5.873993,-6.9654927,-6.170804
1500077897008,5.605905,-6.0559096,-6.1229315
1500077897072,5.481436,-5.6633525,-5.452712
1500077897136,5.6154795,-6.2282515,-5.759098
1500077897199,5.347392,-6.218677,-5.8931417
1500077897263,5.5580325,-6.027186,-6.170804
1500077897327,5.8548436,-5.835695,-6.218677
1500077897390,5.644203,-5.835695,-5.806971
1500077897454,5.7112255,-5.7112255,-5.519734
1500077897518,5.7686725,-6.0846334,-5.7208
1500077897581,5.5101595,-5.912291,-5.8835673
1500077897645,5.28037,-6.1612296,-5.433563
1500077897709,5.366541,-6.3527207,-5.4431376
1500077897773,5.452712,-6.3144226,-5.7495236
1500077897836,5.452712,-6.2282515,-5.8835673
1500077897900,5.5101595,-6.304848,-5.7686725
1500077897964,4.916537,-5.653778,-5.232497
1500077898029,5.5101595,-7.1474094,-6.094208
1500077898092,6.0367603,-5.9027166,-5.5101595
1500077898156,5.7782474,-5.787822,-5.845269
1500077898219,5.739949,-6.7261286,-5.739949
1500077898283,5.8931417,-5.7303743,-6.180379
1500077898347,5.9697385,-5.3569665,-6.170804
1500077898410,5.759098,-5.2133484,-5.6633525
1500077898474,5.806971,-5.2899446,-5.4239883
1500077898537,5.9027166,-5.5963306,-5.2037735
1500077898601,5.988888,-5.9218655,-5.519734
1500077898665,5.9218655,-5.988888,-5.672927
1500077898729,5.7208,-6.0750585,-5.634629
1500077898792,5.605905,-6.2091026,-5.7782474
1500077898856,5.586756,-6.0463347,-5.605905
1500077898920,5.5963306,-5.960164,-5.7303743
1500077898983,5.5963306,-5.9314404,-5.787822
1500077899047,5.5963306,-5.8644185,-5.7686725
1500077899111,5.5484576,-5.979313,-5.960164
1500077899176,5.586756,-6.017611,-5.7782474
1500077899238,5.644203,-5.988888,-5.759098
1500077899302,5.605905,-5.979313,-5.7112255
1500077899366,5.5580325,-5.998462,-5.682502
1500077899429,5.500585,-6.094208,-5.7495236
1500077899493,5.529309,-6.1612296,-5.739949
1500077899557,5.299519,-6.113357,-5.5484576
1500077899621,5.2899446,-6.1899533,-5.634629
1500077899684,5.7686725,-6.256975,-5.787822
1500077899748,5.634629,-5.82612,-5.7686725
1500077899812,5.6633525,-6.027186,-5.7303743
1500077899876,5.6633525,-5.873993,-5.692076
1500077899939,5.682502,-5.8548436,-5.7303743
1500077900003,5.672927,-5.8548436,-5.806971
1500077900067,5.586756,-5.9218655,-5.835695
1500077900130,5.5101595,-5.979313,-5.8165455
1500077900194,5.5580325,-5.988888,-5.845269
1500077900258,5.4431376,-6.027186,-5.7782474
1500077900322,5.4048395,-5.8931417,-5.7686725
1500077900385,5.309094,-5.979313,-5.8548436
1500077900450,5.7303743,-5.988888,-6.2761245
1500077900513,5.529309,-5.806971,-6.0463347
1500077900577,5.4718614,-5.8548436,-6.113357
1500077900640,5.38569,-5.7782474,-6.0559096
1500077900704,5.376116,-5.7495236,-6.0750585
1500077900768,5.309094,-5.8644185,-6.113357
1500077900831,5.347392,-5.8835673,-6.2091026
1500077900895,5.261221,-5.941015,-6.2282515
1500077900959,5.222923,-5.9027166,-6.180379
1500077901022,5.232497,-5.9697385,-6.323997
1500077901086,5.079304,-5.7495236,-6.151655
1500077901150,4.935686,-6.3622956,-5.82612
1500077901214,4.696322,-6.525063,-5.9314404
1500077901277,4.5910015,-6.486765,-6.017611
1500077901341,4.3612123,-6.611234,-5.692076
1500077901405,4.351638,-6.9654927,-5.9218655
1500077901470,4.5527034,-6.9080453,-6.113357
1500077901532,4.811217,-6.4484663,-5.845269
1500077901596,5.1654754,-6.1229315,-5.634629
1500077901660,5.232497,-4.9452605,-5.5963306
1500077901723,4.868664,-5.8165455,-7.281453
1500077901787,5.644203,-4.7920675,-7.9037995
1500077901851,5.3952646,-5.567607,-6.630383
1500077901914,5.2420716,-4.7058964,-7.0803876
1500077901978,5.2037735,-4.811217,-6.9654927
1500077902042,5.2037735,-5.2420716,-7.2240057
1500077902106,5.3186684,-5.079304,-7.3676243
1500077902169,5.28037,-4.5335546,-6.563361
1500077902233,5.2133484,-5.222923,-5.7208
1500077902297,5.021857,-5.232497,-6.6495323
1500077902360,5.002708,-5.452712,-7.654861
1500077902424,4.6771727,-5.1176023,-5.912291
1500077902489,4.811217,-5.347392,-6.8888965
1500077902551,4.495256,-5.9697385,-6.1420803
1500077902616,2.3984275,-6.065484,-4.8207912
1500077902680,1.2494801,-6.285699,-5.634629
1500077902744,0.27287498,-7.482519,-7.769756
1500077902807,0.512239,-8.593168,-8.918703
1500077902870,-0.44521707,-9.091045,-6.218677
1500077902934,-1.7186337,-10.29744,-6.170804
1500077902999,-1.709059,-11.312344,-6.630383
1500077903061,-0.8281995,-10.287866,-7.1665583
1500077903125,1.3452257,-6.9463434,-7.9899707
1500077903189,1.948423,-6.563361,-6.5825105
1500077903253,1.2782038,-7.156984,-6.5059137
1500077903316,1.4409714,-6.017611,-7.35805
1500077903380,1.1824582,-5.2707953,-8.6697645
1500077903444,0.7994758,-6.0846334,-8.124015
1500077903508,2.321831,-4.389936,-9.6942425
1500077903571,1.6037389,-4.1888704,-8.076141
1500077903635,1.8239537,-5.146326,-7.7506065
1500077903699,2.2452345,-5.462287,-6.9559183
1500077903762,2.9154537,-6.2378263,-6.8601727
1500077903826,3.4899273,-6.697405,-6.2474008
1500077903890,3.9686553,-6.6878304,-6.544212
1500077903953,4.4090853,-6.37187,-6.065484
1500077904017,4.935686,-6.2378263,-6.2761245
1500077904081,5.002708,-6.1420803,-5.672927
1500077904145,5.0984535,-6.256975,-5.7016506
1500077904208,5.06973,-6.4293175,-5.376116
1500077904272,5.0601554,-6.678256,-5.2420716
1500077904336,5.634629,-7.5782647,-5.9697385
1500077904399,5.960164,-8.066567,-6.639958
1500077904463,5.797396,-5.021857,0.8473486
1500077904527,4.284616,-2.7718353,7.549541
1500077904591,4.4473834,-1.9771467,9.062322
1500077904654,3.997379,-1.622888,8.880404
1500077904718,3.8537605,-2.0058703,9.052747
1500077904782,4.0069537,-1.9101248,8.593168
1500077904846,4.045252,-1.6803354,8.181462
1500077904909,4.016528,-1.2494801,8.516571
1500077904973,4.121848,-1.5750152,8.34423
1500077905037,4.1888704,-2.0537431,8.545295
1500077905100,3.997379,-1.4026731,8.736787
1500077905173,3.8729098,-1.8431029,8.937852
1500077905228,4.456958,-1.9196993,8.382527
1500077905292,4.73462,-2.0537431,7.808054
1500077905355,4.6771727,-2.5707695,7.702734
1500077905419,4.715471,-3.0877957,8.076141
1500077905483,4.9069624,-2.714388,8.00912
1500077905546,4.887813,-2.3697038,8.085716
1500077905610,4.648449,-2.1207652,8.277207
1500077905674,4.763344,-2.3792782,8.124015
1500077905738,4.619725,-2.034594,7.855927
1500077905801,4.169721,-1.6994845,8.34423
1500077905865,4.715471,-2.1111906,8.545295
1500077905929,4.9452605,-1.7186337,7.922949
1500077905992,5.041006,-1.9867213,7.5974135
1500077906056,5.06973,-2.5037475,7.56869
1500077906120,4.9452605,-2.972901,7.635712
1500077906184,4.7441945,-3.4324799,7.4154973
1500077906247,4.322914,-3.039923,7.654861
1500077906311,4.6771727,-3.6814184,8.018694
1500077906375,4.7537694,-4.169721,8.00912
1500077906438,4.658024,-3.7292912,8.191036
1500077906502,4.4090853,-3.6526947,8.095291
1500077906566,4.351638,-4.0739756,7.8846507
1500077906631,3.604822,-2.494173,8.526146
1500077906693,3.7388659,-3.1548176,8.229335
1500077906757,4.428234,-3.2601378,8.11444
1500077906821,4.83994,-3.078221,7.6835847
1500077906884,4.8782387,-3.5952475,7.2910275
1500077906948,4.5910015,-3.997379,7.482519
1500077907013,4.6293,-3.9590807,7.654861
1500077907076,4.868664,-4.198445,7.4920936
1500077907139,4.83994,-4.342063,7.1186857
1500077907203,4.811217,-4.3995104,7.243155
1500077907267,4.8303657,-4.437809,7.3389006
1500077907330,4.6293,-4.389936,7.501668
1500077907394,4.763344,-4.7250457,7.4154973
1500077907458,4.7250457,-4.3612123,7.1474094
1500077907522,4.73462,-4.3612123,7.281453
1500077907585,4.811217,-4.3803616,7.2144313
1500077907649,4.8303657,-4.2463174,7.3676243
1500077907713,4.8782387,-4.131423,7.4154973
1500077907777,4.8303657,-4.1026993,7.3771987
1500077907840,4.7441945,-4.121848,7.12826
1500077907904,4.648449,-4.3707867,7.35805
1500077907968,4.954835,-4.2941904,6.7931504
1500077908031,4.9739842,-3.911208,7.0708127
1500077908095,4.9069624,-4.2941904,7.281453
1500077908159,4.9835587,-4.3612123,7.1186857
1500077908224,5.146326,-4.3803616,6.984642
1500077908286,5.1654754,-4.1122737,6.984642
1500077908350,5.2420716,-4.456958,7.0803876
1500077908414,5.155901,-4.2654667,7.137835
1500077908477,5.194199,-4.6771727,6.975067
1500077908541,5.17505,-4.6771727,6.9559183
1500077908605,5.155901,-4.4186597,6.9463434
1500077908669,5.146326,-4.5144053,6.831449
1500077908732,5.1846247,-4.6388745,6.9271946
1500077908796,5.232497,-4.6675982,6.869747
1500077908860,5.299519,-4.868664,6.7261286
1500077908923,5.261221,-4.7537694,6.7261286
1500077908987,5.28037,-4.658024,6.6016593
1500077909051,5.261221,-4.5718527,6.5825105
1500077909115,5.232497,-4.5622783,6.821874
1500077909178,5.2899446,-4.581427,6.8410234
1500077909242,5.376116,-4.5335546,6.821874
1500077909306,5.376116,-4.696322,6.639958
1500077909369,5.328243,-4.5622783,6.7069798
1500077909433,5.5963306,-4.8207912,6.5346375
1500077909497,5.5101595,-4.993133,6.132506
1500077909561,5.4048395,-4.926111,6.3431463
1500077909624,5.328243,-5.0601554,6.5059137
1500077909688,5.3186684,-5.1367517,6.333572
1500077909752,5.500585,-5.1846247,6.323997
1500077909815,5.5963306,-5.041006,6.1420803
1500077909879,5.644203,-5.06973,6.170804
1500077909943,5.605905,-5.146326,6.2474008
1500077910007,5.586756,-5.1176023,6.1995277
1500077910070,5.567607,-5.1176023,6.132506
1500077910134,5.586756,-5.1846247,6.113357
1500077910198,5.6250544,-5.1176023,6.132506
1500077910262,5.5963306,-4.9835587,6.170804
1500077910325,5.5771813,-5.002708,6.333572
1500077910389,5.5580325,-5.17505,6.3814445
1500077910453,5.5771813,-5.1367517,6.256975
1500077910517,5.586756,-5.1271772,6.218677
1500077910580,5.529309,-5.088879,6.2665496
1500077910644,5.462287,-5.0601554,6.2474008
1500077910708,5.414414,-5.088879,6.1420803
1500077910771,5.3378177,-4.9835587,6.0750585
1500077910835,5.644203,-5.433563,6.256975
1500077910899,5.9218655,-5.06973,5.759098
1500077910962,5.873993,-5.088879,5.682502
1500077911026,5.941015,-5.28037,5.835695
1500077911090,5.8548436,-5.021857,6.333572
1500077911153,5.739949,-5.1846247,6.2474008
1500077911217,5.376116,-4.7537694,6.4293175
1500077911281,5.2899446,-5.4048395,6.132506
1500077911345,5.347392,-5.1271772,6.2952733
1500077911408,5.328243,-4.8303657,6.256975
1500077911472,5.1654754,-4.772918,6.5346375
1500077911536,5.500585,-5.6154795,6.2091026
1500077911600,5.519734,-5.194199,6.0846334
1500077911663,5.519734,-5.261221,5.979313
1500077911727,5.538883,-5.3378177,5.998462
1500077911791,5.5580325,-5.452712,6.0367603
1500077911854,5.692076,-5.366541,5.739949
1500077911918,5.9697385,-5.8644185,5.433563
1500077911982,5.787822,-5.232497,5.8548436
1500077912046,5.7208,-5.2133484,5.9027166
1500077912109,5.644203,-5.653778,6.0559096
1500077912173,5.232497,-5.041006,6.218677
1500077912237,5.481436,-5.979313,5.845269
1500077912301,5.4239883,-5.414414,5.950589
1500077912365,5.414414,-5.433563,6.0750585
1500077912428,5.414414,-5.653778,6.094208
1500077912492,5.366541,-5.5771813,6.0080366
1500077912555,5.3378177,-5.5484576,6.0080366
1500077912620,5.328243,-5.538883,5.979313
1500077912683,5.347392,-5.5101595,5.960164
1500077912747,5.28037,-5.481436,6.017611
1500077912812,5.376116,-5.5580325,6.0846334
1500077912874,5.5101595,-5.433563,6.0367603
1500077912938,5.7303743,-5.5963306,5.950589
1500077913001,6.1420803,-5.644203,6.285699
1500077913066,6.898471,-5.500585,7.12826
1500077913130,7.5782647,-6.170804,6.3622956
1500077913194,9.20594,-6.716554,5.002708
1500077913256,8.593168,-8.861256,2.7909844
1500077913320,7.501668,-6.975067,2.034594
1500077913384,7.9133744,-6.285699,0.5505372
1500077913447,7.482519,-4.5718527,0.110107444
1500077913511,7.195282,-1.8143792,0.99096704
1500077913575,8.813383,-3.3175852,0.081383765
1500077913639,7.042089,-5.979313,-0.8281995
1500077913702,7.156984,-5.366541,1.0484143
1500077913766,7.5303917,-4.1409974,1.4601204
1500077913830,8.056993,-5.519734,1.1345854
1500077913893,7.8176284,-5.021857,2.2739582
1500077913957,8.143164,-4.8303657,1.8048047
1500077914021,8.181462,-5.1271772,1.5175679
1500077914085,8.143164,-5.1846247,2.1973617
1500077914148,7.8655014,-5.1846247,2.187787
1500077914212,8.497422,-6.0750585,2.0250196
1500077914276,8.545295,-3.2984362,2.4463003
1500077914339,8.478273,-5.605905,1.9962958
1500077914403,7.961247,-4.1122737,2.1782124
1500077914467,8.258059,-3.2026904,2.6090677
1500077914531,7.9037995,-4.0739756,2.6856642
1500077914594,7.999545,-4.83994,2.0250196
1500077914658,8.535721,-5.1176023,2.149489
1500077914722,8.382527,-4.696322,2.9250283
1500077914786,8.095291,-4.849515,3.1548176
1500077914849,8.55487,-4.3803616,2.8580062
1500077914913,8.6697645,-2.9441774,3.2792869
1500077914977,8.478273,-5.4239883,0.28244954
1500077915042,8.957002,-3.9782298,2.494173
1500077915104,8.363379,-4.4186597,2.905879
1500077915168,8.32508,-3.6814184,2.800559
1500077915232,8.286782,-4.96441,2.0441687
1500077915295,7.9420977,-4.648449,2.752686
1500077915359,6.103782,-3.6239712,5.414414
1500077915423,4.322914,-2.752686,4.495256
1500077915486,4.1888704,-4.887813,-0.33032233
1500077915550,5.4718614,-3.1069448,-1.948423
1500077915614,4.342063,-3.6526947,-2.149489
1500077915678,3.4612036,-4.3324885,-3.4229054
1500077915741,1.14416,-8.880404,-6.0463347
1500077915805,1.469695,-14.347479,-6.9080453
1500077915869,0.16755481,-13.284702,-3.9686553
1500077915932,-2.149489,-12.221927,-3.0016246
1500077915996,-4.389936,-9.837861,-3.2218397
1500077916060,-7.4154973,-8.822957,-4.2080193
1500077916124,-8.593168,-7.8272033,-4.1122737
1500077916187,-8.363379,-8.277207,-4.581427
1500077916251,-9.550624,-6.611234,-3.690993
1500077916315,-8.018694,-4.2941904,-1.3739494
1500077916378,-8.679339,-4.4186597,-1.4984187
1500077916442,-7.329326,-3.671844,-0.751603
1500077916506,-6.783576,-4.437809,-0.98139244
1500077916571,-7.3197513,-5.5580325,-1.3165021
1500077916633,-8.2676325,-6.0080366,-0.9718179
1500077916697,-9.3878565,-5.979313,-1.3739494
1500077916761,-10.0868,-4.935686,-1.6420372
1500077916824,-11.4272375,-6.783576,-0.8856468
1500077916888,-9.904882,-2.9824755,0.27287498
1500077916952,-10.814466,-3.0973704,-1.3260766
1500077917016,-8.612317,-2.4654493,-0.014361841
1500077917080,-7.961247,-3.2218397,0.91437054
1500077917144,-7.808054,-2.7909844,0.8664977
1500077917207,-8.229335,-2.4654493,0.9526688
1500077917272,-9.617646,-3.1548176,0.85692316
1500077917334,-9.483603,-3.6814184,2.2452345
1500077917398,-7.635712,-5.28037,3.6622694
1500077917462,-11.685751,-5.7208,3.6431203
1500077917525,-10.230418,-3.5378,4.466532
1500077917589,-6.936769,-4.0644007,4.8590894
1500077917653,-6.0559096,-5.988888,5.682502
1500077917717,-4.1601467,-6.6016593,6.0750585
1500077917780,-3.7963133,-5.7303743,6.2952733
1500077917844,-3.7005677,-5.194199,6.8027253
1500077917909,-4.016528,-4.5527034,8.32508
1500077917972,-3.499502,-1.5654407,6.027186
1500077918036,-5.49101,0.34947145,6.8888965
1500077918100,-6.391019,-0.20585304,5.8644185
1500077918164,-6.8027253,1.0771381,6.4963393
1500077918226,-6.821874,1.4026731,7.5974135
1500077918290,-5.7782474,0.512239,7.8176284
1500077918354,-4.1122737,1.3356512,8.11444
1500077918417,-3.7292912,1.8718265,9.29211
1500077918481,-2.9920502,1.8143792,8.583593
1500077918545,-4.6771727,2.1973617,9.263388
1500077918608,-4.543129,1.9962958,7.243155
1500077918672,-3.6526947,3.039923,7.310177
1500077918736,-4.3133397,2.9537518,9.780414
1500077918752,-3.9207826,3.126094,8.985725
1500077918768,-4.303765,2.9154537,8.430401
1500077918784,-4.1409974,2.972901,7.7506065
1500077918800,-3.5569491,3.1643922,7.0803876
1500077918816,-2.9441774,3.4037561,6.8601727
1500077918831,-2.6856642,3.6335456,7.46337
1500077918847,-2.6090677,3.4803526,8.478273
1500077918863,-3.2601378,2.9441774,8.966576
1500077918879,-3.777164,1.776081,9.196365
1500077918895,-3.5569491,1.8718265,9.110194
1500077918911,-3.8058877,1.8335283,9.119769
1500077918927,-5.1846247,0.7420284,8.928278
1500077918943,-5.8931417,0.7228793,8.191036
1500077918959,-4.5239797,0.71330476,8.612317
1500077918975,-2.972901,1.0867126,9.828286
1500077918991,-2.561195,2.015445,9.952756
1500077919007,-2.6090677,2.3792782,8.813383
1500077919023,-2.7718353,2.5037475,8.191036
1500077919039,-3.020774,2.8771553,7.5591154
1500077919055,-3.0686467,2.8101335,6.7357035
1500077919070,-2.8771553,2.3792782,6.0080366
1500077919086,-2.800559,2.475024,5.739949
1500077919102,-3.1548176,2.8101335,7.0995364
1500077919118,-3.039923,3.4899273,5.4718614
1500077919134,-1.469695,1.9388485,4.504831
1500077919150,-0.93351966,0.47394073,4.198445
1500077919166,-2.5994933,1.0675635,5.433563
1500077919182,-3.4420545,2.7239625,7.741032
1500077919198,-2.7431116,4.0261025,9.655944
1500077919214,-2.015445,4.428234,10.077225
1500077919230,-2.0250196,3.1356685,10.488931
1500077919246,-2.88673,2.6569405,9.64637
1500077919262,-3.9399316,3.844186,8.296356
1500077919278,-4.466532,4.4473834,7.1091113
1500077919294,-4.696322,3.7101421,6.1229315
1500077919309,-5.021857,2.6760898,5.4431376
1500077919325,-5.3952646,2.580344,5.3569665
1500077919341,-5.941015,2.6282167,5.653778
1500077919357,-6.8793216,3.0877957,5.1654754
1500077919373,-7.6261373,3.5569491,4.2271686
1500077919389,-7.693159,2.8963046,3.8346114
1500077919405,-7.8272033,2.647366,3.193116
1500077919421,-8.104865,3.5378,2.9250283
1500077919437,-8.066567,4.648449,2.8484318
1500077919453,-8.420826,4.5239797,2.5707695
1500077919469,-9.253813,4.2654667,1.862252
1500077919485,-9.952756,5.108028,1.2973529
1500077919501,-10.048501,6.2282515,1.3548003
1500077919517,-9.828286,7.0133657,1.6899099
1500077919533,-9.655944,7.12826,1.8431029
1500077919548,-9.62722,6.869747,1.9196993
1500077919565,-9.924032,6.3622956,2.1303396
1500077919580,-9.876159,6.391019,2.034594
1500077919596,-9.119769,6.094208,2.5707695
1500077919612,-8.5740185,5.347392,2.4463003
1500077919628,-8.420826,4.4090853,1.7473572
1500077919644,-8.631466,3.7867386,1.5845897
1500077919660,-8.813383,4.437809,2.101616
1500077919676,-8.334655,5.2516465,2.408002
1500077919692,-8.037844,5.021857,2.0537431
1500077919708,-8.23891,3.930357,1.7186337
1500077919724,-8.937852,4.0739756,1.5654407
1500077919740,-9.378282,5.0314317,1.8431029
1500077919756,-9.129343,4.954835,1.4409714
1500077919771,-8.918703,4.198445,1.5941644
1500077919788,-9.129343,4.543129,1.9962958
1500077919803,-9.062322,5.7782474,2.6090677
1500077919819,-8.679339,5.529309,2.4558747
1500077919835,-8.698488,4.96441,1.7186337
1500077919851,-8.641041,5.021857,1.5654407
1500077919867,-8.478273,5.222923,1.9388485
1500077919883,-8.229335,5.232497,1.5941644
1500077919899,-8.076141,4.916537,2.149489
1500077919915,-8.497422,4.543129,2.3984275
1500077919931,-8.688913,4.1026993,1.929274
1500077919946,-8.315506,4.275041,0.64628285
1500077919962,-7.8367777,5.586756,0.4835153
1500077919978,-7.3867736,5.6154795,1.4792696
1500077919994,-7.3676243,5.739949,0.8281995
1500077920010,-6.984642,6.170804,-0.03351096
1500077920026,-6.745278,6.4963393,-0.062234644
1500077920042,-6.6208086,6.8888965,0.61755913
1500077920058,-6.9176197,6.869747,2.0633178
1500077920074,-7.654861,7.56869,2.2452345
1500077920090,-7.4729443,8.516571,1.8143792
1500077920106,-6.9942164,7.4729443,2.015445
1500077920122,-7.176133,5.5484576,1.5654407
1500077920138,-7.6740103,3.8920588,1.14416
1500077920154,-8.612317,3.518651,0.56011176
1500077920170,-9.512326,2.7048132,1.2399056
1500077920186,-9.809137,2.8292825,2.0728924
1500077920202,-9.2825365,3.451629,2.867581
1500077920218,-9.18679,4.284616,3.4229054
1500077920234,-9.378282,5.2133484,3.8729098
1500077920249,-9.655944,5.49101,4.4856815
1500077920265,-10.546378,5.4048395,4.8207912
1500077920281,-11.350641,5.8548436,4.935686
1500077920297,-11.513409,6.0367603,5.567607
1500077920313,-12.020861,6.113357,5.2037735
1500077920329,-12.624058,5.806971,4.935686
1500077920345,-12.58576,4.763344,3.3080106
1500077920361,-12.279374,3.9686553,1.6420372
1500077920377,-12.269799,2.0728924,0.13883112
1500077920393,-12.56661,0.18670394,-0.9430942
1500077920409,-11.944264,-1.5462915,-1.0005416
1500077920425,-10.40276,-3.4612036,-2.2452345
1500077920441,-8.564445,-5.17505,-2.9250283
1500077920457,-5.7016506,-6.103782,-3.451629
1500077920472,-3.1835413,-7.4059224,-3.7484405
1500077920488,-1.1154363,-8.392102,-3.6143966
1500077920504,1.1250108,-9.3878565,-3.930357
1500077920520,3.020774,-11.207023,-3.1548176
1500077920536,4.2080193,-12.509163,-2.0058703
1500077920552,4.849515,-12.882571,-1.6133134
1500077920568,5.0984535,-12.700654,-1.1824582
1500077920584,4.619725,-11.005958,-1.0962871
1500077920600,3.3941817,-8.803808,-0.665432
1500077920616,2.254809,-6.611234,-0.8186249
1500077920632,2.0058703,-5.28037,-1.1728836
1500077920680,2.1303396,-4.96441,-1.3260766
1500077920701,5.2420716,-3.844186,-0.043085523
1500077920711,5.309094,-3.604822,0.12925656
1500077920775,3.2984362,-7.329326,-3.7963133
1500077920839,3.9399316,-9.5219,-5.9314404
1500077920903,4.504831,-7.204857,-5.9697385
1500077920966,4.275041,-7.1091113,-6.37187
1500077921030,4.5718527,-7.2144313,-5.8931417
1500077921094,4.7250457,-6.7357035,-5.672927
1500077921158,4.3707867,-6.5059137,-5.739949
1500077921222,4.648449,-6.745278,-6.256975
1500077921286,4.8782387,-6.639958,-6.2091026
1500077921349,4.7920675,-6.592085,-6.0846334
1500077921412,4.7250457,-6.563361,-5.835695
1500077921476,5.0122824,-6.410168,-5.682502
1500077921540,5.17505,-6.2761245,-5.692076
1500077921603,5.0601554,-6.094208,-5.586756
1500077921667,5.28037,-6.094208,-5.8165455
1500077921731,5.3952646,-6.4484663,-5.9314404
1500077921795,5.433563,-6.132506,-5.299519
1500077921858,5.979313,-5.7303743,-5.462287
1500077921922,6.2091026,-5.7303743,-5.6633525
1500077921986,6.027186,-5.2707953,-5.1367517
1500077922049,6.5729356,-5.021857,-4.926111
1500077922113,6.8122997,-5.0122824,-5.261221
1500077922177,6.5346375,-5.0601554,-5.3186684
1500077922240,6.4963393,-5.06973,-5.8644185
1500077922305,6.304848,-5.0601554,-5.845269
1500077922369,6.47719,-5.06973,-6.0367603
1500077922433,7.0133657,-4.935686,-6.113357
1500077922497,7.2240057,-4.6867476,-5.941015
1500077922559,7.2144313,-4.4473834,-5.7208
1500077922623,6.8410234,-4.6771727,-5.041006
1500077922687,7.1091113,-4.5239797,-5.299519
1500077922750,7.281453,-4.2080193,-5.759098
1500077922814,7.4537954,-4.1888704,-5.960164
1500077922878,7.1091113,-4.6388745,-5.6250544
1500077922941,6.8793216,-4.8590894,-5.6154795
1500077923005,6.7261286,-4.993133,-5.222923
1500077923070,6.831449,-5.041006,-4.916537
1500077923133,6.9176197,-4.887813,-5.0601554
1500077923196,6.8122997,-4.954835,-5.0601554
1500077923260,6.697405,-5.06973,-4.935686
1500077923324,6.783576,-5.38569,-5.222923
1500077923387,6.9654927,-5.328243,-5.1271772
1500077923451,6.783576,-5.0984535,-5.2037735
1500077923515,6.821874,-5.2707953,-5.155901
1500077923579,6.898471,-5.433563,-5.108028
1500077923642,6.7740016,-5.366541,-5.17505
1500077923706,6.697405,-5.347392,-4.9069624
1500077923770,6.7069798,-5.309094,-4.811217
1500077923834,6.8888965,-5.481436,-5.194199
1500077923897,6.6878304,-5.376116,-4.9739842
1500077923961,6.8410234,-5.2420716,-4.9452605
1500077924025,6.984642,-5.261221,-5.0601554
1500077924088,7.0995364,-5.06973,-5.1271772
1500077924152,6.984642,-5.17505,-5.0122824
1500077924216,7.0995364,-4.3803616,-5.06973
1500077924280,7.0133657,-4.935686,-4.8973875
1500077924343,7.0995364,-5.433563,-5.261221
1500077924407,7.0133657,-5.3952646,-4.5622783
1500077924471,6.936769,-5.529309,-4.351638
1500077924534,7.0612383,-5.8548436,-4.811217
1500077924598,7.0325146,-5.328243,-4.428234
1500077924662,7.0708127,-5.481436,-4.5239797
1500077924726,7.042089,-5.538883,-4.437809
1500077924789,6.936769,-5.5963306,-4.437809
1500077924853,6.975067,-5.653778,-4.495256
1500077924917,6.9559183,-5.7112255,-4.456958
1500077924980,6.898471,-5.5580325,-4.3324885
1500077925044,6.8122997,-5.481436,-4.2941904
1500077925108,6.8410234,-5.38569,-4.2080193
1500077925172,6.783576,-5.414414,-4.198445
1500077925235,6.783576,-5.49101,-4.2558923
1500077925299,6.7357035,-5.17505,-3.8633351
1500077925363,6.8122997,-5.155901,-4.303765
1500077925426,6.697405,-5.222923,-3.930357
1500077925490,6.6591067,-5.2899446,-4.08355
1500077925554,6.7069798,-5.28037,-4.3707867
1500077925618,6.6495323,-5.2420716,-4.389936
1500077925681,6.544212,-5.28037,-4.2175937
1500077925745,6.5729356,-5.2420716,-4.1888704
1500077925809,6.5059137,-5.232497,-4.1888704
1500077925874,6.563361,-5.1654754,-4.198445
1500077925936,6.5825105,-5.17505,-4.150572
1500077926000,6.544212,-5.222923,-4.437809
1500077926064,6.592085,-5.17505,-4.351638
1500077926127,6.544212,-5.002708,-4.504831
1500077926191,6.5825105,-5.1176023,-4.466532
1500077926255,6.5729356,-5.1176023,-4.543129
1500077926319,6.5825105,-5.088879,-4.3612123
1500077926382,6.515488,-5.079304,-4.466532
1500077926446,6.6016593,-4.993133,-4.581427
1500077926519,6.4676156,-4.96441,-4.5622783
1500077926573,6.515488,-5.0984535,-4.476107
1500077926637,6.5059137,-5.1367517,-4.4856815
1500077926701,6.515488,-5.155901,-4.5239797
1500077926765,6.458041,-5.1654754,-4.5144053
1500077926828,6.4676156,-5.0122824,-4.6005764
1500077926892,6.4005938,-5.1271772,-4.581427
1500077926956,6.333572,-5.2516465,-4.5622783
1500077927019,6.323997,-5.2707953,-4.4856815
1500077927083,6.323997,-5.2899446,-4.3803616
1500077927147,6.3622956,-5.3569665,-4.5718527
1500077927211,6.285699,-5.1846247,-4.5910015
1500077927274,6.304848,-5.1176023,-4.6293
1500077927338,6.333572,-5.021857,-4.9452605
1500077927402,6.1899533,-5.041006,-4.8303657
1500077927466,6.2378263,-5.0601554,-5.1176023
1500077927530,6.2474008,-5.1271772,-5.194199
1500077927594,6.1899533,-5.079304,-4.993133
1500077927657,6.1899533,-5.0984535,-5.0122824
1500077927720,6.2474008,-5.021857,-4.954835
1500077927784,6.410168,-4.954835,-5.021857
1500077927848,6.4293175,-4.887813,-5.2133484
1500077927912,6.37187,-5.088879,-4.9835587
1500077927975,6.37187,-4.8782387,-4.9739842
1500077928039,6.3431463,-5.17505,-5.2037735
1500077928103,6.3814445,-5.194199,-5.28037
1500077928167,6.3144226,-5.3186684,-5.1271772
1500077928230,6.5346375,-5.3186684,-5.3569665
1500077928294,6.410168,-5.17505,-5.1176023
1500077928358,6.2761245,-4.9835587,-4.9835587
1500077928421,6.438892,-5.7782474,-5.682502
1500077928485,6.6495323,-5.1846247,-5.1846247
1500077928550,6.525063,-5.366541,-5.3569665
1500077928613,6.639958,-5.28037,-5.1176023
1500077928676,6.7069798,-5.3186684,-5.328243
1500077928740,6.678256,-5.309094,-5.079304
1500077928804,6.6495323,-5.452712,-5.1176023
1500077928867,6.6591067,-5.328243,-5.3186684
1500077928931,6.630383,-5.538883,-5.1846247
1500077928995,6.5059137,-5.49101,-5.3186684
1500077929058,6.6208086,-5.376116,-5.261221
1500077929122,6.5059137,-5.2707953,-5.232497
1500077929186,6.7069798,-5.5580325,-5.3186684
1500077929250,6.6878304,-5.433563,-5.17505
1500077929313,6.4676156,-5.5963306,-5.4048395
1500077929377,6.525063,-5.194199,-5.232497
1500077929441,6.515488,-5.3378177,-5.28037
1500077929505,6.7931504,-5.538883,-5.232497
1500077929568,6.639958,-5.3378177,-5.261221
1500077929632,6.5059137,-5.538883,-5.414414
1500077929696,6.5346375,-5.2707953,-5.3569665
1500077929759,6.486765,-5.299519,-5.2037735
1500077929823,6.544212,-5.5484576,-5.309094
1500077929887,6.5729356,-5.5580325,-5.232497
1500077929951,6.5346375,-5.481436,-5.2899446
1500077930014,6.592085,-5.3952646,-5.17505
1500077930078,6.486765,-5.28037,-5.2420716
1500077930142,6.5825105,-5.586756,-5.3378177
1500077930205,6.544212,-5.261221,-5.261221
1500077930269,6.639958,-5.3952646,-5.376116
1500077930333,6.592085,-5.38569,-5.17505
1500077930397,6.668681,-5.38569,-5.328243
1500077930461,6.6495323,-5.309094,-5.2037735
1500077930524,6.611234,-5.3378177,-5.414414
1500077930588,6.5537868,-5.1846247,-5.194199
1500077930652,6.47719,-5.7303743,-5.414414
1500077930715,6.218677,-5.797396,-5.4431376
1500077930779,6.132506,-5.529309,-5.0122824
1500077930843,6.458041,-3.777164,-4.1026993
1500077930906,6.410168,-1.9675722,-6.6878304
1500077930970,6.1420803,-3.3080106,-8.631466
1500077931034,5.4718614,-2.168638,-7.0708127
1500077931097,5.4239883,-1.7569319,-6.975067
1500077931161,5.002708,-1.9675722,-8.4686985
1500077931225,4.3612123,-2.647366,-8.947427
1500077931289,4.3133397,-2.2452345,-9.675094
1500077931352,3.604822,-2.475024,-9.780414
1500077931416,3.3367343,-2.9154537,-8.918703
1500077931480,3.5378,-3.2984362,-8.755936
1500077931544,3.1548176,-2.3122563,-8.564445
1500077931607,2.9154537,-2.475024,-7.741032
1500077931671,0.8952214,-2.2356598,-8.047418
1500077931735,-1.2111819,-2.101616,-11.063405
1500077931798,-1.9005502,-2.2260852,-12.46129
1500077931862,-2.360129,-2.8771553,-13.744282
1500077931926,-2.4367256,-1.8909757,-10.833615
1500077931989,-2.8101335,-1.9962958,-9.445304
1500077932053,-3.1452432,-2.4367256,-9.933606
1500077932117,-3.0016246,-2.580344,-8.535721
1500077932181,-3.2026904,-2.8580062,-8.143164
1500077932244,-3.4324799,-3.499502,-7.56869
1500077932308,-3.5665238,-4.7537694,-5.998462
1500077932372,-4.7250457,-4.9835587,-5.9314404
1500077932436,-7.8655014,-6.7261286,-4.303765
1500077932499,-6.563361,-8.564445,-7.156984
1500077932563,-2.168638,-10.326163,-10.048501
1500077932627,-1.3643749,-8.487848,-9.263388
1500077932690,-2.015445,-6.486765,-8.21976
1500077932754,-2.7718353,-5.692076,-11.647452
1500077932818,-2.6760898,-3.930357,-9.818711
1500077932881,-2.8101335,-3.6814184,-10.795317
1500077932945,-3.4037561,-3.0111992,-10.010203
1500077933009,-3.2792869,-1.8143792,-8.401677
1500077933074,-3.1643922,-1.5079932,-8.755936
1500077933137,-2.3505547,-1.0579889,-9.933606
1500077933200,-1.8526775,-1.5367169,-9.253813
1500077933264,-1.383524,-1.2782038,-10.19212
1500077933328,-0.9430942,-2.4654493,-11.015532
1500077933392,-2.5037475,-3.518651,-8.995299
1500077933455,-4.495256,-2.972901,-7.2910275
1500077933519,-5.692076,-4.045252,-7.5399666
1500077933582,-6.9942164,-3.4899273,-7.4059224
1500077933646,-9.110194,-3.4420545,-6.975067
1500077933710,-13.44747,-2.800559,-6.113357
1500077933774,-10.833615,-3.3941817,-3.499502
1500077933837,-8.334655,-3.059072,-1.8048047
1500077933901,-9.952756,-2.88673,-3.1069448
1500077933965,-9.349558,-2.5707695,-3.1548176
1500077934028,-9.349558,-2.5994933,-1.7569319
1500077934092,-10.862339,-2.5420458,-0.8473486
1500077934156,-11.484685,-0.12925656,-1.5271424
1500077934220,-11.36979,1.4218222,-1.3452257
1500077934283,-10.249567,0.39734426,-0.9526688
1500077934347,-10.555953,-0.61755913,-1.8814012
1500077934411,-10.441058,-0.8664977,-2.187787
1500077934475,-10.048501,-1.1633091,-2.0728924
1500077934538,-9.665519,-1.3548003,-1.929274
1500077934602,-9.378282,-1.862252,-1.3739494
1500077934666,-9.837861,-1.862252,-1.2111819
1500077934729,-10.230418,-1.2016073,-0.98139244
1500077934793,-10.096374,-1.1920328,-0.78032666
1500077934857,-9.924032,-1.9101248,-0.5505372
1500077934921,-9.703817,-2.0058703,-1.1920328
1500077934984,-9.579348,-1.9005502,-1.3165021
1500077935048,-9.732541,-1.622888,-1.1250108
1500077935112,-10.000628,-1.4505459,-1.0484143
1500077935175,-9.98148,-1.4313968,-1.1345854
1500077935239,-9.742115,-1.5271424,-1.1154363
1500077935303,-9.502751,-1.6803354,-0.99096704
1500077935367,-9.598496,-1.4984187,-1.0867126
1500077935430,-9.598496,-1.6516117,-0.99096704
1500077935494,-9.703817,-1.4792696,-0.9526688
1500077935558,-9.799562,-1.4218222,-1.0484143
1500077935621,-9.550624,-1.6324625,-0.9526688
1500077935685,-9.29211,-1.3548003,-1.2111819
1500077935749,-9.31126,-1.6707608,-1.3356512
1500077935813,-9.3878565,-2.0537431,-1.2494801
1500077935876,-9.952756,-1.929274,-1.1345854
1500077935940,-10.163396,-1.5367169,-1.1537346
1500077936004,-9.885734,-1.0292653,-1.2207564
1500077936067,-9.608071,-1.0292653,-0.99096704
1500077936131,-9.464453,-1.2877784,-1.0771381
1500077936195,-9.349558,-1.5750152,-1.3356512
1500077936259,-9.426155,-1.6420372,-1.5462915
1500077936322,-9.426155,-1.6420372,-1.4122477
1500077936386,-9.435729,-1.6611862,-1.1824582
1500077936450,-9.608071,-1.8909757,-1.2303311
1500077936513,-9.837861,-1.3930986,-0.78032666
1500077936577,-9.091045,-1.2877784,-0.03351096
1500077936641,-9.320834,-1.0484143,0.25372586
1500077936705,-9.569773,-1.4888442,-0.110107444
1500077936768,-10.163396,-1.7473572,-0.83777404
1500077936832,-9.54105,-1.4122477,-0.5505372
1500077936896,-9.320834,-0.63670826,0.47394073
1500077936959,-9.29211,-1.4313968,0.36862057
1500077937023,-9.2825365,-1.6899099,-0.2441513
1500077937087,-9.177217,-1.3548003,-0.062234644
1500077937150,-9.6942425,-1.3548003,0.15798025
1500077937214,-10.077225,-1.383524,-0.12925656
1500077937278,-10.709146,-0.39734426,0.2154276
1500077937342,-11.26447,-0.2441513,0.50266445
1500077937405,-11.666602,-1.5845897,-1.2877784
1500077937469,-8.957002,-2.1973617,-1.5271424
1500077937533,-7.4920936,-0.99096704,-1.0484143
1500077937597,-10.038927,-1.5654407,-1.3548003
1500077937661,-8.708063,-1.7569319,-1.0962871
1500077937725,-8.564445,-1.383524,-1.0962871
1500077937788,-9.004874,-1.8814012,-1.6611862
1500077937851,-9.349558,-1.9196993,-1.4218222
1500077937915,-9.483603,-1.5941644,-1.4792696
1500077937979,-11.28362,-0.6845811,-0.9718179
1500077938043,-12.174053,0.0718092,-0.7228793
1500077938106,-13.284702,-0.6558574,-1.4026731
1500077938170,-7.2144313,-1.3069274,1.0579889
1500077938234,-8.6697645,0.7324539,-1.0867126
1500077938298,-8.047418,0.9718179,-1.4218222
1500077938361,-7.0133657,0.10053288,-0.05266008
1500077938426,-8.564445,-1.6994845,-0.8090504
1500077938489,-9.924032,-2.0058703,-0.8952214
1500077938552,-12.442142,-1.6420372,-1.5462915
1500077938616,-13.457045,-1.7473572,-1.1345854
1500077938680,-9.75169,-2.1782124,-0.14840569
1500077938743,-10.517654,-1.2111819,-2.034594
1500077938807,-7.5208173,-1.1058618,-1.3930986
1500077938871,-6.592085,-0.14840569,-0.5218136
1500077938935,-9.6942425,-0.71330476,-1.4984187
1500077938998,-12.001712,0.5218136,-3.4899273
1500077939062,-11.484685,1.4792696,-3.5090764
1500077939126,-10.71872,0.6271337,-2.2643836
1500077939190,-11.7049,1.7473572,-1.5367169
1500077939253,-9.272962,1.5367169,-0.8473486
1500077939317,-6.3144226,0.751603,0.8186249
1500077939381,-7.702734,-1.4313968,0.00478728
1500077939445,-10.843189,-2.7814097,0.00478728
1500077939508,-12.844273,-2.187787,0.023936402
1500077939572,-14.921952,-1.3260766,-0.10053288
1500077939635,-11.676176,-0.5792609,-0.71330476
1500077939699,-11.800646,-0.36862057,-2.0824668
1500077939763,-8.200611,-0.8090504,-0.59841
1500077939827,-6.8601727,-0.9430942,-0.17712937
1500077939890,-8.066567,-1.5367169,-1.1058618
1500077939954,-10.919786,0.27287498,-1.5079932
1500077940018,-12.260224,0.023936402,-2.1399143
1500077940081,-12.384694,-0.8186249,-1.1345854
1500077940145,-12.126181,-0.8856468,-0.014361841
1500077940210,-9.531475,-0.25372586,-2.0728924
1500077940273,-7.999545,0.23457673,-0.2154276
1500077940336,-11.015532,-0.83777404,-0.2441513
1500077940400,-11.953838,-1.3930986,0.32074776
1500077940464,-11.312344,-2.4367256,-0.92394507
1500077940528,-12.997466,-3.6431203,-1.1345854
1500077940591,-11.743198,-1.7377827,-0.8760723
1500077940655,-10.92936,-1.8048047,-1.3260766
1500077940719,-9.20594,-0.63670826,-1.0675635
1500077940783,-13.370873,-1.0388398,-3.126094
1500077940846,-14.711312,1.7377827,-5.3378177
1500077940910,-11.111278,4.1601467,-4.7250457
1500077940974,-9.29211,-1.3643749,-0.99096704
1500077941037,-8.104865,-1.4984187,0.8952214
1500077941101,-11.149575,-0.4835153,1.0484143
1500077941165,-8.9761505,-1.1058618,-1.6611862
1500077941228,-7.2144313,1.1345854,-2.2260852
1500077941292,-12.528313,-0.8473486,1.1920328
1500077941356,-13.313426,-1.3930986,2.3314054
1500077941420,-13.610238,-0.8856468,-0.359046
1500077941483,-13.437896,-1.2111819,-0.36862057
1500077941547,-12.202777,-1.2303311,-1.5271424
1500077941611,-9.474028,-1.1154363,-1.6037389
1500077941674,-6.764427,-0.45479164,-0.9718179
1500077941738,-9.780414,-0.99096704,-1.7377827
1500077941802,-12.557036,0.2154276,-3.4803526
1500077941865,-11.101703,2.4845984,-4.2080193
1500077941929,-10.278291,0.46436617,-1.3165021
1500077941993,-9.31126,0.9430942,-1.1345854
1500077942057,-10.29744,0.5888355,-1.6133134
1500077942120,-8.889979,0.63670826,-1.7377827
1500077942184,-8.401677,0.13883112,0.13883112
1500077942248,-12.164479,-1.5175679,-0.33032233
1500077942312,-15.534724,-2.1782124,0.7228793
1500077942375,-13.878325,-2.0537431,1.0484143
1500077942439,-12.786825,-2.321831,0.90479594
1500077942504,-12.499589,-0.33032233,-1.948423
1500077942566,-10.421909,0.0718092,-1.4505459
