1500077380986,-5.3186684,3.844186,6.7069798
1500077381050,-5.5101595,3.6526947,6.6208086
1500077381115,-5.2707953,3.9686553,6.869747
1500077381178,-5.2037735,3.7005677,6.8410234
1500077381242,-5.299519,4.3803616,6.831449
1500077381305,-5.3569665,3.9782298,6.7069798
1500077381369,-5.222923,3.8058877,6.7261286
1500077381432,-5.28037,4.2271686,6.783576
1500077381496,-5.376116,3.8633351,6.611234
1500077381560,-5.4048395,4.0356774,6.678256
1500077381624,-5.452712,4.131423,6.6016593
1500077381687,-5.529309,4.1792955,6.323997
1500077381751,-5.5580325,4.342063,6.2378263
1500077381815,-5.5771813,4.3133397,6.2474008
1500077381878,-5.5580325,4.3612123,6.304848
1500077381942,-5.538883,4.4186597,6.323997
1500077382006,-5.5484576,4.3612123,6.1995277
1500077382070,-5.5963306,4.4473834,6.2474008
1500077382133,-5.5963306,4.4473834,6.1420803
1500077382197,-5.567607,4.428234,6.170804
1500077382261,-5.5580325,4.4473834,6.2761245
1500077382325,-5.5484576,4.4473834,6.285699
1500077382388,-5.586756,4.495256,6.2091026
1500077382452,-5.529309,4.476107,6.544212
1500077382516,-5.7208,3.604822,5.5771813
1500077382579,-5.347392,4.849515,6.4005938
1500077382643,-5.3378177,4.236743,6.821874
1500077382707,-5.4431376,3.8920588,6.3622956
1500077382771,-5.3569665,4.275041,6.630383
1500077382834,-5.376116,4.5622783,6.438892
1500077382898,-5.49101,4.389936,6.3814445
1500077382962,-5.5484576,4.0261025,6.1995277
1500077383025,-5.5484576,4.437809,6.458041
1500077383089,-5.605905,4.2271686,6.3814445
1500077383153,-5.5580325,4.322914,6.410168
1500077383217,-5.6154795,3.9782298,6.151655
1500077383280,-5.49101,4.2941904,6.544212
1500077383344,-5.4718614,4.2941904,6.515488
1500077383408,-5.5101595,3.9686553,6.323997
1500077383471,-5.4718614,4.1792955,6.5825105
1500077383535,-5.4431376,4.0931244,6.5346375
1500077383599,-5.49101,4.0739756,6.4484663
1500077383663,-5.481436,4.0069537,6.5346375
1500077383726,-5.481436,3.9590807,6.391019
1500077383790,-5.3952646,4.150572,6.47719
1500077383854,-5.328243,3.9878044,6.697405
1500077383918,-5.232497,3.930357,6.9654927
1500077383981,-5.2707953,3.6335456,7.02294
1500077384045,-5.2133484,4.169721,6.7740016
1500077384109,-5.232497,4.045252,6.975067
1500077384172,-5.222923,3.7005677,6.697405
1500077384236,-5.4048395,3.911208,6.8793216
1500077384300,-5.414414,3.997379,6.3431463
1500077384364,-5.5771813,4.150572,6.5059137
1500077384436,-5.481436,3.997379,6.6016593
1500077384491,-5.5963306,3.9590807,6.391019
1500077384555,-5.5771813,4.0261025,6.5825105
1500077384618,-5.5771813,4.198445,6.3527207
1500077384682,-5.605905,3.911208,6.4293175
1500077384746,-5.481436,4.0261025,6.285699
1500077384810,-5.28037,4.3995104,6.9176197
1500077384873,-5.4048395,3.911208,6.7261286
1500077384937,-5.4239883,4.016528,6.4197426
1500077385001,-5.299519,4.428234,6.611234
1500077385064,-5.3186684,3.930357,6.458041
1500077385128,-5.3569665,4.428234,6.7069798
1500077385192,-5.3186684,4.0261025,6.8601727
1500077385256,-5.366541,4.0931244,6.6495323
1500077385319,-5.3378177,4.2654667,6.47719
1500077385383,-5.5580325,4.198445,6.2282515
1500077385447,-5.5963306,4.2175937,6.2474008
1500077385510,-5.6154795,4.2463174,6.304848
1500077385574,-5.692076,4.322914,5.9027166
1500077385638,-5.605905,4.6005764,6.0080366
1500077385702,-5.5484576,4.715471,6.2474008
1500077385765,-5.5484576,4.543129,6.256975
1500077385830,-5.567607,4.437809,6.132506
1500077385894,-5.586756,4.6293,5.787822
1500077385958,-5.49101,4.6675982,5.912291
1500077386020,-5.5580325,4.73462,6.2282515
1500077386084,-5.4239883,3.9686553,6.2474008
1500077386148,-5.021857,5.0984535,6.668681
1500077386212,-5.021857,4.5239797,6.898471
1500077386275,-5.3952646,3.777164,6.8601727
1500077386339,-5.3378177,4.7441945,5.998462
1500077386402,-5.414414,4.916537,5.9027166
1500077386466,-5.5101595,4.4186597,6.256975
1500077386530,-5.5580325,4.303765,6.391019
1500077386593,-5.5484576,4.4186597,6.2091026
1500077386657,-5.5484576,4.5335546,6.1229315
1500077386721,-5.5963306,4.5527034,6.113357
1500077386785,-5.586756,4.284616,6.333572
1500077386848,-5.605905,4.437809,6.2091026
1500077386912,-5.5963306,4.495256,6.438892
1500077386976,-5.5771813,4.581427,7.3771987
1500077387039,-5.481436,5.6250544,8.21976
1500077387103,-5.8644185,6.2091026,8.372953
1500077387167,-6.256975,4.322914,5.7495236
1500077387231,-7.721883,3.8346114,0.6845811
1500077387294,-8.478273,3.0111992,-1.3069274
1500077387358,-8.34423,0.5888355,-1.6707608
1500077387422,-7.56869,-4.8973875,1.2686293
1500077387485,-8.23891,-6.5537868,4.935686
1500077387549,-8.44955,-1.9962958,4.543129
1500077387613,-9.129343,-0.5792609,3.3558834
1500077387677,-9.004874,-0.92394507,1.4984187
1500077387740,-9.41658,-0.42606795,0.7228793
1500077387804,-9.675094,-0.42606795,-0.5313881
1500077387868,-8.55487,-1.2494801,0.0
1500077387931,-6.4484663,-7.2240057,-1.929274
1500077387995,-6.3431463,-10.881488,-0.6079846
1500077388059,-5.634629,-8.621892,3.5378
1500077388123,-5.1176023,-9.8953085,2.0058703
1500077388186,-6.4197426,-9.722966,-0.14840569
1500077388250,-6.6878304,-4.6675982,2.101616
1500077388314,-6.544212,-5.8835673,3.059072
1500077388377,-6.3431463,-7.922949,1.7186337
1500077388441,-6.4676156,-7.922949,1.9579976
1500077388505,-6.4484663,-6.697405,2.9346027
1500077388568,-6.323997,-5.7208,2.5994933
1500077388632,-6.3527207,-7.176133,3.3750327
1500077388696,-6.4963393,-6.47719,1.4984187
1500077388760,-6.850598,-8.076141,1.3165021
1500077388823,-6.7069798,-8.803808,3.078221
1500077388887,-6.5825105,-6.831449,2.6856642
1500077388951,-7.0325146,-4.73462,2.9920502
1500077389015,-7.8272033,-4.5144053,1.1537346
1500077389078,-8.545295,-4.581427,0.90479594
1500077389142,-8.679339,-3.8058877,1.9771467
1500077389206,-8.44955,-2.5707695,2.7048132
1500077389270,-8.708063,-2.408002,2.2260852
1500077389334,-9.043172,-2.034594,2.0441687
1500077389397,-9.253813,-3.020774,1.3452257
1500077389462,-9.339984,-2.8292825,1.8048047
1500077389524,-9.158067,-2.88673,2.4463003
1500077389588,-9.091045,-2.101616,2.6090677
1500077389652,-8.803808,-0.6558574,2.3122563
1500077389715,-8.698488,0.4835153,2.0633178
1500077389779,-9.579348,0.8090504,1.3452257
1500077389843,-9.41658,1.1537346,1.2303311
1500077389907,-9.31126,0.3877697,1.4505459
1500077389970,-9.225089,-0.78032666,1.79523
1500077390034,-8.995299,-2.3888528,0.8760723
1500077390098,-8.880404,-4.1409974,-0.359046
1500077390161,-9.043172,-5.3952646,-0.6271337
1500077390225,-9.177217,-5.7016506,-0.47394073
1500077390289,-8.794233,-5.079304,0.03351096
1500077390353,-8.602742,-4.351638,0.76117754
1500077390416,-8.6697645,-4.0644007,1.2303311
1500077390480,-8.612317,-3.4899273,1.622888
1500077390544,-8.631466,-1.9196993,2.7909844
1500077390607,-8.411251,-2.8388572,3.5473747
1500077390671,-8.296356,-2.5324712,3.6814184
1500077390735,-7.769756,-0.7228793,3.4803526
1500077390799,-6.5729356,-3.346309,2.3505547
1500077390862,-6.304848,-5.7016506,0.6845811
1500077390926,-5.739949,-9.8953085,-0.5218136
1500077390990,-5.2707953,-11.819795,-0.8090504
1500077391053,-4.351638,-11.015532,-2.2452345
1500077391117,-4.0356774,-11.398514,-0.512239
1500077391181,-4.772918,-7.741032,1.4888442
1500077391245,-6.151655,-7.2910275,1.6516117
1500077391308,-4.868664,-6.180379,5.1176023
1500077391372,-4.658024,-5.481436,7.4537954
1500077391436,-3.1452432,-3.930357,9.5219
1500077391499,-2.4654493,-8.047418,4.150572
1500077391563,-2.015445,-7.56869,3.173967
1500077391628,-0.512239,-6.7261286,5.481436
1500077391692,0.93351966,-7.02294,5.1654754
1500077391756,1.79523,-6.821874,4.1601467
1500077391818,2.513322,-7.3006024,4.3612123
1500077391882,1.9867213,-9.014449,5.2899446
1500077391946,1.9005502,-9.043172,5.500585
1500077392009,2.714388,-8.535721,4.428234
1500077392073,4.5239797,-9.100619,6.3527207
1500077392137,4.3707867,-7.999545,6.850598
1500077392201,3.671844,-6.0367603,4.96441
1500077392264,2.647366,-5.079304,6.8027253
1500077392328,3.0303483,-5.9027166,7.8272033
1500077392392,2.5994933,-7.46337,8.420826
1500077392455,2.3505547,-6.2761245,7.0995364
1500077392519,2.1973617,-5.7495236,6.47719
1500077392583,3.1548176,-6.9463434,8.315506
1500077392646,4.121848,-5.5771813,9.435729
1500077392710,4.610151,-4.131423,8.171887
1500077392774,4.5718527,-3.690993,7.003791
1500077392838,6.7931504,-0.39734426,7.8367777
1500077392901,6.2952733,-0.665432,6.2474008
1500077392965,5.4048395,0.36862057,6.668681
1500077393029,1.7377827,1.2782038,8.803808
1500077393092,3.0973704,2.4463003,9.876159
1500077393156,7.310177,-2.0250196,15.850685
1500077393220,4.5718527,-11.982562,5.366541
1500077393284,1.1728836,9.464453,6.515488
1500077393347,9.407005,6.9271946,8.353804
1500077393411,7.156984,2.254809,5.7782474
1500077393475,4.763344,8.066567,7.8176284
1500077393538,3.7292912,5.5771813,8.152739
1500077393602,1.0962871,3.5856729,7.1857076
1500077393666,-0.6271337,2.8388572,6.6878304
1500077393730,-2.3505547,2.168638,5.8931417
1500077393793,-3.7101421,3.7675896,7.2240057
1500077393857,-4.3707867,4.4856815,7.4059224
1500077393921,-4.1888704,3.126094,7.2910275
1500077393985,-3.5760984,2.4654493,7.8846507
1500077394048,-4.08355,1.6707608,8.4686985
1500077394112,-5.021857,2.3314054,8.200611
1500077394176,-6.256975,3.4037561,6.8601727
1500077394239,-6.563361,3.758015,6.0463347
1500077394303,-6.1612296,3.5952475,5.1846247
1500077394367,-5.155901,4.715471,4.954835
1500077394430,-4.504831,6.1229315,5.519734
1500077394494,-4.6675982,5.1846247,5.960164
1500077394558,-6.304848,5.088879,5.6154795
1500077394622,-6.4484663,5.8931417,4.3803616
1500077394685,-6.017611,6.3622956,3.777164
1500077394749,-5.108028,6.0463347,4.131423
1500077394813,-3.451629,5.4048395,6.017611
1500077394877,-2.4367256,4.1026993,7.3006024
1500077394940,-3.690993,6.065484,6.4197426
1500077395004,-6.0367603,4.7058964,7.2623043
1500077395068,-6.333572,-1.4122477,4.5910015
1500077395132,-4.495256,1.0484143,3.6431203
1500077395195,-3.930357,7.587839,12.145329
1500077395259,-1.5271424,-2.905879,10.92936
1500077395323,-7.12826,-8.784659,5.1654754
1500077395386,-4.715471,-2.2643836,10.871913
1500077395450,-5.481436,2.8292825,11.293194
1500077395514,-5.519734,4.0644007,8.363379
1500077395577,-6.1420803,2.972901,6.0367603
1500077395641,-5.835695,0.44521707,5.0122824
1500077395705,-6.4197426,-0.17712937,3.9495063
1500077395770,-5.9027166,-0.23457673,5.3569665
1500077395832,-5.797396,0.05266008,6.6878304
1500077395896,-6.563361,-0.26330042,6.639958
1500077395961,-5.873993,-1.9771467,6.563361
1500077396024,-6.0463347,-1.7377827,5.0314317
1500077396088,-6.4293175,-1.3643749,5.0601554
1500077396151,-7.7793303,-3.2026904,7.769756
1500077396215,-7.4250717,-7.6835847,8.708063
1500077396278,-8.200611,2.2643836,12.892146
1500077396343,-11.771922,10.010203,4.0261025
1500077396406,-6.1229315,4.351638,0.512239
1500077396470,0.64628285,7.348475,6.6016593
1500077396534,-0.70373017,0.83777404,6.515488
1500077396597,0.50266445,-8.55487,4.658024
1500077396661,-0.45479164,-10.862339,2.9441774
1500077396724,-0.70373017,-8.382527,4.0644007
1500077396788,-0.9622433,-9.828286,1.7569319
1500077396852,-1.1920328,-9.7899885,1.9196993
1500077396916,-1.6994845,-8.2676325,1.0388398
1500077396979,-3.8920588,-8.832532,0.37819514
1500077397043,-5.452712,-10.910212,0.4164934
1500077397107,-6.323997,-10.354887,-2.187787
1500077397171,-7.2144313,-7.1474094,-3.8920588
1500077397234,-6.9271946,-7.6069884,-5.414414
1500077397298,-5.692076,-8.583593,-4.6867476
1500077397362,-4.504831,-5.8835673,-4.1792955
1500077397425,-3.690993,-7.2144313,-1.929274
1500077397489,-5.5580325,-8.995299,-1.0292653
1500077397553,-4.9835587,-8.602742,-0.5792609
1500077397616,-3.1165195,-9.809137,0.28244954
1500077397680,-3.6143966,-10.910212,-0.8186249
1500077397744,-3.844186,-10.565528,-3.193116
1500077397808,-2.2643836,-8.985725,-4.131423
1500077397871,-0.9526688,-8.526146,-4.504831
1500077397935,-0.6271337,-8.832532,-5.021857
1500077397999,-1.7569319,-5.414414,-5.222923
1500077398063,-2.3505547,-7.7506065,-4.849515
1500077398126,-4.6293,-7.482519,-4.5239797
1500077398190,-5.82612,-7.8272033,-5.797396
1500077398254,-5.7016506,-8.497422,-5.4239883
1500077398318,-4.648449,-8.372953,-4.6675982
1500077398381,-5.5484576,-4.2463174,-4.2941904
1500077398445,-4.2558923,-6.2952733,-2.9920502
1500077398509,-5.519734,-8.372953,-4.782493
1500077398572,-5.079304,-4.7058964,-6.218677
1500077398636,-3.2984362,-5.0505805,-5.8165455
1500077398700,-5.433563,-5.6633525,-7.176133
1500077398763,-5.1271772,-5.481436,-9.024023
1500077398827,-3.2505634,-5.634629,-7.3389006
1500077398891,-2.408002,-4.495256,-6.936769
1500077398955,-2.9537518,-5.6154795,-8.746361
1500077399018,-3.6814184,-9.378282,-11.379365
1500077399082,-5.8548436,-5.6250544,-6.821874
1500077399146,-2.1399143,0.0718092,6.0559096
1500077399218,1.5175679,-8.995299,9.0814705
1500077399273,0.93351966,-11.28362,6.5825105
1500077399337,2.7909844,-4.9452605,8.679339
1500077399401,2.254809,-8.21976,5.146326
1500077399464,2.3314054,-7.7793303,5.414414
1500077399528,1.7856555,-7.2335806,5.002708
1500077399592,-0.32074776,-8.11444,4.1026993
1500077399656,-0.6271337,-8.583593,5.088879
1500077399719,-1.6037389,-8.2676325,6.132506
1500077399783,-2.101616,-8.727212,4.6675982
1500077399847,-1.929274,-9.7899885,2.2931073
1500077399910,-2.4463003,-9.445304,-1.2590547
1500077399974,-2.1590633,-9.684668,-4.3803616
1500077400038,-0.6271337,-10.651698,-6.285699
1500077400102,0.0,-9.004874,-3.8346114
1500077400165,-0.8664977,-6.6878304,1.1345854
1500077400229,-4.3324885,-8.363379,-3.4037561
1500077400293,-3.2792869,-8.717637,-5.9314404
1500077400356,-4.3803616,-7.042089,-8.143164
1500077400420,-4.610151,-6.0367603,-7.7601814
1500077400484,-4.5335546,-5.2516465,-6.7931504
1500077400548,-5.06973,-4.8303657,-6.8601727
1500077400611,-4.8782387,-4.131423,-5.146326
1500077400675,-3.5378,-4.8207912,-5.1654754
1500077400739,-3.8824842,-4.4186597,-8.593168
1500077400802,-3.8633351,-5.1654754,-9.301685
1500077400866,-3.4229054,-5.538883,-8.487848
1500077400930,-2.321831,-4.9452605,-7.855927
1500077400994,-2.1782124,-5.0314317,-8.23891
1500077401057,-2.5994933,-5.5963306,-7.635712
1500077401121,-2.7718353,-6.0367603,-7.9803963
1500077401185,-2.666515,-5.586756,-8.047418
1500077401248,-3.0494976,-5.8835673,-8.056993
1500077401312,-3.3080106,-5.6250544,-7.635712
1500077401376,-3.4803526,-5.806971,-7.654861
1500077401441,-3.4229054,-5.7303743,-7.587839
1500077401505,-3.2218397,-5.8644185,-7.587839
1500077401567,-3.3367343,-6.017611,-7.808054
1500077401631,-3.365458,-6.304848,-7.654861
1500077401695,-3.5473747,-6.132506,-7.0803876
1500077401758,-3.7484405,-6.0750585,-6.4676156
1500077401822,-3.911208,-5.605905,-6.0367603
1500077401886,-4.2271686,-5.7112255,-5.4718614
1500077401949,-4.7441945,-6.113357,-5.5101595
1500077402013,-4.543129,-6.5346375,-5.586756
1500077402077,-4.342063,-7.12826,-5.988888
1500077402141,-4.5335546,-6.544212,-5.873993
1500077402213,-4.1888704,-6.151655,-5.941015
1500077402268,-4.236743,-6.0367603,-6.6591067
1500077402332,-4.3803616,-5.644203,-6.936769
1500077402396,-4.4090853,-5.941015,-7.6740103
1500077402459,-4.456958,-5.7016506,-7.1665583
1500077402523,-4.495256,-5.433563,-6.821874
1500077402587,-4.466532,-6.458041,-6.8888965
1500077402650,-4.5335546,-5.960164,-5.17505
1500077402714,-3.4803526,-6.544212,-5.6154795
1500077402778,-4.849515,-6.2474008,-6.4005938
1500077402841,-3.9878044,-6.1995277,-5.3569665
1500077402905,-4.1792955,-5.8165455,-6.8027253
1500077402969,-4.5239797,-6.0367603,-7.3389006
1500077403033,-4.4186597,-6.0750585,-6.668681
1500077403096,-4.2558923,-5.529309,-6.0559096
1500077403160,-4.543129,-6.2378263,-7.1186857
1500077403224,-4.236743,-6.323997,-6.9463434
1500077403287,-4.045252,-5.845269,-6.821874
1500077403351,-3.8058877,-5.0601554,-6.4293175
1500077403415,-3.6622694,-5.7208,-6.3527207
1500077403479,-4.3803616,-5.960164,-7.6069884
1500077403542,-4.466532,-6.0559096,-7.7984796
1500077403606,-4.2271686,-5.988888,-7.0995364
1500077403671,-3.7963133,-6.2761245,-6.132506
1500077403734,-3.451629,-6.333572,-6.256975
1500077403797,-3.8920588,-6.783576,-5.7208
1500077403861,-3.8537605,-5.7016506,-6.3431463
1500077403925,-4.045252,-6.132506,-6.2091026
1500077403989,-3.930357,-6.5729356,-6.2282515
1500077404052,-3.9590807,-6.544212,-6.8027253
1500077404116,-3.8537605,-6.515488,-7.089962
1500077404180,-3.6814184,-6.323997,-7.0803876
1500077404243,-3.346309,-6.458041,-6.391019
1500077404308,-3.3558834,-6.4293175,-7.042089
1500077404372,-3.5569491,-6.1899533,-6.3622956
1500077404435,-3.8729098,-6.7069798,-6.7261286
1500077404498,-3.6431203,-6.47719,-6.9654927
1500077404562,-3.5665238,-6.218677,-7.0133657
1500077404626,-3.518651,-5.6154795,-6.869747
1500077404689,-3.6335456,-5.7112255,-6.9463434
1500077404753,-3.518651,-6.180379,-7.0133657
1500077404817,-3.3750327,-6.4484663,-7.1091113
1500077404881,-3.2697124,-6.0846334,-7.2240057
1500077404944,-3.039923,-6.180379,-6.9271946
1500077405008,-3.1069448,-6.3431463,-7.0995364
1500077405072,-3.3080106,-6.0750585,-7.3867736
1500077405135,-3.3750327,-5.835695,-7.2144313
1500077405199,-3.2601378,-5.692076,-7.3771987
1500077405263,-3.2984362,-5.7112255,-7.4920936
1500077405327,-3.2505634,-5.7782474,-7.56869
1500077405390,-3.193116,-5.806971,-7.4154973
1500077405454,-3.2218397,-5.7782474,-7.281453
1500077405518,-3.193116,-5.787822,-7.3771987
1500077405581,-3.1452432,-5.567607,-7.310177
1500077405645,-3.2409887,-5.692076,-7.587839
1500077405709,-3.231414,-5.5963306,-7.693159
1500077405773,-3.2409887,-5.414414,-7.7123084
1500077405836,-3.1643922,-5.4239883,-7.6069884
1500077405900,-3.2026904,-5.2707953,-7.875076
1500077405964,-3.3080106,-4.9739842,-7.8272033
1500077406027,-3.5090764,-4.96441,-7.9516726
1500077406091,-3.451629,-5.108028,-8.018694
1500077406155,-3.2792869,-5.146326,-7.9803963
1500077406219,-3.346309,-5.309094,-7.654861
1500077406282,-3.518651,-5.194199,-7.635712
1500077406346,-3.7963133,-5.0984535,-7.6835847
1500077406410,-4.504831,-5.2037735,-7.8655014
1500077406473,-4.3803616,-5.328243,-7.7123084
1500077406538,-4.322914,-4.6388745,-7.3867736
1500077406601,-4.926111,-4.322914,-7.788905
1500077406666,-4.2271686,-4.2463174,-7.6835847
1500077406729,-3.6335456,-4.849515,-7.434646
1500077406792,-3.5282254,-5.634629,-7.329326
1500077406856,-3.671844,-5.567607,-7.3006024
1500077406920,-3.9207826,-5.538883,-7.2144313
1500077406983,-4.6675982,-5.4048395,-7.4154973
1500077407047,-4.715471,-4.73462,-7.3676243
1500077407111,-4.8207912,-4.2654667,-7.741032
1500077407175,-4.715471,-4.0548263,-7.3676243
1500077407238,-4.6388745,-3.5952475,-7.549541
1500077407302,-4.648449,-3.7197168,-8.32508
1500077407366,-4.6388745,-3.844186,-7.7984796
1500077407429,-4.763344,-3.8824842,-7.5399666
1500077407493,-4.8207912,-3.777164,-7.9037995
1500077407557,-4.849515,-3.1835413,-8.085716
1500077407620,-4.7537694,-4.1122737,-8.21976
1500077407684,-4.782493,-3.4899273,-8.305931
1500077407748,-4.849515,-3.4612036,-8.315506
1500077407812,-5.041006,-4.1026993,-8.439975
1500077407875,-4.993133,-3.4707782,-6.9559183
1500077407939,-4.6005764,-4.5527034,-6.256975
1500077408003,-4.4856815,-5.1367517,-6.678256
1500077408066,-4.504831,-5.5484576,-7.35805
1500077408130,-4.9452605,-4.4186597,-7.788905
1500077408194,-4.7250457,-5.232497,-7.5782647
1500077408257,-4.543129,-4.437809,-6.6495323
1500077408321,-4.504831,-5.4431376,-6.8601727
1500077408385,-4.6293,-5.2037735,-7.1665583
1500077408449,-4.5527034,-4.763344,-7.2527294
1500077408512,-4.4856815,-5.021857,-7.4250717
1500077408576,-4.581427,-4.926111,-7.46337
1500077408640,-4.4856815,-4.2463174,-7.6740103
1500077408703,-4.495256,-5.155901,-7.3771987
1500077408767,-4.543129,-4.8782387,-7.9037995
1500077408831,-4.504831,-4.993133,-7.6740103
1500077408895,-4.3324885,-4.648449,-7.281453
1500077408958,-4.437809,-5.222923,-6.9271946
1500077409022,-4.3995104,-5.088879,-6.8793216
1500077409086,-4.648449,-5.0505805,-7.204857
1500077409149,-4.715471,-4.9739842,-7.089962
1500077409213,-4.8973875,-5.261221,-7.1857076
1500077409277,-4.6293,-4.9835587,-7.12826
1500077409341,-4.6005764,-4.782493,-7.4250717
1500077409413,-4.1888704,-5.079304,-7.176133
1500077409468,-4.610151,-5.222923,-7.3197513
1500077409532,-4.7058964,-5.7495236,-7.3676243
1500077409595,-4.6005764,-4.8590894,-6.8027253
1500077409659,-4.6867476,-5.0505805,-6.783576
1500077409723,-4.8303657,-5.4239883,-6.9080453
1500077409787,-4.954835,-5.500585,-6.9559183
1500077409850,-5.0314317,-5.28037,-6.8888965
1500077409914,-5.0601554,-5.28037,-6.7357035
1500077409978,-5.1846247,-5.347392,-6.5346375
1500077410041,-4.7537694,-4.926111,-5.672927
1500077410106,-5.1176023,-5.979313,-6.8122997
1500077410169,-4.916537,-5.605905,-6.132506
1500077410233,-5.108028,-5.787822,-6.486765
1500077410296,-5.2037735,-5.5484576,-6.544212
1500077410360,-5.17505,-5.6250544,-6.391019
1500077410424,-5.155901,-5.759098,-6.3622956
1500077410488,-5.1846247,-5.49101,-6.323997
1500077410551,-5.28037,-5.4718614,-6.3431463
1500077410615,-5.3952646,-5.1367517,-6.2282515
1500077410679,-5.376116,-5.366541,-6.1229315
1500077410742,-5.4048395,-4.849515,-6.0750585
1500077410806,-5.4431376,-4.4090853,-6.7931504
1500077410870,-5.5771813,-4.6771727,-7.4250717
1500077410934,-5.38569,-4.7250457,-7.4729443
1500077410997,-5.021857,-4.275041,-6.8122997
1500077411061,-5.261221,-3.690993,-7.4154973
1500077411125,-5.634629,-3.365458,-7.808054
1500077411188,-5.672927,-3.384607,-7.12826
1500077411252,-5.634629,-2.580344,-7.9708214
1500077411316,-5.4239883,-1.7856555,-7.9899707
1500077411380,-5.644203,-2.3505547,-8.191036
1500077411443,-6.094208,-3.0686467,-7.35805
1500077411507,-5.644203,-2.1207652,-8.794233
1500077411571,-5.605905,-0.83777404,-8.401677
1500077411635,-5.797396,-1.6803354,-7.4154973
1500077411699,-6.4293175,-1.7186337,-7.7123084
1500077411763,-6.0367603,-0.4164934,-7.3006024
1500077411826,-4.648449,-0.63670826,-7.089962
1500077411889,-6.5346375,0.14840569,-7.4442205
1500077411953,-5.8835673,-0.15798025,-8.248484
1500077412017,-5.5101595,-0.5313881,-9.722966
1500077412080,-5.960164,-1.0196906,-8.526146
1500077412144,-5.912291,-1.2494801,-7.721883
1500077412208,-4.6771727,-1.0196906,-8.957002
1500077412272,-5.002708,-0.8281995,-11.360216
1500077412335,-7.4059224,-1.3069274,-7.788905
1500077412399,-7.0995364,-1.469695,-3.930357
1500077412463,-5.5101595,-0.44521707,-6.304848
1500077412526,-5.4718614,0.20585304,-9.196365
1500077412590,-8.928278,-0.7994758,-6.4963393
1500077412654,-7.616563,-1.4218222,-3.844186
1500077412718,-5.232497,-0.3111732,-7.1091113
1500077412781,-4.4090853,-0.78032666,-7.9899707
1500077412845,-6.5729356,-2.1399143,-7.310177
1500077412909,-6.0463347,-2.5324712,-8.430401
1500077412972,-5.2899446,-2.9346027,-9.512326
1500077413036,-5.0122824,-2.905879,-7.1665583
1500077413100,-4.4090853,-4.2463174,-8.23891
1500077413164,-3.997379,-5.0505805,-7.1474094
1500077413227,-4.6675982,-7.4920936,-8.066567
1500077413291,-4.9835587,-6.6878304,-8.21976
1500077413355,-3.193116,-9.110194,-4.476107
1500077413418,-2.8963046,-9.952756,-6.5825105
1500077413482,-3.451629,-8.047418,-5.7782474
1500077413546,-3.3750327,-6.4005938,2.1399143
1500077413610,-3.1356685,-5.7112255,6.027186
1500077413673,-1.6133134,-6.3814445,5.0122824
1500077413737,1.0292653,-5.7303743,6.563361
1500077413801,4.4473834,-7.501668,8.258059
1500077413864,4.169721,-8.44955,5.2420716
1500077413928,2.8963046,-5.672927,5.82612
1500077413992,3.5760984,-7.1186857,5.960164
1500077414056,4.437809,-4.3707867,7.9133744
1500077414119,5.347392,-5.414414,8.2676325
1500077414183,6.7548523,-8.439975,7.3006024
1500077414247,10.986808,-4.772918,6.6016593
1500077414311,12.020861,-5.8165455,6.5825105
1500077414374,5.7782474,-3.3367343,8.411251
1500077414438,0.6750065,-1.7665064,11.082554
1500077414502,0.83777404,-3.0016246,8.6697645
1500077414565,0.71330476,-7.549541,4.7058964
1500077414629,-0.4356425,-7.635712,4.428234
1500077414693,-1.4122477,-4.2558923,4.801642
1500077414756,-0.13883112,-5.7016506,4.801642
1500077414820,0.03351096,-9.742115,4.0356774
1500077414884,2.427151,-3.844186,11.810221
1500077414948,6.333572,-2.7814097,14.0793915
1500077415011,3.5760984,-6.1229315,8.487848
1500077415075,4.0069537,-8.181462,8.11444
1500077415139,1.8526775,-11.044255,3.193116
1500077415203,0.19627848,-10.19212,4.428234
1500077415266,-1.9962958,-9.215514,1.3165021
1500077415330,-4.83994,-9.598496,-0.6558574
1500077415394,-4.121848,-4.73462,3.0303483
1500077415457,-5.586756,-2.6282167,3.4229054
1500077415521,-6.0367603,-2.6569405,4.0644007
1500077415585,-6.2761245,-3.1165195,4.2941904
1500077415649,-6.323997,-6.37187,2.3888528
1500077415712,-5.9314404,-8.334655,2.1590633
1500077415776,-5.17505,-8.813383,1.3643749
1500077415840,-5.041006,-8.832532,0.99096704
1500077415904,-5.299519,-8.411251,0.4164934
1500077415967,-6.0559096,-9.110194,0.93351966
1500077416031,-7.089962,-10.689997,1.3739494
1500077416095,-6.2091026,-9.043172,0.8952214
1500077416158,-4.2080193,-7.635712,-1.6037389
1500077416222,-2.4654493,-7.846352,-3.384607
1500077416286,-1.4218222,-9.0814705,-4.0931244
1500077416350,-1.6133134,-10.000628,-3.9207826
1500077416413,-2.034594,-10.498506,-5.7112255
1500077416477,-1.4026731,-11.590006,-5.960164
1500077416541,-2.5037475,-8.612317,-6.5346375
1500077416604,-3.078221,-7.846352,-7.0133657
1500077416668,-2.4558747,-7.1665583,-8.851681
1500077416733,-2.1782124,-5.9218655,-9.244238
1500077416796,-2.4367256,-4.935686,-9.158067
1500077416859,-2.2835326,-4.5622783,-9.177217
1500077416924,-1.5079932,-5.0122824,-8.889979
1500077416987,-0.7228793,-4.954835,-7.8367777
1500077417050,-0.5505372,-4.543129,-6.3144226
1500077417114,-0.19627848,-4.4856815,-4.7250457
1500077417178,-0.4356425,-4.322914,-3.7197168
1500077417242,-1.2877784,-4.916537,-3.451629
1500077417305,-1.5367169,-4.648449,-2.800559
1500077417369,-0.77075213,-7.769756,-5.2037735
1500077417433,3.3175852,-5.9218655,-3.5760984
1500077417496,4.495256,-11.034681,-2.6090677
1500077417560,5.912291,-7.1091113,-2.427151
1500077417624,9.407005,-7.7506065,0.44521707
1500077417688,10.737869,-7.6835847,1.622888
1500077417751,10.230418,-5.538883,1.1633091
1500077417815,10.642124,-6.2474008,1.1537346
1500077417879,10.527229,-6.8793216,0.9718179
1500077417942,9.177217,-5.232497,1.6611862
1500077418006,11.187874,-4.016528,3.9016335
1500077418070,11.561282,-2.819708,6.745278
1500077418134,8.947427,-1.9388485,5.586756
1500077418198,6.7740016,-3.078221,2.2069361
1500077418261,5.3186684,-7.003791,-0.2920241
1500077418325,6.668681,-8.277207,-3.1835413
1500077418389,10.393186,-8.803808,-2.7048132
1500077418452,11.59958,-5.5101595,1.5175679
1500077418516,7.7314577,-3.604822,5.2899446
1500077418580,8.430401,-3.499502,4.715471
1500077418643,11.455961,-5.7303743,0.7420284
1500077418707,11.408089,-4.303765,3.3750327
1500077418771,9.033598,-9.263388,-3.6335456
1500077418835,4.801642,-6.515488,-4.4856815
1500077418898,0.7420284,-5.299519,-5.979313
1500077418962,1.5462915,-7.0133657,-5.8165455
1500077419026,1.383524,-7.204857,-8.363379
1500077419089,1.8048047,-5.5580325,-9.024023
1500077419153,2.561195,-6.1229315,-9.445304
1500077419217,2.321831,-5.5771813,-8.822957
1500077419281,1.4313968,-5.4431376,-8.401677
1500077419344,0.081383765,-4.476107,-7.9803963
1500077419408,0.10053288,-5.529309,-7.7984796
1500077419472,-1.5462915,-5.6250544,-7.5974135
1500077419536,-1.7377827,-5.4048395,-5.0314317
1500077419599,-1.4601204,-8.621892,-6.438892
1500077419663,-2.3026817,-7.02294,-6.7740016
1500077419727,-2.6952388,-5.787822,-6.831449
1500077419790,-3.2505634,-6.180379,-6.898471
1500077419854,-3.3367343,-5.4718614,-6.1899533
1500077419918,-3.604822,-7.0133657,-6.458041
1500077419982,-3.9590807,-7.0133657,-5.912291
1500077420045,-3.9207826,-6.8410234,-4.6388745
1500077420109,-4.284616,-6.7357035,-4.275041
1500077420173,-4.428234,-7.042089,-4.696322
1500077420236,-4.322914,-7.0803876,-4.772918
1500077420300,-4.6675982,-6.525063,-4.926111
1500077420364,-5.0601554,-6.1612296,-5.3186684
1500077420428,-5.1367517,-6.256975,-5.108028
1500077420491,-5.146326,-6.821874,-5.06973
1500077420555,-5.0122824,-6.8888965,-5.6633525
1500077420619,-4.83994,-6.850598,-5.7016506
1500077420682,-4.7537694,-6.821874,-5.1654754
1500077420746,-4.801642,-6.783576,-5.222923
1500077420810,-4.954835,-6.5729356,-5.2707953
1500077420874,-4.9452605,-6.47719,-5.4239883
1500077420937,-4.9739842,-6.410168,-5.366541
1500077421001,-4.96441,-6.4484663,-5.1846247
1500077421065,-5.0505805,-6.611234,-5.299519
1500077421128,-5.1654754,-6.6208086,-5.1846247
1500077421192,-5.2420716,-6.5729356,-5.1367517
1500077421256,-5.366541,-6.4293175,-5.222923
1500077421320,-5.4048395,-6.3814445,-5.1654754
1500077421383,-5.38569,-6.323997,-5.529309
1500077421447,-5.28037,-6.2761245,-5.347392
1500077421511,-5.299519,-6.3622956,-5.3952646
1500077421574,-5.2516465,-6.37187,-5.3186684
1500077421638,-5.261221,-6.458041,-5.4048395
1500077421702,-5.2899446,-6.563361,-5.3569665
1500077421766,-5.299519,-6.630383,-5.1271772
1500077421829,-5.299519,-6.4676156,-4.9069624
1500077421894,-5.232497,-6.5729356,-4.9069624
1500077421957,-5.1271772,-6.764427,-5.1271772
1500077422021,-5.0984535,-6.9176197,-5.155901
1500077422084,-5.0122824,-6.850598,-5.0984535
1500077422148,-5.002708,-6.7548523,-5.041006
1500077422212,-4.9069624,-6.745278,-4.9739842
1500077422275,-4.9069624,-6.869747,-5.079304
1500077422339,-4.9835587,-6.975067,-4.96441
1500077422403,-4.9739842,-6.975067,-5.0122824
1500077422467,-4.868664,-7.3197513,-4.696322
1500077422530,-5.021857,-7.0325146,-4.619725
1500077422594,-5.041006,-7.2718787,-4.6388745
1500077422658,-5.041006,-6.9080453,-4.437809
1500077422721,-4.7058964,-7.003791,-4.437809
1500077422785,-4.763344,-7.1186857,-4.7537694
1500077422849,-5.146326,-7.3197513,-4.96441
1500077422912,-4.9739842,-6.544212,-4.3133397
1500077422976,-4.96441,-7.1474094,-4.5144053
1500077423040,-4.9835587,-7.0708127,-4.5335546
1500077423104,-5.002708,-7.195282,-4.5910015
1500077423167,-5.0601554,-7.0995364,-4.6867476
1500077423231,-5.079304,-7.042089,-4.763344
1500077423295,-5.0122824,-7.1474094,-4.772918
1500077423358,-4.9835587,-6.9942164,-4.715471
1500077423422,-5.0122824,-7.003791,-4.83994
1500077423486,-4.926111,-7.003791,-4.8590894
1500077423550,-4.8973875,-7.051664,-4.8590894
1500077423613,-4.926111,-7.0612383,-4.811217
1500077423677,-4.9452605,-7.0325146,-4.782493
1500077423741,-4.9452605,-7.003791,-4.8303657
1500077423806,-4.954835,-6.9463434,-4.83994
1500077423868,-4.9835587,-6.8888965,-4.887813
1500077423932,-5.0601554,-6.8027253,-4.8973875
1500077423996,-5.041006,-6.8601727,-5.108028
1500077424059,-5.0122824,-6.850598,-5.1367517
1500077424123,-5.0122824,-6.831449,-5.1367517
1500077424187,-4.926111,-6.7548523,-5.06973
1500077424250,-4.954835,-6.7548523,-5.108028
1500077424314,-5.021857,-6.745278,-5.1271772
1500077424378,-5.041006,-6.716554,-5.088879
1500077424442,-5.108028,-6.745278,-5.1367517
1500077424505,-5.088879,-6.7357035,-5.232497
1500077424569,-5.0601554,-6.716554,-5.2420716
1500077424633,-5.0505805,-6.668681,-5.2037735
1500077424696,-5.06973,-6.6591067,-5.1367517
1500077424760,-5.1176023,-6.592085,-5.1271772
1500077424824,-5.079304,-6.5537868,-5.1271772
1500077424888,-5.1367517,-6.4963393,-5.2037735
1500077424951,-5.261221,-6.6495323,-5.835695
1500077425015,-4.8973875,-6.6208086,-4.715471
1500077425079,-5.079304,-7.2527294,-5.309094
1500077425143,-5.0984535,-6.8793216,-4.8303657
1500077425206,-4.96441,-6.8888965,-4.5718527
1500077425270,-5.041006,-7.042089,-4.993133
1500077425334,-5.002708,-7.0133657,-4.763344
1500077425397,-5.0505805,-6.9463434,-4.6867476
1500077425461,-4.916537,-7.042089,-4.4473834
1500077425525,-5.155901,-7.137835,-4.648449
1500077425588,-5.2037735,-6.831449,-4.6388745
1500077425652,-5.309094,-6.745278,-4.6675982
1500077425716,-5.146326,-6.7931504,-4.763344
1500077425780,-5.108028,-6.898471,-4.811217
1500077425843,-5.1271772,-6.984642,-4.8207912
1500077425907,-5.088879,-7.02294,-4.801642
1500077425971,-5.0601554,-7.003791,-4.7250457
1500077426035,-5.108028,-6.9463434,-4.7058964
1500077426098,-5.0505805,-6.9559183,-4.7441945
1500077426162,-5.021857,-6.8122997,-4.763344
1500077426226,-5.0505805,-6.936769,-4.993133
1500077426289,-5.079304,-6.9463434,-5.0505805
1500077426353,-5.079304,-6.764427,-4.9835587
1500077426417,-5.0122824,-6.6495323,-5.0314317
1500077426480,-5.1271772,-6.7069798,-4.868664
1500077426544,-5.146326,-6.486765,-5.021857
1500077426608,-5.2899446,-6.6495323,-5.7208
1500077426672,-5.232497,-6.458041,-5.481436
1500077426735,-5.1271772,-6.5537868,-5.108028
1500077426799,-5.146326,-6.5729356,-4.9739842
1500077426863,-5.1654754,-6.678256,-5.0122824
1500077426927,-5.155901,-6.8410234,-4.811217
1500077426991,-5.2420716,-6.7069798,-4.772918
1500077427055,-5.2420716,-6.831449,-4.887813
1500077427118,-5.261221,-7.003791,-4.811217
1500077427181,-5.194199,-6.850598,-4.3995104
1500077427245,-5.38569,-6.821874,-4.811217
1500077427309,-5.299519,-6.898471,-4.5527034
1500077427372,-5.328243,-6.831449,-4.6005764
1500077427436,-5.299519,-6.898471,-4.5910015
1500077427500,-5.2516465,-6.9080453,-4.610151
1500077427564,-5.2420716,-6.8793216,-4.5335546
1500077427627,-5.079304,-7.1665583,-4.610151
1500077427691,-4.993133,-7.482519,-4.2558923
1500077427755,-5.1846247,-7.1665583,-4.1026993
1500077427818,-5.1846247,-7.348475,-4.0739756
1500077427882,-5.1176023,-7.46337,-3.9495063
1500077427946,-5.1367517,-7.195282,-3.777164
1500077428010,-5.041006,-7.2718787,-3.3080106
1500077428073,-4.6005764,-8.277207,-3.2984362
1500077428137,-5.06973,-7.8176284,-3.604822
1500077428201,-5.155901,-7.5974135,-3.451629
1500077428264,-5.0505805,-7.3006024,-3.4229054
1500077428328,-4.9835587,-7.8846507,-3.5378
1500077428392,-4.993133,-7.5974135,-3.6239712
1500077428456,-4.954835,-7.587839,-3.5665238
1500077428519,-5.002708,-7.6835847,-3.5665238
1500077428583,-4.9835587,-7.6452866,-3.604822
1500077428647,-4.935686,-7.808054,-3.7867386
1500077428710,-4.8590894,-7.769756,-3.8633351
1500077428774,-4.8207912,-7.654861,-3.7867386
1500077428838,-4.8207912,-7.6069884,-3.844186
1500077428902,-4.7920675,-7.654861,-3.8537605
1500077428965,-4.8207912,-7.635712,-3.9016335
1500077429029,-4.8303657,-7.616563,-3.930357
1500077429093,-4.811217,-7.5399666,-3.9878044
1500077429157,-4.811217,-7.6452866,-4.016528
1500077429220,-4.801642,-7.6740103,-4.016528
1500077429284,-4.7920675,-7.5591154,-4.016528
1500077429348,-4.782493,-7.6069884,-4.121848
1500077429411,-4.7441945,-7.3676243,-4.0261025
1500077429475,-4.715471,-7.702734,-4.0931244
1500077429539,-4.772918,-7.549541,-4.1026993
1500077429602,-4.7537694,-7.5974135,-4.1026993
1500077429666,-4.715471,-7.5591154,-4.1409974
1500077429730,-4.648449,-7.6069884,-4.1409974
1500077429794,-4.5910015,-7.587839,-4.0931244
1500077429857,-4.6388745,-7.4442205,-4.2271686
1500077429921,-4.6005764,-7.3006024,-4.1792955
1500077429985,-4.504831,-7.654861,-4.648449
1500077430048,-4.476107,-7.434646,-4.5527034
1500077430112,-4.476107,-7.664436,-4.763344
1500077430176,-4.5622783,-7.4154973,-4.763344
1500077430240,-4.5144053,-7.3867736,-4.7537694
1500077430303,-4.504831,-7.310177,-4.782493
1500077430367,-4.456958,-7.4059224,-4.7058964
1500077430431,-4.466532,-7.3197513,-4.782493
1500077430494,-4.504831,-7.35805,-4.763344
1500077430558,-4.5335546,-7.329326,-4.8207912
1500077430622,-4.495256,-7.3197513,-4.811217
1500077430686,-4.5144053,-7.348475,-4.83994
1500077430749,-4.466532,-7.329326,-4.801642
1500077430813,-4.466532,-7.35805,-4.7920675
1500077430877,-4.466532,-7.329326,-4.8207912
1500077430940,-4.4186597,-7.348475,-4.8207912
1500077431004,-4.389936,-7.3771987,-4.811217
1500077431068,-4.4186597,-7.396348,-4.801642
1500077431132,-4.4186597,-7.4250717,-4.811217
1500077431195,-4.4090853,-7.4059224,-4.763344
1500077431259,-4.389936,-7.396348,-4.763344
1500077431323,-4.3995104,-7.4059224,-4.782493
1500077431386,-4.428234,-7.35805,-4.7441945
1500077431450,-4.4186597,-7.3867736,-4.7920675
1500077431514,-4.4186597,-7.3389006,-4.7920675
1500077431578,-4.437809,-7.396348,-4.8207912
1500077431641,-4.3995104,-7.3867736,-4.763344
1500077431705,-4.428234,-7.396348,-4.83994
1500077431769,-4.3995104,-7.3867736,-4.849515
1500077431832,-4.4186597,-7.3771987,-4.8590894
1500077431896,-4.3707867,-7.3867736,-4.83994
1500077431960,-4.351638,-7.4059224,-4.868664
1500077432024,-4.351638,-7.4059224,-4.8590894
1500077432087,-4.342063,-7.434646,-4.83994
1500077432151,-4.3324885,-7.4154973,-4.811217
1500077432215,-4.322914,-7.4250717,-4.8303657
1500077432278,-4.342063,-7.4059224,-4.801642
1500077432342,-4.3324885,-7.4059224,-4.811217
1500077432407,-4.322914,-7.4250717,-4.801642
1500077432470,-4.303765,-7.3771987,-4.8207912
1500077432533,-4.351638,-7.434646,-4.8590894
1500077432597,-4.284616,-7.4442205,-4.811217
1500077432661,-4.3133397,-7.4059224,-4.849515
1500077432724,-4.236743,-7.4250717,-4.83994
1500077432788,-4.2558923,-7.4537954,-4.8207912
1500077432852,-4.2558923,-7.4537954,-4.801642
1500077432916,-4.3133397,-7.4250717,-4.849515
1500077432979,-4.303765,-7.4059224,-4.8782387
1500077433043,-4.3133397,-7.4059224,-4.887813
1500077433107,-4.284616,-7.434646,-4.8973875
1500077433171,-4.2558923,-7.434646,-4.8973875
1500077433234,-4.236743,-7.4442205,-4.83994
1500077433298,-4.2463174,-7.4537954,-4.849515
1500077433361,-4.275041,-7.4537954,-4.849515
1500077433425,-4.2558923,-7.4537954,-4.868664
1500077433489,-4.2654667,-7.4537954,-4.9069624
1500077433553,-4.275041,-7.4537954,-4.868664
1500077433616,-4.2941904,-7.549541,-4.868664
1500077433680,-4.131423,-7.4059224,-4.73462
1500077433744,-4.2941904,-7.204857,-4.7920675
1500077433808,-4.2558923,-7.2910275,-4.887813
1500077433871,-4.198445,-7.434646,-4.926111
1500077433935,-4.2941904,-7.46337,-4.935686
1500077433999,-4.351638,-7.482519,-4.9069624
1500077434062,-4.3612123,-7.4442205,-4.916537
1500077434126,-4.3324885,-7.35805,-4.9835587
1500077434190,-4.275041,-7.3197513,-4.9739842
1500077434254,-4.275041,-7.310177,-4.96441
1500077434317,-4.284616,-7.35805,-4.926111
1500077434381,-4.275041,-7.4154973,-4.8782387
1500077434445,-4.2941904,-7.4154973,-4.887813
1500077434508,-4.303765,-7.3389006,-4.954835
1500077434572,-4.2941904,-7.3389006,-4.935686
1500077434636,-4.3133397,-7.3771987,-4.96441
1500077434700,-4.284616,-7.3771987,-4.954835
1500077434763,-4.275041,-7.434646,-4.96441
1500077434827,-4.236743,-7.4154973,-4.9452605
1500077434891,-4.236743,-7.396348,-4.9452605
1500077434954,-4.2175937,-7.3676243,-4.9452605
1500077435018,-4.2175937,-7.3676243,-4.954835
1500077435082,-4.2271686,-7.3771987,-4.935686
1500077435145,-4.2463174,-7.434646,-4.96441
1500077435209,-4.1888704,-7.46337,-4.9452605
1500077435273,-4.2080193,-7.4250717,-4.916537
1500077435337,-4.2080193,-7.35805,-4.935686
1500077435400,-4.2175937,-7.3389006,-4.9739842
1500077435464,-4.2080193,-7.348475,-4.96441
1500077435528,-4.236743,-7.3771987,-4.9835587
1500077435592,-4.2558923,-7.4250717,-4.954835
1500077435655,-4.2558923,-7.4537954,-4.9739842
1500077435719,-4.275041,-7.4250717,-5.002708
1500077435783,-4.2654667,-7.3389006,-5.0122824
1500077435846,-4.2271686,-7.281453,-5.0122824
1500077435910,-4.198445,-7.310177,-5.041006
1500077435974,-4.1792955,-7.35805,-5.0122824
1500077436037,-4.169721,-7.4442205,-4.96441
1500077436101,-4.2080193,-7.4154973,-4.9739842
1500077436165,-4.2175937,-7.3676243,-4.9452605
1500077436229,-4.2175937,-7.35805,-4.993133
1500077436292,-4.236743,-7.348475,-4.9835587
1500077436356,-4.2558923,-7.3676243,-4.96441
1500077436420,-4.2271686,-7.4059224,-4.96441
1500077436484,-4.169721,-7.4250717,-4.96441
1500077436547,-4.131423,-7.4537954,-5.002708
1500077436611,-4.1026993,-7.4729443,-5.0122824
1500077436675,-4.1122737,-7.4442205,-4.9739842
1500077436738,-4.1601467,-7.4154973,-5.002708
1500077436802,-4.1792955,-7.3867736,-5.002708
1500077436866,-4.198445,-7.4154973,-5.0314317
1500077436930,-4.1792955,-7.3867736,-5.0314317
1500077436993,-4.169721,-7.3676243,-4.993133
1500077437057,-4.1792955,-7.3867736,-4.96441
1500077437121,-4.1601467,-7.3867736,-5.002708
1500077437185,-4.1601467,-7.4154973,-5.0122824
1500077437248,-4.150572,-7.434646,-5.021857
1500077437312,-4.121848,-7.4250717,-4.9835587
1500077437376,-4.1409974,-7.4250717,-5.002708
1500077437440,-4.131423,-7.4250717,-4.993133
1500077437503,-4.1122737,-7.4442205,-5.0122824
1500077437567,-4.1122737,-7.4059224,-4.993133
1500077437630,-4.1409974,-7.4250717,-5.021857
1500077437694,-4.1122737,-7.4250717,-4.96441
1500077437758,-4.131423,-7.434646,-5.0122824
1500077437822,-4.1122737,-7.4154973,-5.002708
1500077437885,-4.1026993,-7.434646,-5.021857
1500077437949,-4.08355,-7.4442205,-5.0122824
1500077438013,-4.0644007,-7.4442205,-5.0122824
1500077438076,-4.0548263,-7.4729443,-5.0314317
1500077438140,-4.016528,-7.4729443,-5.0314317
1500077438204,-4.045252,-7.4729443,-5.0122824
1500077438268,-4.045252,-7.46337,-5.002708
1500077438331,-4.045252,-7.46337,-4.9739842
1500077438395,-4.0644007,-7.46337,-5.021857
1500077438459,-4.0739756,-7.4537954,-5.021857
1500077438523,-4.0548263,-7.434646,-5.0505805
1500077438586,-4.0356774,-7.4537954,-5.021857
1500077438650,-4.016528,-7.511243,-4.993133
1500077438714,-4.0261025,-7.5591154,-5.0122824
1500077438777,-4.016528,-7.5399666,-4.96441
1500077438841,-4.0356774,-7.5208173,-4.993133
1500077438905,-4.0069537,-7.4729443,-4.9069624
1500077438969,-4.016528,-7.501668,-4.954835
1500077439032,-3.997379,-7.5399666,-4.9452605
1500077439096,-3.9782298,-7.5591154,-4.8973875
1500077439160,-3.9207826,-7.693159,-4.6867476
1500077439223,-4.016528,-7.5303917,-4.8590894
1500077439287,-4.0069537,-7.511243,-4.9069624
1500077439351,-3.9399316,-7.6261373,-4.811217
1500077439415,-3.9207826,-7.616563,-4.849515
1500077439478,-3.8537605,-7.635712,-4.7920675
1500077439542,-3.8154624,-7.6261373,-4.782493
1500077439606,-3.8537605,-7.654861,-4.8590894
1500077439670,-3.844186,-7.6740103,-4.8782387
1500077439733,-3.9016335,-7.635712,-4.9452605
1500077439797,-3.8920588,-7.635712,-4.96441
1500077439861,-3.911208,-7.635712,-5.021857
1500077439924,-3.8537605,-7.5974135,-5.0122824
1500077439988,-3.8058877,-7.5782647,-5.002708
1500077440052,-3.7963133,-7.549541,-5.0122824
1500077440116,-3.8154624,-7.5782647,-5.0505805
1500077440179,-3.8154624,-7.5974135,-5.041006
1500077440243,-3.8058877,-7.501668,-5.0122824
1500077440307,-3.8920588,-7.549541,-5.0984535
1500077440370,-3.7963133,-7.7123084,-5.1271772
1500077440434,-3.6622694,-7.6452866,-5.0984535
1500077440498,-3.7675896,-7.35805,-4.993133
1500077440562,-4.0356774,-7.4442205,-4.954835
1500077440625,-3.9016335,-7.6835847,-5.0505805
1500077440689,-3.9016335,-7.3867736,-5.2516465
1500077440753,-3.7867386,-7.4154973,-4.73462
1500077440816,-3.6814184,-7.4537954,-5.414414
1500077440880,-3.825037,-7.2718787,-5.8548436
1500077440944,-3.930357,-6.697405,-5.9314404
1500077441008,-4.0069537,-6.2761245,-6.7069798
1500077441071,-4.2080193,-6.285699,-6.9463434
1500077441135,-4.0261025,-6.630383,-6.611234
1500077441199,-4.1409974,-6.256975,-6.1612296
1500077441263,-3.9016335,-6.4676156,-5.7495236
1500077441326,-4.2080193,-6.678256,-5.82612
1500077441390,-3.7484405,-7.02294,-6.0080366
1500077441454,-3.8920588,-6.8793216,-5.433563
1500077441517,-4.3133397,-7.2240057,-6.0559096
1500077441581,-4.1409974,-6.7740016,-5.9027166
1500077441645,-4.1122737,-6.869747,-5.82612
1500077441709,-4.1122737,-6.745278,-5.739949
1500077441772,-4.1409974,-6.9176197,-5.8165455
1500077441836,-4.131423,-6.8888965,-5.5580325
1500077441900,-4.198445,-7.042089,-5.5580325
1500077441963,-4.1409974,-7.137835,-5.4718614
1500077442027,-4.2271686,-7.204857,-5.519734
1500077442091,-4.131423,-6.9559183,-5.2037735
