1500078433059,-9.445304,-1.8143792,-1.3260766
1500078433123,-9.407005,-1.8526775,-1.3452257
1500078433187,-9.41658,-1.8909757,-1.2973529
1500078433251,-9.464453,-1.8814012,-1.1537346
1500078433315,-9.464453,-1.929274,-1.0388398
1500078433378,-9.483603,-1.9388485,-0.92394507
1500078433441,-9.512326,-1.9101248,-0.8760723
1500078433505,-9.560199,-1.8718265,-0.85692316
1500078433569,-9.464453,-1.9196993,-0.8186249
1500078433633,-9.5219,-1.9101248,-0.8473486
1500078433696,-9.5219,-1.8909757,-0.8952214
1500078433760,-9.569773,-1.8718265,-0.98139244
1500078433824,-9.407005,-1.8526775,-0.99096704
1500078433887,-9.407005,-1.8335283,-0.9430942
1500078433951,-9.560199,-1.7665064,-0.8952214
1500078434015,-9.378282,-1.776081,-0.78990126
1500078434079,-9.2825365,-1.8143792,-0.7324539
1500078434142,-9.378282,-1.8431029,-0.69415563
1500078434206,-9.464453,-1.9867213,-0.61755913
1500078434270,-9.732541,-2.034594,-0.5888355
1500078434333,-9.866585,-1.9675722,-0.54096264
1500078434397,-9.837861,-2.0537431,-0.6750065
1500078434461,-9.493176,-1.7282082,-0.5888355
1500078434525,-9.426155,-1.6707608,-0.665432
1500078434588,-9.5219,-1.5175679,-0.71330476
1500078434652,-9.770839,-1.4601204,-1.0867126
1500078434716,-9.301685,-1.5654407,-1.2782038
1500078434780,-9.148493,-1.622888,-1.1154363
1500078434843,-9.033598,-1.8718265,-0.8186249
1500078434907,-9.3878565,-1.7569319,-0.5792609
1500078434971,-9.742115,-1.8143792,-0.3398969
1500078435034,-9.924032,-1.9101248,-0.5505372
1500078435098,-9.885734,-1.8718265,-0.359046
1500078435162,-9.301685,-2.2260852,0.11968201
1500078435226,-9.904882,-1.9101248,-0.0718092
1500078435289,-10.268716,-1.1537346,-0.4356425
1500078435353,-9.876159,-0.8664977,-0.5505372
1500078435417,-9.75169,-0.92394507,-0.77075213
1500078435480,-9.368708,-0.85692316,-0.9526688
1500078435544,-9.31126,-0.85692316,-0.69415563
1500078435608,-9.2825365,-1.2782038,-0.7228793
1500078435672,-9.41658,-1.5367169,-0.61755913
1500078435735,-9.617646,-1.6516117,-0.6750065
1500078435799,-9.54105,-1.7569319,-0.512239
1500078435863,-9.655944,-1.7569319,-0.4356425
1500078435926,-9.780414,-1.7186337,-0.61755913
1500078435990,-9.742115,-1.5462915,-0.76117754
1500078436054,-9.608071,-1.4601204,-0.85692316
1500078436118,-9.531475,-1.383524,-0.8664977
1500078436181,-9.493176,-1.3452257,-0.8856468
1500078436245,-9.474028,-1.3739494,-0.8952214
1500078436310,-9.54105,-1.4218222,-0.8664977
1500078436373,-9.464453,-1.5175679,-0.8090504
1500078436436,-9.454879,-1.6037389,-0.7994758
1500078436500,-9.5889225,-1.6707608,-0.8473486
1500078436564,-9.550624,-1.7282082,-0.8473486
1500078436627,-9.531475,-1.7186337,-0.85692316
1500078436692,-9.531475,-1.6707608,-0.8856468
1500078436756,-9.483603,-1.6803354,-0.85692316
1500078436819,-9.550624,-1.6611862,-0.8473486
1500078436882,-9.598496,-1.622888,-0.8281995
1500078436947,-9.617646,-1.5845897,-0.8090504
1500078437010,-9.569773,-1.4984187,-0.77075213
1500078437073,-9.512326,-1.4122477,-0.76117754
1500078437137,-9.703817,-1.2782038,-0.7228793
1500078437201,-9.952756,-0.76117754,-0.49308985
1500078437265,-9.828286,-0.4164934,-0.359046
1500078437328,-9.550624,-0.19627848,-0.4164934
1500078437392,-9.54105,-0.7420284,-0.50266445
1500078437456,-9.215514,-1.2303311,-0.59841
1500078437519,-10.364462,-1.6516117,-0.98139244
1500078437583,-9.244238,-2.0633178,-0.56968635
1500078437647,-10.0868,-2.168638,-0.8090504
1500078437711,-9.742115,-1.9867213,-1.0579889
1500078437774,-8.55487,-2.0441687,-0.56011176
1500078437838,-9.636795,-1.9196993,-1.0005416
1500078437902,-10.383611,-1.3452257,-0.9718179
1500078437966,-9.713391,-1.5175679,-0.32074776
1500078438029,-9.713391,-1.0101161,-0.014361841
1500078438093,-10.2016945,0.16755481,0.2920241
1500078438157,-9.713391,0.22500217,0.56968635
1500078438221,-9.7899885,-0.39734426,0.11968201
1500078438285,-9.75169,-0.83777404,-0.09095833
1500078438349,-9.847435,-1.0579889,-0.22500217
1500078438420,-9.703817,-1.2686293,-0.45479164
1500078438475,-9.502751,-1.3548003,-0.5218136
1500078438539,-9.474028,-1.4505459,-0.5505372
1500078438603,-9.339984,-1.383524,-0.4164934
1500078438666,-9.512326,-1.2973529,-0.33032233
1500078438730,-9.799562,-1.2111819,-0.33032233
1500078438794,-9.684668,-1.1250108,-0.2920241
1500078438858,-9.703817,-0.98139244,-0.11968201
1500078438921,-9.703817,-0.8664977,-0.09095833
1500078438985,-9.579348,-1.0101161,-0.09095833
1500078439049,-9.598496,-1.1920328,-0.12925656
1500078439112,-9.560199,-1.3643749,-0.11968201
1500078439176,-9.531475,-1.2973529,-0.14840569
1500078439240,-9.617646,-1.3452257,-0.27287498
1500078439304,-9.512326,-1.5079932,-0.36862057
1500078439367,-9.732541,-1.5462915,-0.5313881
1500078439431,-9.5889225,-1.6994845,-0.44521707
1500078439495,-9.780414,-2.3314054,-0.59841
1500078439558,-9.665519,-2.4463003,-0.6271337
1500078439622,-8.899554,-2.7622607,-0.5505372
1500078439686,-8.7750845,-2.7048132,-0.47394073
1500078439750,-9.215514,-3.039923,-0.50266445
1500078439813,-9.665519,-3.6143966,-0.56011176
1500078439877,-9.359133,-4.016528,-0.7324539
1500078439941,-8.650616,-3.9207826,-0.69415563
1500078440004,-8.248484,-3.690993,-0.5792609
1500078440068,-8.104865,-3.5378,-0.71330476
1500078440132,-8.4686985,-3.758015,-0.98139244
1500078440196,-9.493176,-5.222923,-1.6037389
1500078440259,-10.354887,-7.501668,-2.4558747
1500078440323,-9.31126,-9.8953085,-3.1835413
1500078440387,-7.2910275,-10.900637,-4.016528
1500078440450,-3.8537605,-9.531475,-5.2037735
1500078440514,0.30159867,-7.281453,-4.6771727
1500078440578,1.2494801,-6.027186,-3.7197168
1500078440642,0.09095833,-3.059072,-4.121848
1500078440705,1.6611862,-5.567607,-5.002708
1500078440769,2.2260852,-6.716554,-4.926111
1500078440833,4.2271686,-7.9133744,-4.8782387
1500078440896,3.671844,-11.49426,-7.0612383
1500078440960,3.604822,-9.167642,-4.131423
1500078441024,2.5324712,-9.847435,-1.2782038
1500078441088,1.2973529,-8.34423,-0.0718092
1500078441151,1.0579889,-7.204857,2.4367256
1500078441215,0.512239,-10.278291,2.2835326
1500078441279,-1.3643749,-11.446387,0.37819514
1500078441342,-1.776081,-9.368708,1.8814012
1500078441406,-2.9920502,-8.698488,3.2697124
1500078441470,-3.2409887,-11.647452,1.8909757
1500078441534,-1.4984187,-11.398514,3.4612036
1500078441597,-0.71330476,-7.396348,4.2463174
1500078441661,-0.22500217,-2.9250283,6.9080453
1500078441725,0.63670826,-5.988888,4.8303657
1500078441788,1.0771381,-6.4963393,8.995299
1500078441852,0.47394073,-5.960164,8.813383
1500078441916,0.37819514,-5.845269,5.586756
1500078441980,-0.10053288,-6.8122997,4.1792955
1500078442043,-1.8048047,-1.0005416,4.198445
1500078442107,-3.7005677,-2.7718353,3.6239712
1500078442171,-6.2474008,-6.47719,2.88673
1500078442235,-8.593168,-7.348475,1.6037389
1500078442298,-11.331492,-2.1303396,-1.1345854
1500078442362,-18.790075,-0.8186249,-4.2175937
1500078442426,-18.349646,-2.2739582,-6.9176197
1500078442489,-11.503835,-2.9154537,-3.7867386
1500078442553,-6.936769,-1.3643749,0.47394073
1500078442617,-7.6835847,0.47394073,0.10053288
1500078442681,-7.35805,2.4558747,1.4792696
1500078442744,-8.497422,0.59841,0.15798025
1500078442808,-11.561282,-2.7718353,0.3877697
1500078442872,-12.020861,-3.5090764,1.6707608
1500078442935,-13.830453,-2.561195,0.359046
1500078442999,-11.36979,-0.9622433,-0.7324539
1500078443063,-12.69108,-1.4313968,-2.254809
1500078443127,-11.034681,-2.1782124,-1.6611862
1500078443191,-9.742115,-2.1973617,-0.91437054
1500078443254,-11.302769,-4.198445,-2.2260852
1500078443327,-10.881488,-4.811217,-2.2835326
1500078443381,-7.721883,-4.6771727,-0.6845811
1500078443445,-5.155901,-6.4484663,1.3260766
1500078443509,-6.2761245,-7.9803963,4.0548263
1500078443573,-6.094208,-8.305931,6.065484
1500078443636,-3.4324799,-7.3867736,6.5537868
1500078443700,-1.4409714,-6.869747,6.6208086
1500078443764,-2.494173,-6.2378263,6.027186
1500078443828,-3.9782298,-4.954835,5.481436
1500078443891,-4.5527034,-3.6335456,4.6293
1500078443955,-5.222923,-3.499502,2.0058703
1500078444019,-9.579348,-8.401677,8.478273
1500078444082,3.4707782,-0.19627848,2.1399143
1500078444146,-0.71330476,-9.359133,10.029352
1500078444210,-3.7005677,0.99096704,13.543216
1500078444274,-0.023936402,-4.389936,8.152739
1500078444338,-0.8664977,-3.4420545,8.995299
1500078444410,-0.8760723,-3.078221,9.129343
1500078444465,-0.78990126,-3.2792869,8.631466
1500078444528,-0.8760723,-3.4803526,8.880404
1500078444592,-0.85692316,-3.4803526,9.225089
1500078444656,-1.0292653,-3.365458,9.119769
1500078444720,-1.2494801,-3.4229054,8.957002
1500078444783,-1.2782038,-3.7867386,8.708063
1500078444847,-1.1920328,-3.997379,8.277207
1500078444911,-0.91437054,-4.0261025,9.100619
1500078444975,-0.83777404,-4.2558923,9.368708
1500078445038,-1.3260766,-3.8824842,8.899554
1500078445102,-1.6324625,-4.954835,7.788905
1500078445166,-1.7569319,-4.456958,8.372953
1500078445229,-2.0633178,-3.8920588,8.889979
1500078445293,-2.8580062,-5.17505,9.18679
1500078445357,-5.8644185,-8.171887,13.390023
1500078445421,0.44521707,-6.4197426,9.5889225
1500078445484,9.64637,-0.6750065,2.4463003
1500078445548,7.654861,-1.6994845,6.4676156
1500078445612,2.580344,-7.0133657,11.302769
1500078445675,-6.611234,-5.088879,8.21976
1500078445739,-4.236743,-3.7867386,8.717637
1500078445803,-1.2686293,-4.150572,7.4920936
1500078445867,-1.0005416,-3.3271596,5.806971
1500078445930,0.26330042,-3.671844,5.1176023
1500078445994,-0.7994758,-5.328243,6.6878304
1500078446058,-1.6037389,-1.2111819,4.0644007
1500078446121,-4.5335546,1.4601204,0.27287498
1500078446185,-18.177303,-4.3612123,-2.4367256
1500078446250,-18.646456,-5.9218655,-1.6516117
1500078446313,-12.777251,-0.27287498,-2.0920415
1500078446377,-11.925115,-0.2154276,-1.8909757
1500078446441,-12.987891,-3.1643922,-2.580344
1500078446505,-10.622974,-6.0463347,-3.518651
1500078446568,-9.5889225,-6.4676156,-3.3941817
1500078446631,-11.676176,-4.8782387,-1.6899099
1500078446695,-15.764514,-3.4133308,-3.346309
1500078446760,-17.823044,-1.9675722,-4.303765
1500078446822,-16.233667,1.1250108,-2.4367256
1500078446886,-13.457045,3.2505634,-2.7048132
1500078446951,-7.1857076,5.2037735,-3.3271596
1500078447014,-3.8920588,-0.26330042,-1.0867126
1500078447077,-10.249567,-2.714388,0.20585304
1500078447141,-17.602829,-2.0920415,-3.4037561
1500078447214,-19.402847,-1.6803354,-4.96441
1500078447269,-12.815549,-1.0867126,-0.9718179
1500078447332,-10.488931,-4.7058964,3.4420545
1500078447396,-8.334655,-6.630383,1.8814012
1500078447460,-14.194285,-8.076141,-2.8771553
1500078447523,-17.401764,-0.9430942,-4.08355
1500078447587,-18.215601,1.8143792,-2.187787
1500078447651,-14.491097,-1.6420372,-2.1111906
1500078447715,-12.595334,-3.2505634,-3.7292912
1500078447778,-12.805975,-1.4409714,-4.9069624
1500078447842,-9.052747,-1.5941644,-3.997379
1500078447906,-2.9633265,-3.4037561,-1.8143792
1500078447969,-1.929274,-10.105948,2.7718353
1500078448033,-2.7048132,-8.334655,2.4175766
1500078448097,-1.8814012,-10.460207,3.0111992
1500078448161,2.972901,-9.234664,1.5079932
1500078448224,2.2356598,-8.698488,-0.7324539
1500078448288,-1.8814012,-12.212352,-3.825037
1500078448352,-4.6867476,-11.743198,-6.0559096
1500078448416,-3.1069448,-8.143164,-4.658024
1500078448480,-0.98139244,-8.11444,-5.041006
1500078448544,-0.90479594,-7.35805,-2.8101335
1500078448615,-2.0058703,-7.0803876,-2.6186423
1500078448670,-3.5952475,-10.19212,-5.5101595
1500078448734,-3.0494976,-13.514492,-3.8346114
1500078448798,-3.0494976,-11.274045,-3.7388659
1500078448862,-3.0016246,-10.622974,-3.0016246
1500078448925,-2.168638,-8.5740185,-0.98139244
1500078448989,0.78032666,-9.014449,0.0718092
1500078449053,2.7909844,-7.9325233,2.2165108
1500078449116,2.360129,-8.621892,2.9441774
1500078449180,2.0058703,-9.8953085,3.1452432
1500078449244,-2.2260852,-13.00704,3.2792869
1500078449308,-4.0931244,-8.401677,3.1356685
1500078449372,-2.7048132,-7.3676243,4.0261025
1500078449436,-1.3643749,-6.113357,4.476107
1500078449499,-1.0867126,-6.898471,4.6771727
1500078449562,-2.2931073,-6.9176197,5.5484576
1500078449626,-2.3697038,-10.134672,4.83994
1500078449690,-3.4324799,-12.413418,2.8388572
1500078449754,-2.561195,-9.617646,3.4324799
1500078449817,-1.5941644,-7.4920936,2.2643836
1500078449881,-0.49308985,-7.243155,2.3314054
1500078449945,0.6750065,-8.727212,2.3122563
1500078450008,1.1345854,-9.761265,3.1069448
1500078450072,0.8952214,-12.451715,1.4984187
1500078450136,0.12925656,-12.777251,0.3877697
1500078450200,-0.45479164,-10.546378,0.2441513
1500078450264,-0.56968635,-10.077225,-0.9526688
1500078450336,-0.9430942,-6.678256,1.6611862
1500078450391,-1.2207564,-6.984642,5.088879
1500078450454,-3.126094,-10.670848,4.322914
1500078450518,-3.6526947,-8.593168,4.428234
1500078450582,-2.666515,-8.392102,3.7867386
1500078450646,-1.7569319,-10.776168,2.4845984
1500078450709,-1.9196993,-9.215514,2.0537431
1500078450773,0.30159867,-7.2623043,1.622888
1500078450837,0.8664977,-7.7506065,1.1920328
1500078450900,2.6377914,-8.727212,-1.6707608
1500078450964,3.126094,-12.56661,-5.7495236
1500078451028,3.7101421,-10.92936,-6.017611
1500078451092,2.1399143,-10.575102,-5.49101
1500078451155,0.4164934,-8.794233,-5.155901
1500078451219,-2.7909844,-6.5537868,-2.5707695
1500078451283,-5.1271772,-5.366541,0.98139244
1500078451346,-4.1409974,-4.236743,1.0005416
1500078451410,-6.256975,-1.5079932,-1.6707608
1500078451474,-12.911295,-2.0537431,-5.9218655
1500078451538,-19.412422,-7.02294,-3.7388659
1500078451601,-19.01029,-4.3324885,-3.7292912
1500078451665,-14.376203,-1.0101161,-4.5527034
1500078451729,-12.001712,-3.6143966,-2.101616
1500078451793,-9.6942425,-7.6452866,-0.64628285
1500078451856,-10.06765,-7.9325233,-4.0931244
1500078451920,-10.307014,-5.9314404,-2.3888528
1500078451984,-15.63047,-3.4803526,-2.580344
1500078452048,-16.137922,-1.7186337,-3.6622694
1500078452111,-15.170891,-0.4164934,-2.3122563
1500078452176,-16.338987,-1.6420372,-2.3697038
1500078452240,-15.08472,1.4409714,-3.9016335
1500078452302,-9.818711,2.6856642,-3.173967
1500078452367,-4.8973875,-2.408002,-0.8664977
1500078452430,-6.678256,-4.1026993,0.42606795
1500078452493,-7.9899707,-5.2037735,-0.54096264
1500078452557,-8.420826,-8.334655,-0.76117754
1500078452621,-6.8122997,-11.896391,-0.751603
1500078452685,-5.06973,-13.4666195,-1.929274
1500078452748,-4.9069624,-13.323001,-3.0111992
1500078452812,-7.4537954,-11.302769,-3.604822
1500078452876,-9.215514,-9.761265,-3.4899273
1500078452940,-9.809137,-6.9176197,-6.2474008
1500078453003,-7.195282,-7.0133657,-9.330409
1500078453067,-7.5591154,-5.108028,-7.9420977
1500078453131,-6.438892,-5.4718614,-6.333572
1500078453195,-6.094208,-5.2707953,-3.4803526
1500078453258,-5.644203,-6.4197426,-3.0303483
1500078453322,-6.7740016,-9.809137,-2.9537518
1500078453386,-1.8814012,-12.269799,-3.020774
1500078453449,-1.0005416,-6.3814445,-3.2601378
1500078453514,0.42606795,-7.4729443,-2.2260852
1500078453577,-0.50266445,-10.546378,-5.17505
1500078453641,-2.6856642,-10.517654,-3.0686467
1500078453705,-4.3995104,-10.441058,-2.6952388
1500078453768,-4.466532,-8.056993,-1.4792696
1500078453832,-4.4473834,-9.98148,-0.50266445
1500078453895,-5.232497,-4.2271686,3.3558834
1500078453959,-5.414414,-4.916537,5.414414
1500078454023,-4.8590894,-7.501668,4.2463174
1500078454086,-4.5527034,-8.363379,3.0111992
1500078454150,-3.671844,-8.018694,1.6133134
1500078454214,-1.929274,-9.129343,-1.9101248
1500078454278,-1.14416,-10.2016945,-6.678256
1500078454342,-0.92394507,-8.2676325,-4.715471
1500078454406,-1.6037389,-7.7601814,-4.926111
1500078454469,-2.6377914,-7.4059224,-4.9739842
1500078454532,-2.580344,-8.392102,-4.7250457
1500078454596,-2.149489,-8.918703,-4.5527034
1500078454660,-1.7377827,-8.736787,-4.610151
1500078454724,-2.5707695,-8.698488,-5.232497
1500078454787,-3.039923,-8.909128,-4.7058964
1500078454851,-3.758015,-7.3771987,-5.079304
1500078454915,-2.4175766,-9.091045,-2.7814097
1500078454978,-1.79523,-9.502751,-4.275041
1500078455042,-1.9005502,-8.7750845,-4.3324885
1500078455106,-2.168638,-8.803808,-3.8058877
1500078455170,-2.7909844,-8.487848,-3.7005677
1500078455233,-2.2643836,-8.401677,-2.360129
1500078455297,-0.92394507,-8.957002,-4.1026993
1500078455361,-0.54096264,-7.137835,-6.4197426
1500078455424,-1.2303311,-6.3527207,-9.148493
1500078455488,-1.6037389,-7.0133657,-8.602742
1500078455552,-1.3643749,-6.438892,-7.7506065
1500078455616,-2.0537431,-6.630383,-6.3527207
1500078455679,-2.7622607,-6.4676156,-5.644203
1500078455743,-2.4558747,-8.392102,-5.7016506
1500078455807,-2.0633178,-8.171887,-5.2899446
1500078455870,-2.101616,-8.5740185,-5.0601554
1500078455934,-1.3739494,-8.784659,-4.5144053
1500078455998,-1.6516117,-8.612317,-4.7250457
1500078456062,-2.034594,-8.171887,-5.0122824
1500078456125,-1.5271424,-9.31126,-4.4473834
1500078456189,-2.2452345,-9.20594,-3.451629
1500078456252,-1.5941644,-8.459125,-2.360129
1500078456316,-1.4026731,-8.66019,-2.4463003
1500078456380,-1.5462915,-9.024023,-3.4803526
1500078456444,-1.5654407,-10.010203,-4.2080193
1500078456508,-1.9962958,-8.937852,-3.8346114
1500078456572,-1.7569319,-9.560199,-2.8388572
1500078456635,-1.4792696,-8.535721,-2.3984275
1500078456699,-1.7569319,-8.842107,-3.4133308
1500078456762,-1.1633091,-9.062322,-3.9016335
1500078456826,-1.0292653,-9.138918,-3.997379
1500078456890,-1.1633091,-9.608071,-3.3367343
1500078456954,-1.5941644,-9.397431,-3.4229054
1500078457018,-1.7473572,-8.957002,-3.5378
1500078457081,-1.1920328,-9.0814705,-3.911208
1500078457153,-0.9526688,-9.110194,-3.5282254
1500078457208,-2.0537431,-8.870831,-3.777164
1500078457272,-1.1345854,-9.20594,-3.384607
1500078457336,-2.6760898,-8.21976,-3.758015
1500078457400,-2.168638,-9.119769,-4.456958
1500078457463,-1.7377827,-7.9325233,-5.797396
1500078457527,-1.2111819,-10.469782,-6.6495323
1500078457591,-4.0069537,-6.4963393,-3.0303483
1500078457654,-2.5228968,-5.2899446,-2.5899186
1500078457718,-1.3452257,0.40691882,-8.181462
1500078457782,-3.7292912,-3.5378,-14.845356
1500078457846,-2.7048132,-2.2069361,-15.8123865
1500078457909,-2.8771553,-3.3080106,-16.28154
1500078457973,-2.1399143,-0.34947145,1.8335283
1500078458037,-0.42606795,-3.8920588,7.2910275
1500078458100,-2.5516202,-7.9803963,8.631466
1500078458164,-2.2643836,-4.715471,7.6261373
1500078458228,-1.1537346,-6.3622956,7.3867736
1500078458292,-1.622888,-6.113357,7.482519
1500078458355,-2.5228968,-7.0325146,7.855927
1500078458419,-2.2835326,-7.4250717,2.800559
1500078458483,-1.3930986,-10.010203,1.79523
1500078458546,-1.8048047,-9.799562,0.8281995
1500078458611,-2.168638,-9.234664,1.4026731
1500078458675,-2.580344,-9.378282,1.4984187
1500078458739,-2.8101335,-9.512326,2.34098
1500078458801,-2.8388572,-8.7750845,2.0824668
1500078458865,-2.9920502,-7.922949,2.8292825
1500078458929,-1.6899099,-5.787822,1.7856555
1500078458992,-0.8281995,-8.076141,-4.5718527
1500078459056,-0.27287498,-9.64637,-9.435729
1500078459120,-1.5845897,-6.2282515,-9.464453
1500078459184,-3.5378,-5.9027166,-10.374036
1500078459247,-0.78990126,-6.525063,-10.804892
1500078459311,-1.2111819,-6.333572,-5.873993
1500078459375,-0.8186249,-6.678256,-1.9675722
1500078459438,-0.99096704,-9.225089,-1.6707608
1500078459502,-0.6271337,-9.991054,-5.155901
1500078459566,-1.4218222,-7.769756,-2.819708
1500078459630,-1.5367169,-8.066567,-5.49101
1500078459693,-1.2111819,-9.043172,-8.602742
1500078459757,-0.8952214,-6.7261286,-4.9069624
1500078459821,-1.8239537,-7.549541,-3.671844
1500078459884,-3.1548176,-11.063405,-5.9697385
1500078459948,-1.862252,-7.9133744,-6.563361
1500078460012,-1.4026731,-7.7314577,-5.912291
1500078460075,-4.4090853,-10.010203,-4.5335546
1500078460139,0.91437054,-10.977234,3.6143966
1500078460203,7.4442205,-13.179382,6.2761245
1500078460267,4.763344,-11.417664,-3.0303483
1500078460330,0.40691882,-8.7750845,-6.5059137
1500078460394,-1.6516117,-8.00912,-5.462287
1500078460458,-0.30159867,-6.170804,-4.389936
1500078460521,1.8048047,-10.0868,7.549541
1500078460585,1.3069274,-11.331492,-0.7994758
1500078460649,2.6856642,-8.315506,-0.42606795
1500078460713,1.3356512,-8.937852,-0.54096264
1500078460776,1.2973529,-9.684668,1.4601204
1500078460840,3.078221,-9.914457,2.8101335
1500078460904,4.1888704,-8.918703,3.059072
1500078460968,4.1409974,-8.6697645,3.7963133
1500078461031,4.2080193,-8.497422,4.6005764
1500078461095,4.916537,-8.430401,-0.40691882
1500078461159,3.8824842,-9.550624,-3.3080106
1500078461223,3.346309,-10.421909,-2.0728924
1500078461286,4.1601467,-9.952756,0.4164934
1500078461350,1.5367169,-9.339984,0.63670826
1500078461414,0.14840569,-8.047418,2.5707695
1500078461477,0.6558574,-7.702734,3.8058877
1500078461541,0.8760723,-9.100619,2.6186423
1500078461605,1.4601204,-9.560199,2.1111906
1500078461669,-1.5367169,-7.8655014,0.39734426
1500078461732,-3.499502,-8.506997,-2.0058703
1500078461796,-5.7495236,-11.36979,-4.3707867
1500078461860,-5.9697385,-9.876159,-3.7963133
1500078461923,-3.8537605,-8.143164,-4.131423
1500078461987,-2.7239625,-8.286782,-4.5910015
1500078462051,-3.4324799,-9.272962,-4.782493
1500078462116,-4.96441,-8.593168,-4.1601467
1500078462178,-7.7506065,-8.411251,-4.5718527
1500078462242,-6.3814445,-5.0601554,-2.752686
1500078462306,-8.286782,-4.2080193,-2.800559
1500078462369,-11.15915,-3.4612036,-4.303765
1500078462433,-10.5080805,-0.8952214,-2.34098
1500078462497,-9.876159,-0.5218136,-1.7665064
1500078462560,-9.943181,0.23457673,-1.709059
1500078462624,-10.584677,-0.359046,-1.4984187
1500078462688,-10.19212,-0.9430942,-1.5175679
1500078462752,-9.368708,-2.2452345,-1.0292653
1500078462815,-10.699572,-3.3080106,-0.05266008
1500078462879,-9.96233,-3.6143966,1.0771381
1500078462943,-8.152739,-3.7963133,1.4888442
1500078463006,-5.6154795,-4.715471,1.4792696
1500078463070,-5.079304,-5.4048395,0.85692316
1500078463134,-6.783576,-6.4005938,-0.25372586
1500078463198,-10.814466,-7.12826,-1.6420372
1500078463261,-11.867668,-5.979313,-1.4792696
1500078463325,-10.728295,-4.466532,-1.1633091
1500078463389,-8.889979,-3.8346114,-0.59841
1500078463452,-8.056993,-4.0644007,-0.91437054
1500078463516,-8.152739,-4.8973875,-1.4218222
1500078463580,-7.788905,-5.912291,-1.6133134
1500078463643,-8.832532,-7.0708127,-2.88673
1500078463708,-7.204857,-6.9942164,-2.5037475
1500078463772,-6.697405,-6.0750585,-3.2505634
1500078463836,-6.323997,-6.975067,-3.844186
1500078463898,-5.3569665,-7.788905,-4.1409974
1500078463962,-2.5228968,-8.765511,-4.926111
1500078464026,-0.3398969,-8.056993,-3.4899273
1500078464089,-1.5079932,-7.051664,-4.169721
1500078464153,-3.9590807,-6.984642,-6.6495323
1500078464217,-6.7740016,-7.310177,-9.598496
1500078464281,-4.581427,-7.051664,-6.0750585
1500078464344,-3.020774,-6.47719,-4.0644007
1500078464408,-2.8580062,-6.869747,-4.150572
1500078464472,-3.671844,-7.3867736,-4.3803616
1500078464536,-4.0261025,-8.037844,-5.002708
1500078464599,-3.671844,-7.7793303,-4.8590894
1500078464663,-3.9878044,-9.004874,-6.5825105
1500078464727,-4.7250457,-7.6452866,-5.376116
1500078464790,-3.2697124,-6.6016593,-6.218677
1500078464854,-0.78032666,-6.486765,-7.176133
1500078464918,0.3877697,-6.1612296,-7.922949
1500078464982,0.359046,-3.8729098,-8.32508
1500078465045,-0.22500217,-2.034594,-10.804892
1500078465109,-0.8856468,-2.6282167,-12.126181
1500078465173,-0.7324539,-0.6558574,-10.651698
1500078465236,-2.7909844,-2.88673,-8.21976
1500078465300,-2.3026817,-6.639958,-7.9325233
1500078465364,-2.1782124,-5.0122824,-8.784659
1500078465428,-3.8154624,-6.0559096,-6.0367603
1500078465491,-4.993133,-8.4686985,-4.2175937
1500078465555,-5.567607,-9.809137,-4.236743
1500078465619,-5.433563,-9.18679,-2.7622607
1500078465682,-3.1452432,-9.033598,-1.5462915
1500078465746,-1.4313968,-9.158067,-1.2877784
1500078465810,-0.13883112,-9.359133,-0.6845811
1500078465874,-0.2441513,-9.167642,0.19627848
1500078465937,-1.4313968,-8.353804,0.3877697
1500078466001,-7.7123084,-5.797396,2.2739582
1500078466065,-9.225089,-1.6133134,3.7005677
1500078466128,-10.814466,-1.2590547,4.2080193
1500078466192,-9.407005,-2.360129,0.5218136
1500078466256,-10.814466,-4.935686,4.236743
1500078466321,-10.441058,-0.043085523,7.482519
1500078466383,-8.880404,-1.2590547,4.5622783
1500078466448,-7.482519,-3.4803526,3.5760984
1500078466511,-8.382527,-3.9016335,3.690993
1500078466575,-9.167642,-0.8281995,5.1367517
1500078466638,-11.886817,-0.5313881,4.3133397
1500078466702,-10.105948,2.1303396,0.7994758
1500078466766,-5.998462,5.873993,3.6526947
1500078466829,-10.881488,-4.1888704,-8.296356
1500078466894,-6.3144226,-2.360129,-6.5346375
1500078466957,-9.225089,-1.709059,-8.085716
1500078467021,-7.2144313,-2.8292825,-13.275128
1500078467085,-8.076141,-6.8027253,-2.580344
1500078467148,-6.4005938,-1.5750152,-4.8207912
1500078467212,-6.7261286,-2.0824668,-8.066567
1500078467276,-7.2144313,-0.83777404,-7.3771987
1500078467340,-7.348475,-5.4431376,-8.248484
1500078467404,-7.9037995,-3.930357,-6.783576
1500078467467,-8.842107,-1.5558661,-6.716554
1500078467530,-9.837861,-1.3930986,-7.9516726
1500078467594,-9.7899885,-1.7186337,-7.549541
1500078467658,-6.2761245,-3.4707782,-7.549541
1500078467721,-3.2888615,-5.5963306,-8.583593
1500078467785,0.77075213,-7.396348,-4.954835
1500078467849,1.1250108,-7.003791,-2.9824755
1500078467913,1.6899099,-8.037844,-2.7622607
1500078467976,-0.13883112,-8.602742,-3.2026904
1500078468040,-5.088879,-5.845269,-2.6377914
1500078468104,1.862252,-12.231501,-2.3505547
1500078468168,1.8048047,-9.129343,-2.1111906
1500078468231,-2.2069361,-7.7506065,-4.887813
1500078468295,0.71330476,-11.417664,-0.6079846
1500078468359,1.4409714,-9.85701,-1.7282082
1500078468422,-1.8526775,-5.9697385,-6.37187
1500078468486,-1.7186337,-10.938935,-2.0920415
1500078468550,-3.1452432,-10.460207,-4.016528
1500078468613,-3.8824842,-9.024023,-2.9441774
1500078468677,-2.6090677,-9.167642,-3.1069448
1500078468741,-1.469695,-9.339984,-2.9346027
1500078468806,-0.18670394,-10.632549,-3.231414
1500078468869,1.6037389,-10.354887,-2.9633265
1500078468933,3.0973704,-9.713391,-2.3697038
1500078468997,3.6814184,-9.655944,-1.622888
1500078469059,3.6143966,-9.253813,-1.3548003
1500078469123,3.4899273,-8.708063,-1.0196906
1500078469187,3.8633351,-8.612317,-0.9526688
1500078469251,3.4324799,-7.348475,-0.30159867
1500078469314,3.3558834,-9.885734,-0.85692316
1500078469378,3.384607,-9.943181,-1.862252
1500078469442,4.303765,-8.143164,-0.30159867
1500078469505,4.954835,-7.6452866,-1.3548003
1500078469569,4.342063,-8.487848,-2.2260852
1500078469633,5.079304,-8.842107,-1.7569319
1500078469697,6.103782,-8.296356,-2.2069361
1500078469760,5.7686725,-8.037844,-2.7048132
1500078469824,6.285699,-6.9080453,-1.2111819
1500078469888,6.7069798,-7.0612383,-2.254809
1500078469952,6.7931504,-7.0325146,-2.561195
1500078470015,6.525063,-6.8793216,-2.1303396
1500078470079,6.47719,-7.6740103,-1.862252
1500078470143,5.2899446,-8.104865,-1.1728836
1500078470207,5.739949,-7.9037995,-0.34947145
1500078470270,6.1899533,-8.085716,-1.0484143
1500078470334,5.7495236,-8.23891,-1.6133134
1500078470398,5.797396,-7.511243,-1.4409714
1500078470461,6.170804,-7.2718787,-1.1633091
1500078470525,6.1612296,-8.152739,-1.1633091
1500078470589,6.103782,-8.229335,-1.0196906
1500078470652,6.151655,-7.702734,-1.2016073
1500078470716,6.132506,-7.7506065,-1.2016073
1500078470780,6.103782,-7.9037995,-0.5313881
1500078470844,6.515488,-8.889979,0.8760723
1500078470907,7.35805,-8.928278,1.3643749
1500078470971,7.9420977,-9.636795,0.110107444
1500078471035,7.9899707,-7.6452866,-1.0388398
1500078471098,8.056993,-7.1857076,-1.1537346
1500078471162,8.21976,-6.180379,-0.014361841
1500078471226,8.258059,-7.511243,0.19627848
1500078471290,7.9708214,-7.3676243,-0.28244954
1500078471353,7.1857076,-6.9271946,-1.383524
1500078471417,5.988888,-6.9942164,-1.776081
1500078471481,4.7058964,-8.00912,-2.427151
1500078471545,3.604822,-9.550624,-0.90479594
1500078471608,4.5527034,-6.6208086,-0.14840569
1500078471672,5.5580325,-7.310177,-0.14840569
1500078471736,5.5963306,-6.2761245,-0.5505372
1500078471799,4.9739842,-5.6633525,-0.3398969
1500078471863,4.4090853,-6.5346375,-0.3877697
1500078471927,4.437809,-5.960164,-0.42606795
1500078471990,4.0931244,-7.7984796,-0.56968635
1500078472054,2.0824668,-6.975067,-0.83777404
1500078472118,0.7420284,-7.3867736,0.22500217
1500078472182,0.2920241,-7.894225,2.408002
1500078472245,2.5037475,-8.277207,5.2707953
1500078472310,4.8590894,-7.7793303,7.8367777
1500078472373,6.0463347,-6.697405,9.18679
1500078472438,5.653778,-5.873993,8.957002
1500078472500,5.041006,-8.899554,7.0133657
1500078472564,5.481436,-12.221927,7.0325146
1500078472628,9.809137,-10.776168,8.545295
1500078472692,9.41658,-9.253813,6.8410234
1500078472755,8.765511,-7.7506065,4.5335546
1500078472819,6.8410234,-9.244238,1.6899099
1500078472883,4.4856815,-8.9761505,2.0824668
1500078472946,0.93351966,-6.544212,4.658024
1500078473010,0.12925656,-5.299519,5.0505805
1500078473074,0.9430942,-2.6569405,5.38569
1500078473137,2.580344,-2.1590633,5.538883
1500078473201,2.4367256,-0.50266445,8.44955
1500078473265,3.671844,-5.4048395,6.716554
1500078473329,3.911208,-4.887813,8.181462
1500078473392,3.518651,-4.0069537,9.20594
1500078473456,2.5994933,-3.384607,10.06765
1500078473520,3.5856729,-3.8824842,9.655944
1500078473583,4.198445,-6.391019,7.9803963
1500078473647,3.4612036,-5.988888,6.2474008
1500078473711,3.499502,-3.8058877,3.2984362
1500078473775,4.8207912,-0.26330042,1.0005416
1500078473838,5.155901,-0.59841,-0.16755481
1500078473903,4.648449,-0.50266445,0.9430942
1500078473966,3.2697124,-3.3175852,2.1303396
1500078474030,1.8239537,-5.1367517,2.6090677
1500078474093,2.0824668,2.3792782,9.349558
1500078474157,-4.2271686,-5.7495236,10.29744
1500078474221,-12.231501,-6.697405,14.854931
1500078474284,-11.063405,-0.3398969,15.065571
1500078474348,-9.665519,-4.3803616,10.029352
1500078474412,-7.6740103,-4.121848,5.519734
1500078474476,-7.8176284,-3.1548176,4.236743
1500078474539,-11.49426,-4.08355,4.2654667
1500078474603,-13.1602335,-4.619725,3.1452432
1500078474667,-11.915541,-3.9207826,1.4409714
1500078474730,-9.301685,-3.5282254,1.6324625
1500078474794,-6.304848,-3.844186,2.5228968
1500078474858,-2.494173,-4.437809,4.351638
1500078474922,-1.0101161,-3.5569491,6.1899533
1500078474985,-2.1399143,-3.9207826,7.204857
1500078475049,-4.016528,-4.2654667,7.8367777
1500078475113,-5.328243,-4.6867476,7.6452866
1500078475177,-6.2761245,-5.1846247,6.304848
1500078475240,-5.9697385,-4.658024,5.806971
1500078475304,-6.5825105,-4.2271686,5.0314317
1500078475368,-7.042089,-4.5527034,4.887813
1500078475431,-7.587839,-4.3707867,4.5718527
1500078475495,-7.846352,-3.8537605,4.045252
1500078475559,-8.602742,-2.8484318,3.4037561
1500078475622,-9.378282,-2.647366,2.9920502
1500078475686,-9.876159,-2.714388,1.9675722
1500078475750,-10.000628,-2.2643836,1.8335283
1500078475814,-9.933606,-2.5707695,1.0771381
1500078475877,-9.971905,-2.513322,0.37819514
1500078475941,-9.847435,-2.733537,-0.2154276
1500078476005,-9.943181,-2.666515,-0.46436617
1500078476068,-10.048501,-2.666515,-0.5888355
1500078476132,-10.469782,-2.6760898,-0.7228793
1500078476196,-10.804892,-2.561195,-1.0101161
1500078476259,-11.915541,-1.709059,-1.4984187
1500078476324,-11.302769,-1.2590547,-3.1069448
1500078476387,-9.991054,-1.4122477,-1.7665064
1500078476451,-9.454879,-1.8526775,-1.8143792
1500078476515,-8.909128,-3.1643922,-2.5324712
1500078476578,-10.144247,-3.8824842,-4.543129
1500078476642,-10.163396,-4.3707867,-4.8973875
1500078476706,-8.717637,-4.6771727,-5.682502
1500078476769,-7.281453,-3.7292912,-5.414414
1500078476833,-5.8548436,-3.5282254,-6.6495323
1500078476897,-3.7484405,-2.0537431,-4.887813
1500078476960,-3.5090764,-1.5462915,-3.2792869
1500078477024,-6.2952733,-5.8931417,-6.984642
1500078477088,-9.885734,-4.801642,-6.5059137
1500078477152,-8.085716,0.4356425,-8.842107
1500078477215,-1.8048047,1.1824582,-9.742115
1500078477279,0.8090504,1.3643749,-7.6740103
1500078477343,-1.9196993,0.92394507,-6.8410234
1500078477407,-6.1612296,-3.384607,-7.769756
1500078477470,-11.848518,-4.0548263,-3.604822
1500078477534,-9.904882,-5.538883,-1.9196993
1500078477598,-7.042089,-5.7686725,-0.32074776
1500078477662,-7.243155,-7.0995364,0.3398969
1500078477725,-7.7314577,-3.6239712,2.6569405
1500078477789,-8.00912,-3.4707782,2.101616
1500078477852,-6.4963393,-2.3792782,-1.1345854
1500078477916,-6.975067,-4.466532,-7.9420977
1500078477980,-9.98148,-5.5580325,-5.3186684
1500078478044,-9.20594,-2.6952388,0.8473486
1500078478107,-8.487848,-7.9899707,-0.9526688
1500078478171,-7.1474094,-4.2175937,1.79523
1500078478235,-5.979313,-4.4473834,1.4888442
1500078478299,-4.916537,-5.672927,1.3356512
1500078478362,-10.546378,-4.2558923,0.8856468
1500078478426,-11.312344,0.54096264,-4.016528
1500078478490,-11.312344,0.44521707,-3.5760984
1500078478553,-10.115523,-2.427151,-1.2686293
1500078478617,-10.153821,-0.26330042,-2.972901
1500078478681,-4.8782387,-2.867581,-5.2133484
1500078478745,-8.583593,-0.91437054,-2.5420458
1500078478808,-10.038927,-0.5792609,-3.2601378
1500078478872,-8.755936,-0.44521707,-4.2941904
1500078478936,-9.3878565,0.49308985,-3.5952475
1500078479000,-9.129343,0.6558574,-3.9399316
1500078479064,-8.6697645,0.39734426,-2.8292825
1500078479127,-8.66019,2.0920415,-2.321831
1500078479191,-9.339984,-2.0824668,-2.6090677
1500078479255,-10.967659,3.0877957,-0.90479594
1500078479319,-10.19212,3.384607,-1.9005502
1500078479383,-10.6134,2.475024,-0.50266445
1500078479445,-11.178299,-2.4463003,-3.451629
1500078479509,-12.9591675,-4.131423,-4.8207912
1500078479573,-13.045339,-4.887813,2.4175766
1500078479637,-11.321918,-3.4899273,3.0877957
1500078479700,-5.1271772,-6.0080366,0.8952214
1500078479764,-6.4197426,-3.930357,7.2623043
1500078479828,-7.3006024,-6.458041,9.177217
1500078479891,-7.3771987,-2.5228968,9.598496
1500078479955,-5.4048395,-0.49308985,7.9899707
1500078480019,-2.8388572,1.1920328,8.985725
1500078480083,0.0,2.034594,9.110194
1500078480146,2.34098,2.580344,8.803808
1500078480211,2.149489,4.0644007,7.721883
1500078480275,1.8335283,4.504831,7.6069884
1500078480337,1.2303311,4.619725,7.4059224
1500078480401,1.3356512,4.8303657,6.611234
1500078480465,1.6037389,5.079304,6.697405
1500078480528,1.9579976,5.433563,6.8888965
1500078480592,1.0196906,5.194199,7.243155
1500078480656,0.05266008,5.2133484,8.00912
1500078480719,-0.8473486,5.4239883,7.9420977
1500078480792,-1.2016073,5.0122824,8.018694
1500078480799,-1.3643749,4.5239797,8.124015
1500078480815,-1.3069274,4.456958,7.7984796
1500078480831,-1.0675635,4.3707867,7.8176284
1500078480847,-0.9430942,4.169721,7.8655014
1500078480863,-1.0101161,3.9399316,7.9037995
1500078480879,-1.1824582,3.8824842,7.7793303
1500078480895,-1.3356512,4.045252,7.702734
1500078480911,-1.2207564,4.1026993,7.8655014
1500078480927,-1.1345854,3.9590807,7.9899707
1500078480943,-1.2303311,3.9495063,7.894225
1500078480959,-1.4026731,4.0739756,7.9516726
1500078480974,-1.7186337,4.1888704,8.00912
1500078480990,-1.8431029,4.1792955,8.152739
1500078481006,-1.4984187,3.9878044,8.392102
1500078481022,-1.2111819,3.8537605,8.401677
1500078481038,-1.0675635,3.9495063,8.229335
1500078481054,-0.8664977,4.1792955,8.296356
1500078481070,-0.70373017,4.504831,8.459125
1500078481086,-0.7420284,4.7441945,8.4686985
1500078481102,-0.8760723,4.8303657,8.459125
1500078481118,-1.0101161,4.8590894,8.392102
1500078481134,-1.1920328,4.8973875,8.401677
1500078481150,-1.4792696,4.916537,8.430401
1500078481166,-1.776081,4.8207912,8.5740185
1500078481181,-1.9675722,4.5239797,8.6697645
1500078481197,-2.0633178,4.1888704,8.66019
1500078481213,-2.101616,3.8824842,8.698488
1500078481229,-2.0441687,3.7867386,8.708063
1500078481245,-1.9962958,3.9782298,8.66019
1500078481261,-1.9962958,4.2080193,8.621892
1500078481277,-1.9101248,4.2941904,8.564445
1500078481293,-1.7377827,4.2463174,8.487848
1500078481309,-1.5845897,4.2654667,8.430401
1500078481325,-1.4409714,4.322914,8.363379
1500078481341,-1.2973529,4.389936,8.392102
1500078481357,-1.2303311,4.428234,8.545295
1500078481373,-1.2973529,4.4856815,8.612317
1500078481388,-1.2590547,4.696322,8.66019
1500078481404,-1.0771381,4.8303657,8.765511
1500078481420,-0.98139244,4.7250457,8.813383
1500078481436,-1.0196906,4.5239797,8.679339
1500078481452,-1.0484143,4.428234,8.5740185
1500078481468,-1.0292653,4.437809,8.535721
1500078481484,-0.7420284,4.342063,8.497422
1500078481500,-0.7324539,4.1026993,8.44955
1500078481516,-0.8186249,4.08355,8.430401
1500078481532,-0.7324539,4.0931244,8.392102
1500078481548,-0.69415563,4.1122737,8.32508
1500078481564,-0.61755913,4.131423,8.392102
1500078481580,-0.49308985,4.2080193,8.4686985
1500078481596,-0.4164934,4.198445,8.420826
1500078481611,-0.25372586,4.2271686,8.2676325
1500078481627,-0.110107444,4.437809,8.334655
1500078481643,-0.00478728,4.5335546,8.286782
1500078481659,0.0,4.3995104,8.171887
1500078481675,-0.014361841,4.284616,8.143164
1500078481691,0.014361841,4.284616,8.056993
1500078481707,0.09095833,4.5718527,8.076141
1500078481723,0.2154276,4.8207912,8.104865
1500078481739,0.3111732,4.916537,8.11444
1500078481755,0.2441513,4.849515,8.056993
1500078481771,0.3111732,4.715471,7.961247
1500078481787,0.44521707,4.715471,7.9133744
1500078481803,0.5218136,4.887813,7.8846507
1500078481819,0.56011176,5.0122824,7.875076
1500078481834,0.56968635,4.993133,7.769756
1500078481851,0.56968635,4.9739842,7.6069884
1500078481867,0.59841,4.954835,7.46337
1500078481883,0.5888355,5.0601554,7.4059224
1500078481898,0.78990126,5.079304,7.4920936
1500078481914,0.8760723,5.0601554,7.3867736
1500078481930,0.6271337,5.2133484,7.2910275
1500078481946,0.6558574,5.366541,7.501668
1500078481962,0.5792609,5.462287,7.5591154
1500078481978,0.61755913,5.28037,7.511243
1500078481994,0.9526688,5.452712,7.4729443
1500078482010,1.2399056,5.567607,7.6069884
1500078482026,1.0771381,5.2420716,7.329326
1500078482042,1.0484143,4.811217,7.12826
1500078482058,0.8856468,4.696322,7.2240057
1500078482073,0.5505372,4.5527034,7.156984
1500078482089,0.25372586,4.9739842,7.8272033
1500078482105,0.37819514,5.538883,8.392102
1500078482121,-0.09095833,6.1899533,8.55487
1500078482137,0.00478728,6.132506,8.506997
1500078482153,0.6558574,5.1846247,7.961247
1500078482169,1.0962871,4.504831,7.808054
1500078482185,0.9622433,4.648449,7.788905
1500078482201,0.78990126,4.9069624,7.7793303
1500078482217,0.56968635,5.194199,7.808054
1500078482233,0.45479164,5.3378177,7.788905
1500078482249,0.54096264,5.299519,7.8272033
1500078482265,0.64628285,5.146326,7.8655014
1500078482280,0.5792609,5.1846247,7.922949
1500078482296,0.45479164,5.0314317,8.047418
1500078482312,0.34947145,4.8973875,7.875076
1500078482328,0.46436617,4.916537,7.8655014
1500078482344,0.512239,5.0505805,8.028269
1500078482360,0.33032233,5.1176023,8.143164
1500078482376,0.14840569,5.079304,8.143164
1500078482392,0.17712937,5.0984535,8.085716
1500078482408,0.2920241,5.1654754,8.037844
1500078482424,0.28244954,5.1176023,8.066567
1500078482440,0.19627848,4.993133,8.018694
1500078482456,0.22500217,4.8782387,7.9516726
1500078482472,0.2920241,4.868664,7.9516726
1500078482488,0.30159867,4.811217,8.028269
1500078482504,0.26330042,4.8303657,7.9708214
1500078482520,0.28244954,4.8590894,7.9420977
1500078482536,0.32074776,4.954835,7.9325233
1500078482551,0.3398969,5.0314317,7.961247
1500078482568,0.33032233,4.935686,8.00912
1500078482583,0.27287498,4.7250457,7.9708214
1500078482599,0.16755481,4.5527034,7.894225
1500078482615,0.2154276,4.619725,7.894225
1500078482631,0.3111732,4.8207912,7.894225
1500078482647,0.34947145,4.9739842,7.9803963
1500078482663,0.23457673,4.96441,8.028269
1500078482679,0.15798025,4.8973875,7.9708214
1500078482695,0.27287498,4.8207912,8.018694
1500078482711,0.33032233,4.849515,8.028269
1500078482727,0.25372586,4.935686,8.037844
1500078482743,0.2154276,4.993133,8.076141
1500078482759,0.20585304,4.9739842,8.124015
1500078482775,0.19627848,4.8782387,8.056993
1500078482790,0.20585304,4.811217,8.056993
1500078482806,0.17712937,4.801642,8.047418
1500078482822,0.12925656,4.8590894,8.085716
1500078482838,0.11968201,4.811217,8.076141
1500078482854,0.10053288,4.715471,8.076141
1500078482870,0.00478728,4.772918,8.056993
1500078482886,-0.014361841,4.772918,8.085716
1500078482902,0.014361841,4.7250457,8.085716
1500078482918,-0.05266008,4.648449,8.085716
1500078482934,-0.081383765,4.6293,8.028269
1500078482950,0.081383765,4.6867476,8.028269
1500078482966,0.22500217,4.696322,8.018694
1500078482981,0.19627848,4.648449,7.999545
1500078482997,0.10053288,4.6771727,7.999545
1500078483013,0.00478728,4.715471,7.9803963
1500078483029,0.09095833,4.73462,7.9133744
1500078483045,0.27287498,4.73462,7.9037995
1500078483061,0.30159867,4.543129,7.999545
1500078483077,0.0718092,4.3995104,8.018694
1500078483093,-0.062234644,4.504831,8.076141
1500078483109,0.15798025,4.6867476,8.363379
1500078483125,0.2920241,4.782493,8.497422
1500078483141,0.22500217,4.73462,8.430401
1500078483157,0.25372586,4.6771727,8.545295
1500078483173,0.27287498,4.5527034,8.55487
1500078483189,0.4356425,4.5910015,8.4686985
1500078483205,0.49308985,4.4856815,8.392102
1500078483221,0.4835153,4.4186597,8.229335
1500078483237,0.54096264,4.5910015,8.037844
1500078483252,0.64628285,4.8590894,7.8846507
1500078483268,0.8281995,4.8303657,7.769756
1500078483284,0.83777404,4.610151,7.693159
1500078483300,0.7994758,4.389936,7.5974135
1500078483316,0.751603,4.0644007,7.7984796
1500078483332,0.512239,3.5090764,8.23891
1500078483348,0.34947145,3.078221,8.889979
1500078483364,0.23457673,2.867581,9.20594
1500078483380,0.46436617,2.7718353,9.5219
1500078483396,0.7324539,2.88673,9.75169
1500078483412,0.8281995,2.9920502,9.96233
1500078483428,0.9622433,2.9537518,9.54105
1500078483444,0.12925656,4.466532,9.407005
1500078483460,1.2303311,3.6239712,9.397431
1500078483475,1.5367169,2.5516202,8.487848
1500078483491,1.3548003,2.666515,8.621892
1500078483507,1.7377827,2.9154537,8.803808
1500078483523,1.79523,3.1165195,8.765511
1500078483539,1.6707608,3.0494976,8.7750845
1500078483555,1.6899099,3.059072,8.794233
1500078483571,1.9101248,2.9920502,8.803808
1500078483587,1.5654407,2.9920502,8.784659
1500078483603,1.6899099,3.2984362,8.803808
1500078483619,2.0058703,3.4899273,8.842107
1500078483635,2.1303396,3.2026904,8.5740185
1500078483651,1.4313968,3.2218397,8.420826
1500078483666,1.1250108,3.0494976,8.392102
1500078483683,1.79523,3.5952475,8.641041
1500078483698,1.5367169,3.231414,8.66019
1500078483715,1.4792696,3.0877957,8.55487
1500078483730,2.0537431,3.212265,8.918703
1500078483746,1.9005502,3.173967,8.985725
1500078483762,1.5175679,3.0303483,8.679339
1500078483778,1.9771467,3.1835413,8.765511
1500078483794,1.9962958,3.193116,8.612317
1500078483810,1.776081,3.212265,8.4686985
1500078483826,1.6803354,3.193116,8.23891
1500078483842,1.4218222,3.1835413,8.047418
1500078483858,1.2590547,3.2792869,8.124015
1500078483874,1.4122477,3.4133308,8.34423
1500078483890,1.6899099,3.5090764,8.545295
1500078483906,1.0196906,3.0877957,8.315506
1500078483921,1.0196906,3.039923,8.478273
1500078483938,1.3452257,3.2505634,8.822957
1500078483953,1.2686293,3.2601378,8.870831
1500078483969,0.6750065,2.9633265,8.564445
1500078483985,0.8090504,2.8388572,8.497422
1500078484001,1.5271424,3.0877957,8.717637
1500078484017,1.3739494,3.2601378,8.870831
1500078484033,0.7228793,2.7814097,8.430401
1500078484049,0.70373017,2.666515,8.353804
1500078484065,2.101616,3.1356685,9.004874
1500078484081,2.6952388,3.2792869,8.842107
1500078484096,2.561195,3.2026904,8.535721
1500078484113,2.8963046,3.5473747,8.746361
1500078484129,3.0303483,3.5665238,8.995299
1500078484145,2.5707695,3.0973704,8.717637
1500078484160,2.427151,2.88673,8.650616
1500078484176,2.5037475,2.752686,8.813383
1500078484192,2.3984275,2.4558747,9.062322
1500078484208,2.5420458,2.4654493,9.29211
1500078484224,2.408002,2.4654493,9.29211
1500078484240,1.7665064,2.187787,8.889979
1500078484256,1.6037389,2.1590633,8.506997
1500078484272,1.5845897,2.1303396,8.229335
1500078484288,1.4984187,2.1207652,8.171887
1500078484304,1.3165021,2.015445,7.9708214
1500078484319,1.0388398,1.8718265,7.654861
1500078484336,0.77075213,1.7856555,7.3197513
1500078484351,0.71330476,1.9005502,7.46337
1500078484367,-0.8281995,2.015445,7.2718787
1500078484383,-1.8718265,5.3569665,7.2240057
1500078484399,-1.776081,4.3612123,7.5303917
1500078484415,-0.9526688,2.187787,7.329326
1500078484431,-0.76117754,2.3314054,7.7123084
1500078484447,-0.8760723,2.752686,8.056993
1500078484463,-0.91437054,2.3026817,8.00912
1500078484479,-1.2782038,1.5941644,7.7314577
1500078484495,-1.5750152,1.3260766,7.7314577
1500078484511,-1.6133134,1.4601204,7.922949
1500078484527,-1.4792696,0.46436617,7.7793303
1500078484543,-1.0867126,-1.1728836,7.348475
1500078484559,-0.8473486,-2.9154537,7.616563
1500078484575,-1.3930986,-4.0548263,8.32508
1500078484590,-2.819708,-5.873993,8.765511
1500078484606,-3.4324799,-8.832532,7.511243
1500078484622,-3.1165195,-10.125097,6.525063
1500078484638,-2.4367256,-8.957002,6.47719
1500078484654,-1.7665064,-7.6740103,6.7931504
1500078484670,-1.5271424,-7.2527294,6.4197426
1500078484686,-1.8814012,-7.0995364,6.0367603
1500078484702,-2.3697038,-6.8601727,6.304848
1500078484718,-2.8292825,-5.8835673,6.103782
1500078484734,-3.3080106,-5.4431376,5.941015
1500078484797,-4.619725,-4.715471,5.586756
1500078484861,-9.263388,-6.592085,3.7963133
1500078484925,-9.129343,-10.536804,8.966576
1500078484990,-3.6431203,-3.9782298,4.6675982
1500078485052,-5.1846247,-4.648449,6.9942164
1500078485116,-5.146326,-7.3006024,4.648449
1500078485180,-5.328243,-7.2144313,4.0356774
1500078485244,-5.28037,-6.4293175,4.849515
1500078485307,-5.452712,-6.458041,4.801642
1500078485372,-5.605905,-6.1899533,4.9739842
1500078485436,-5.328243,-6.170804,5.2707953
1500078485498,-5.1367517,-6.47719,5.002708
1500078485562,-5.2516465,-6.5537868,4.811217
1500078485626,-5.3569665,-6.486765,4.782493
1500078485689,-5.232497,-6.47719,4.9069624
1500078485753,-5.146326,-6.5059137,4.8973875
1500078485817,-5.108028,-6.544212,4.926111
1500078485881,-5.222923,-6.5729356,4.8782387
1500078485944,-5.3186684,-6.438892,4.849515
1500078486008,-5.309094,-6.37187,4.8590894
1500078486072,-5.38569,-6.1899533,4.8782387
1500078486136,-5.941015,-6.5537868,5.433563
1500078486199,-7.56869,-8.200611,3.7867386
1500078486263,-6.4676156,-9.8953085,2.580344
1500078486327,-3.7292912,-10.622974,3.5378
1500078486390,-2.5994933,-10.785743,3.6143966
1500078486454,-1.1154363,-9.684668,3.039923
1500078486518,-0.20585304,-9.904882,2.7431116
1500078486582,2.0728924,-7.922949,3.7675896
1500078486645,3.911208,-6.1420803,3.4899273
1500078486709,5.3569665,-4.198445,3.6814184
1500078486773,6.716554,-3.2697124,3.690993
1500078486836,7.6069884,-2.2643836,3.3367343
1500078486900,8.315506,-1.4122477,3.0016246
1500078486964,8.813383,-0.63670826,2.8963046
1500078487028,9.20594,-0.25372586,2.9441774
1500078487091,9.464453,-0.512239,3.2792869
1500078487155,9.129343,-0.34947145,3.020774
1500078487219,9.196365,0.14840569,2.2931073
1500078487282,9.608071,0.14840569,1.6994845
1500078487346,9.952756,-0.37819514,1.6037389
1500078487410,10.000628,-0.28244954,2.0824668
1500078487474,9.818711,-0.00478728,2.2260852
1500078487538,9.7899885,0.5218136,2.2165108
1500078487602,10.010203,0.8281995,2.168638
1500078487665,10.460207,0.8473486,1.6707608
1500078487728,10.555953,1.2207564,1.7377827
1500078487792,10.172971,0.8760723,0.91437054
1500078487856,9.493176,1.5271424,-0.2441513
1500078487920,9.091045,1.5271424,-2.0250196
1500078487983,9.167642,1.7377827,-1.4984187
1500078488047,8.851681,1.8335283,-0.8664977
1500078488111,9.0814705,1.383524,1.0388398
1500078488175,9.129343,0.8473486,1.0101161
1500078488238,9.818711,1.0962871,1.9579976
1500078488302,9.780414,1.5750152,0.22500217
1500078488366,9.3878565,0.90479594,-0.6271337
1500078488429,9.29211,0.8473486,0.49308985
1500078488493,9.378282,0.83777404,0.30159867
1500078488557,10.06765,0.92394507,1.6803354
1500078488620,9.75169,1.79523,1.0484143
1500078488684,8.229335,-0.61755913,0.4356425
1500078488748,8.631466,0.03351096,-1.3548003
1500078488812,9.110194,4.6005764,-2.647366
1500078488875,7.2527294,2.8484318,-3.930357
1500078488939,2.5899186,-5.1367517,-2.1111906
1500078489003,1.8048047,-14.759185,-0.63670826
1500078489067,2.2931073,-18.713478,-2.7239625
1500078489130,0.85692316,-14.012369,-0.359046
1500078489194,-1.2686293,-7.6452866,3.8537605
1500078489258,-0.25372586,-9.043172,4.169721
1500078489322,0.062234644,-10.469782,2.408002
1500078489386,1.3260766,-9.85701,-2.5228968
1500078489458,3.365458,-11.034681,-5.1367517
1500078489513,4.2080193,-9.3878565,-2.0058703
1500078489576,3.7197168,-8.688913,-1.9196993
1500078489640,3.7675896,-8.947427,-2.2260852
1500078489704,3.7197168,-9.0814705,-1.1537346
1500078489767,3.451629,-8.602742,0.54096264
1500078489831,4.0931244,-9.024023,0.4835153
1500078489895,4.4090853,-8.564445,1.1728836
1500078489960,4.648449,-8.947427,1.2782038
1500078490022,4.7250457,-7.4059224,1.8718265
1500078490086,3.9878044,-7.721883,2.34098
1500078490150,3.7101421,-8.4686985,1.8526775
1500078490214,3.9878044,-7.741032,1.2590547
1500078490277,3.059072,-8.861256,0.50266445
1500078490341,2.88673,-10.40276,-0.2154276
1500078490405,1.6707608,-10.125097,0.78990126
1500078490468,0.751603,-9.024023,1.862252
1500078490532,1.3930986,-10.259142,-2.187787
1500078490596,1.383524,-9.110194,-5.7303743
1500078490660,1.5654407,-8.133589,-7.5303917
1500078490723,1.5271424,-6.5729356,-7.204857
1500078490787,1.7377827,-6.5346375,-7.511243
1500078490851,2.4654493,-9.234664,-8.372953
1500078490915,1.6420372,-7.02294,-5.912291
1500078490978,1.1345854,-6.975067,0.11968201
1500078491042,1.3069274,-10.105948,3.518651
1500078491106,2.0728924,-8.315506,0.44521707
1500078491169,0.8281995,-9.703817,-1.2207564
1500078491233,0.7420284,-9.493176,-3.126094
1500078491297,0.4164934,-10.326163,-3.9878044
1500078491361,0.20585304,-9.071896,-3.6431203
1500078491424,-0.16755481,-9.368708,-2.7431116
1500078491488,-0.6558574,-9.004874,-1.2877784
1500078491552,-0.93351966,-9.445304,-1.0675635
1500078491624,-1.2207564,-9.732541,-0.90479594
1500078491679,-1.3643749,-10.048501,-1.5175679
1500078491743,-1.6707608,-10.144247,-1.3548003
1500078491807,-2.1782124,-9.713391,-0.6079846
1500078491870,-2.34098,-9.5889225,0.17712937
1500078491934,-2.1399143,-10.125097,0.4835153
1500078491998,-1.8431029,-10.125097,1.0771381
1500078492061,-1.6516117,-9.062322,1.3739494
1500078492125,-1.0771381,-8.717637,-1.3452257
1500078492189,-0.7420284,-9.799562,-3.4612036
1500078492252,-0.32074776,-7.7601814,-3.7867386
1500078492316,-0.92394507,-6.3144226,-5.155901
1500078492380,-3.231414,-8.526146,-8.870831
1500078492444,-2.8101335,-9.943181,-8.918703
1500078492507,-0.8760723,-6.6016593,-5.7112255
1500078492571,-0.8281995,-4.4473834,-5.7208
1500078492636,-2.6282167,-3.4324799,-8.506997
1500078492699,-3.0877957,-4.3133397,-9.531475
1500078492763,-3.0494976,-4.2175937,-9.445304
1500078492827,-3.3367343,-4.648449,-8.746361
1500078492890,-3.4420545,-4.581427,-8.698488
1500078492953,-3.5282254,-5.194199,-8.957002
1500078493017,-3.5665238,-5.5101595,-9.148493
1500078493081,-2.8484318,-6.5346375,-9.339984
1500078493145,-2.3697038,-6.0846334,-7.2335806
1500078493208,-1.8526775,-5.998462,-1.948423
1500078493272,-1.3739494,-9.033598,-2.4845984
1500078493336,-1.4505459,-8.966576,-2.475024
1500078493399,-1.5558661,-9.301685,-2.5420458
1500078493463,-1.8335283,-9.64637,-2.5037475
1500078493527,-2.015445,-9.378282,-2.475024
1500078493591,-2.0058703,-10.230418,-1.5079932
1500078493654,-2.4367256,-10.19212,-1.1728836
1500078493718,-2.5899186,-9.31126,-1.7186337
1500078493782,-2.8388572,-8.937852,-2.6090677
1500078493845,-2.9250283,-8.985725,-2.2931073
1500078493909,-2.9441774,-9.426155,-1.6899099
1500078493973,-2.8771553,-9.043172,-1.8431029
1500078494037,-2.666515,-9.158067,-1.7186337
1500078494100,-2.5994933,-9.138918,-1.6707608
1500078494164,-2.6186423,-9.454879,-1.4026731
1500078494228,-2.5516202,-9.445304,-1.1058618
1500078494291,-2.494173,-9.29211,-0.751603
1500078494355,-2.4654493,-9.531475,-0.6558574
1500078494419,-2.6377914,-9.722966,-0.359046
1500078494483,-2.6282167,-9.866585,-0.16755481
1500078494546,-1.7569319,-9.368708,-0.00478728
1500078494610,-0.93351966,-9.29211,0.359046
1500078494674,-0.61755913,-9.703817,0.26330042
1500078494738,-0.8090504,-9.828286,0.27287498
1500078494801,-1.4409714,-10.163396,0.5792609
1500078494865,-4.4090853,-10.92936,1.4984187
1500078494929,-6.8888965,-10.431483,0.23457673
1500078494992,-5.5580325,-8.056993,-0.4356425
1500078495056,-5.155901,-6.094208,-1.4792696
1500078495120,-6.458041,-8.286782,-2.0058703
1500078495184,-9.31126,-8.813383,-0.46436617
1500078495247,-9.2825365,-4.150572,2.7909844
1500078495311,-7.2718787,-5.5771813,1.8909757
1500078495375,-7.6835847,-4.8782387,0.63670826
1500078495438,-7.8176284,-5.3569665,0.25372586
1500078495502,-8.056993,-3.5378,-0.9718179
1500078495566,-7.999545,-4.351638,-2.733537
1500078495630,-7.195282,-6.716554,-3.039923
1500078495693,-5.605905,-5.672927,-2.1207652
1500078495757,-5.8931417,-6.6591067,-2.666515
1500078495821,-6.697405,-5.500585,-1.7473572
1500078495884,-6.8601727,-7.2718787,-1.3260766
1500078495948,-7.5399666,-6.37187,-0.9622433
1500078496012,-7.042089,-6.3814445,-0.9526688
1500078496076,-6.4197426,-6.515488,-0.54096264
1500078496139,-6.4005938,-7.137835,-0.28244954
1500078496203,-7.2240057,-7.281453,-0.3877697
1500078496267,-7.2335806,-6.5346375,-0.70373017
1500078496330,-6.716554,-6.4963393,-0.28244954
1500078496394,-6.410168,-6.9080453,-0.25372586
1500078496458,-6.745278,-6.7931504,0.17712937
1500078496522,-7.0133657,-7.1186857,-0.03351096
1500078496585,-6.764427,-6.9271946,0.0718092
1500078496649,-6.630383,-6.630383,0.359046
1500078496713,-6.5346375,-7.0995364,0.27287498
1500078496776,-6.304848,-6.9559183,0.32074776
1500078496840,-6.4197426,-6.821874,0.13883112
1500078496904,-7.0995364,-6.256975,0.56968635
1500078496968,-7.6452866,-5.5963306,-0.023936402
1500078497031,-7.243155,-6.065484,-1.776081
1500078497095,-7.204857,-8.564445,-1.2303311
1500078497159,-6.391019,-6.027186,-1.0292653
1500078497222,-7.4059224,-5.979313,-2.187787
1500078497286,-7.511243,-6.1420803,-3.5282254
1500078497350,-6.9559183,-5.797396,-3.1835413
1500078497414,-7.1186857,-5.988888,-2.6282167
1500078497477,-7.4250717,-6.7261286,-1.9962958
1500078497541,-7.721883,-6.438892,-1.8048047
1500078497605,-7.3771987,-6.1899533,-2.1303396
