1500078902200,-9.454879,-0.85692316,1.4792696
1500078902264,-9.445304,-0.83777404,1.4792696
1500078902328,-9.435729,-0.8090504,1.5462915
1500078902392,-9.464453,-0.8856468,1.4505459
1500078902456,-9.454879,-0.8760723,1.4792696
1500078902519,-9.454879,-0.8856468,1.5079932
1500078902582,-9.426155,-0.8952214,1.5750152
1500078902646,-9.426155,-0.90479594,1.5462915
1500078902710,-9.41658,-0.91437054,1.5750152
1500078902774,-9.445304,-0.8664977,1.5367169
1500078902837,-9.435729,-0.85692316,1.5654407
1500078902901,-9.445304,-0.8856468,1.5367169
1500078902965,-9.454879,-0.8760723,1.4505459
1500078903029,-9.454879,-0.85692316,1.4313968
1500078903101,-9.474028,-0.70373017,1.4026731
1500078903156,-9.474028,-0.8186249,1.3930986
1500078903219,-9.474028,-0.8090504,1.3930986
1500078903283,-9.474028,-0.8952214,1.3356512
1500078903347,-9.464453,-0.9718179,1.3643749
1500078903411,-9.435729,-1.0005416,1.4505459
1500078903474,-9.426155,-1.0005416,1.4984187
1500078903538,-9.445304,-1.0005416,1.5079932
1500078903602,-9.426155,-1.0196906,1.5271424
1500078903665,-9.426155,-1.0101161,1.4984187
1500078903729,-9.464453,-0.8473486,1.469695
1500078903793,-9.445304,-1.0484143,1.4026731
1500078903856,-9.454879,-0.90479594,1.4601204
1500078903920,-9.445304,-1.0005416,1.4218222
1500078903984,-9.454879,-0.8952214,1.4313968
1500078904048,-9.464453,-1.0101161,1.3165021
1500078904111,-9.474028,-0.8856468,1.3739494
1500078904175,-9.445304,-0.9526688,1.4313968
1500078904239,-9.454879,-0.91437054,1.4888442
1500078904302,-9.41658,-0.9622433,1.5462915
1500078904366,-9.445304,-0.99096704,1.5079932
1500078904430,-9.435729,-0.9622433,1.5271424
1500078904494,-9.435729,-0.9718179,1.4984187
1500078904557,-9.454879,-0.92394507,1.4313968
1500078904621,-9.426155,-1.0101161,1.4409714
1500078904685,-9.493176,-0.85692316,1.3356512
1500078904748,-9.445304,-0.91437054,1.4122477
1500078904812,-9.464453,-0.9622433,1.3069274
1500078904876,-9.464453,-0.98139244,1.3069274
1500078904940,-9.493176,-0.92394507,1.2782038
1500078905003,-9.464453,-0.93351966,1.3930986
1500078905067,-9.474028,-0.9526688,1.3165021
1500078905132,-9.445304,-0.90479594,1.4218222
1500078905195,-9.474028,-0.90479594,1.3165021
1500078905258,-9.454879,-1.0005416,1.3452257
1500078905322,-9.464453,-0.99096704,1.3165021
1500078905386,-9.454879,-0.9526688,1.4313968
1500078905449,-9.483603,-0.9430942,1.3260766
1500078905513,-9.435729,-0.9430942,1.4122477
1500078905578,-9.483603,-0.9718179,1.2973529
1500078905641,-9.474028,-1.0196906,1.2782038
1500078905704,-9.474028,-0.98139244,1.2494801
1500078905768,-9.493176,-0.9622433,1.2494801
1500078905831,-9.464453,-1.0675635,1.2399056
1500078905896,-9.474028,-1.0962871,1.2399056
1500078905960,-9.445304,-1.0867126,1.3356512
1500078906024,-9.454879,-1.0675635,1.3452257
1500078906088,-9.445304,-0.99096704,1.4026731
1500078906150,-9.454879,-0.98139244,1.3930986
1500078906214,-9.454879,-0.9526688,1.4313968
1500078906278,-9.464453,-1.0005416,1.3452257
1500078906341,-9.435729,-0.8952214,1.4984187
1500078906405,-9.454879,-0.9718179,1.4218222
1500078906469,-9.483603,-0.90479594,1.3739494
1500078906532,-9.464453,-0.90479594,1.4122477
1500078906596,-9.445304,-0.92394507,1.4122477
1500078906660,-9.464453,-0.99096704,1.3548003
1500078906724,-9.464453,-0.93351966,1.3452257
1500078906787,-9.474028,-0.9430942,1.3548003
1500078906851,-9.464453,-0.9622433,1.3548003
1500078906915,-9.464453,-0.9622433,1.3452257
1500078906978,-9.493176,-0.91437054,1.3356512
1500078907042,-9.397431,-1.0484143,1.5654407
1500078907106,-9.445304,-1.0196906,1.4888442
1500078907170,-9.445304,-0.90479594,1.5367169
1500078907233,-9.435729,-0.91437054,1.5367169
1500078907297,-9.445304,-0.9430942,1.5175679
1500078907361,-9.407005,-1.0005416,1.6037389
1500078907424,-9.454879,-0.9526688,1.4984187
1500078907489,-9.445304,-0.9718179,1.5271424
1500078907560,-9.41658,-0.8186249,1.6516117
1500078907615,-9.445304,-1.0292653,1.4888442
1500078907679,-9.426155,-0.90479594,1.6037389
1500078907743,-9.426155,-0.9526688,1.5367169
1500078907807,-9.435729,-0.91437054,1.5654407
1500078907870,-9.435729,-1.0101161,1.4984187
1500078907935,-9.435729,-0.98139244,1.5462915
1500078907999,-9.454879,-0.9622433,1.4505459
1500078908061,-9.464453,-0.99096704,1.4409714
1500078908125,-9.445304,-0.9718179,1.5367169
1500078908189,-9.445304,-1.0292653,1.5079932
1500078908253,-9.3878565,-0.91437054,1.709059
1500078908316,-9.41658,-0.90479594,1.6899099
1500078908380,-9.407005,-0.8664977,1.7377827
1500078908444,-9.3878565,-0.8952214,1.7856555
1500078908507,-9.378282,-0.83777404,1.7856555
1500078908571,-9.407005,-0.85692316,1.7473572
1500078908635,-9.407005,-0.83777404,1.7377827
1500078908699,-9.407005,-0.85692316,1.7473572
1500078908762,-9.397431,-0.8952214,1.709059
1500078908826,-9.397431,-0.8856468,1.7377827
1500078908890,-9.407005,-0.8856468,1.7186337
1500078908953,-9.407005,-0.8952214,1.709059
1500078909017,-9.41658,-0.83777404,1.7186337
1500078909081,-9.3878565,-0.9430942,1.7282082
1500078909145,-9.397431,-0.83777404,1.7186337
1500078909208,-9.41658,-0.8473486,1.6994845
1500078909272,-9.426155,-0.8186249,1.6899099
1500078909336,-9.41658,-0.8090504,1.6994845
1500078909399,-9.426155,-0.8186249,1.6803354
1500078909463,-9.407005,-0.8473486,1.6899099
1500078909527,-9.407005,-0.83777404,1.6803354
1500078909591,-9.426155,-0.8090504,1.6611862
1500078909654,-9.407005,-0.91437054,1.6994845
1500078909718,-9.435729,-0.8856468,1.622888
1500078909782,-9.397431,-0.9430942,1.7186337
1500078909845,-9.407005,-0.9622433,1.6994845
1500078909909,-9.3878565,-1.0101161,1.6994845
1500078909973,-9.41658,-0.85692316,1.6899099
1500078910036,-9.397431,-1.0101161,1.6707608
1500078910100,-9.407005,-0.9622433,1.6899099
1500078910164,-9.397431,-1.0675635,1.6611862
1500078910228,-9.464453,-0.8186249,1.5558661
1500078910291,-9.407005,-0.8186249,1.6516117
1500078910355,-9.426155,-0.85692316,1.6324625
1500078910419,-9.445304,-0.91437054,1.4888442
1500078910482,-9.445304,-0.8952214,1.4888442
1500078910546,-9.464453,-0.83777404,1.4601204
1500078910610,-9.454879,-0.92394507,1.4601204
1500078910674,-9.445304,-0.8952214,1.4888442
1500078910738,-9.454879,-0.7994758,1.5367169
1500078910801,-9.435729,-0.91437054,1.5079932
1500078910865,-9.464453,-0.8952214,1.4218222
1500078910928,-9.426155,-0.9718179,1.4218222
1500078910992,-9.474028,-0.8664977,1.3739494
1500078911056,-9.483603,-0.78990126,1.3739494
1500078911120,-9.464453,-0.83777404,1.383524
1500078911183,-9.493176,-0.8186249,1.3260766
1500078911247,-9.474028,-0.83777404,1.3739494
1500078911311,-9.454879,-0.8186249,1.4026731
1500078911375,-9.474028,-0.8090504,1.3356512
1500078911438,-9.474028,-0.77075213,1.3643749
1500078911502,-9.502751,-0.71330476,1.2877784
1500078911566,-9.493176,-0.7994758,1.2686293
1500078911629,-9.483603,-0.8090504,1.3165021
1500078911693,-9.435729,-0.69415563,1.4505459
1500078911757,-9.493176,-0.6845811,1.3643749
1500078911820,-9.474028,-0.71330476,1.3739494
1500078911884,-9.464453,-0.7994758,1.383524
1500078911948,-9.474028,-0.76117754,1.3739494
1500078912012,-9.464453,-0.751603,1.4218222
1500078912075,-9.454879,-0.78032666,1.4313968
1500078912139,-9.474028,-0.8473486,1.3643749
1500078912203,-9.435729,-0.8760723,1.4792696
1500078912267,-9.474028,-0.751603,1.3930986
1500078912331,-9.483603,-0.70373017,1.3739494
1500078912394,-9.464453,-0.8186249,1.383524
1500078912459,-9.474028,-0.78032666,1.3548003
1500078912522,-9.454879,-0.7228793,1.4218222
1500078912586,-9.493176,-0.6750065,1.3548003
1500078912649,-9.493176,-0.71330476,1.3452257
1500078912713,-9.454879,-0.83777404,1.4122477
1500078912776,-9.483603,-0.76117754,1.3643749
1500078912840,-9.474028,-0.76117754,1.383524
1500078912904,-9.483603,-0.76117754,1.383524
1500078912968,-9.464453,-0.8281995,1.4122477
1500078913032,-9.464453,-0.8664977,1.4218222
1500078913096,-9.454879,-0.8664977,1.4409714
1500078913159,-9.454879,-0.8090504,1.4984187
1500078913222,-9.464453,-0.83777404,1.4122477
1500078913286,-9.435729,-0.83777404,1.5079932
1500078913350,-9.483603,-0.77075213,1.4026731
1500078913413,-9.454879,-0.7994758,1.4409714
1500078913477,-9.474028,-0.751603,1.4218222
1500078913541,-9.464453,-0.70373017,1.4218222
1500078913605,-9.483603,-0.78032666,1.3643749
1500078913668,-9.483603,-0.77075213,1.383524
1500078913732,-9.464453,-0.8281995,1.4218222
1500078913796,-9.464453,-0.83777404,1.383524
1500078913859,-9.483603,-0.8281995,1.3739494
1500078913923,-9.483603,-0.85692316,1.3260766
1500078913987,-9.464453,-0.90479594,1.383524
1500078914050,-9.464453,-0.8473486,1.383524
1500078914114,-9.483603,-0.83777404,1.3548003
1500078914178,-9.464453,-0.8281995,1.4026731
1500078914242,-9.454879,-0.85692316,1.3643749
1500078914305,-9.464453,-0.8186249,1.3739494
1500078914369,-9.474028,-0.76117754,1.3452257
1500078914433,-9.512326,-0.76117754,1.2782038
1500078914496,-9.435729,-0.8473486,1.4505459
1500078914560,-9.464453,-0.78990126,1.3930986
1500078914624,-9.474028,-0.83777404,1.3069274
1500078914688,-9.464453,-0.8760723,1.383524
1500078914751,-9.493176,-0.8281995,1.3165021
1500078914815,-9.464453,-0.8856468,1.3739494
1500078914879,-9.445304,-0.8856468,1.4122477
1500078914942,-9.464453,-0.91437054,1.3739494
1500078915006,-9.464453,-0.85692316,1.383524
1500078915070,-9.483603,-0.78990126,1.3452257
1500078915134,-9.474028,-0.90479594,1.3452257
1500078915197,-9.445304,-0.8952214,1.4313968
1500078915261,-9.474028,-0.8952214,1.3452257
1500078915325,-9.435729,-0.8473486,1.4122477
1500078915389,-9.474028,-0.7994758,1.2973529
1500078915453,-9.493176,-0.7420284,1.3165021
1500078915516,-9.483603,-0.8856468,1.3069274
1500078915580,-9.464453,-0.91437054,1.3069274
1500078915644,-9.464453,-0.90479594,1.3165021
1500078915708,-9.464453,-0.8952214,1.3260766
1500078915771,-9.454879,-0.92394507,1.3643749
1500078915834,-9.464453,-0.92394507,1.3452257
1500078915898,-9.483603,-0.8473486,1.3069274
1500078915963,-9.464453,-0.8952214,1.3165021
1500078916026,-9.464453,-0.85692316,1.3548003
1500078916089,-9.474028,-0.8281995,1.2877784
1500078916153,-9.474028,-0.85692316,1.2686293
1500078916217,-9.474028,-0.90479594,1.2973529
1500078916281,-9.483603,-0.77075213,1.2877784
1500078916344,-9.493176,-0.7420284,1.2877784
1500078916408,-9.502751,-0.8473486,1.2111819
1500078916472,-9.445304,-0.9430942,1.3930986
1500078916535,-9.493176,-0.8281995,1.2686293
1500078916599,-9.464453,-0.8281995,1.383524
1500078916663,-9.474028,-0.8473486,1.3356512
1500078916727,-9.454879,-0.8664977,1.3643749
1500078916790,-9.474028,-0.8473486,1.3643749
1500078916854,-9.426155,-0.6271337,1.5654407
1500078916918,-9.531475,-1.1250108,1.0675635
1500078916981,-9.407005,-0.78032666,1.5941644
1500078917045,-9.474028,-0.7324539,1.4313968
1500078917109,-9.483603,-0.8186249,1.3643749
1500078917173,-9.435729,-0.78032666,1.5175679
1500078917236,-9.474028,-0.8090504,1.4218222
1500078917300,-9.474028,-0.85692316,1.4505459
1500078917364,-9.474028,-0.6845811,1.4984187
1500078917427,-9.454879,-0.7994758,1.5079932
1500078917491,-9.464453,-0.7228793,1.4601204
1500078917556,-9.454879,-0.7228793,1.4984187
1500078917620,-9.483603,-0.76117754,1.4218222
1500078917683,-9.445304,-0.8281995,1.4888442
1500078917746,-9.464453,-0.7324539,1.4888442
1500078917810,-9.464453,-0.77075213,1.5079932
1500078917873,-9.454879,-0.8664977,1.5079932
1500078917937,-9.3878565,-0.56968635,1.8143792
1500078918002,-9.435729,-0.26330042,1.8814012
1500078918066,-9.41658,-0.6750065,1.7473572
1500078918137,-9.349558,-0.49308985,1.9962958
1500078918192,-9.407005,-0.64628285,1.7665064
1500078918256,-9.474028,-0.45479164,1.6420372
1500078918319,-9.359133,-0.8186249,1.8335283
1500078918383,-9.435729,-0.64628285,1.6899099
1500078918447,-9.41658,-0.7420284,1.6899099
1500078918511,-9.445304,-0.92394507,1.5558661
1500078918574,-9.407005,-0.8281995,1.6994845
1500078918638,-9.454879,-0.7994758,1.5654407
1500078918702,-9.397431,-0.8664977,1.6611862
1500078918765,-9.445304,-0.78032666,1.6037389
1500078918829,-9.435729,-0.8186249,1.6133134
1500078918893,-9.397431,-0.83777404,1.6707608
1500078918957,-9.493176,-0.69415563,1.469695
1500078919020,-9.445304,-0.70373017,1.5845897
1500078919084,-9.435729,-0.76117754,1.622888
1500078919148,-9.426155,-0.7228793,1.6611862
1500078919212,-9.435729,-0.71330476,1.6516117
1500078919275,-9.407005,-0.8952214,1.6803354
1500078919339,-9.426155,-0.751603,1.6803354
1500078919403,-9.3878565,-0.77075213,1.8239537
1500078919466,-9.359133,-0.8664977,1.862252
1500078919530,-9.368708,-0.8281995,1.8431029
1500078919594,-9.397431,-0.6558574,1.8526775
1500078919657,-9.3878565,-0.665432,1.8048047
1500078919721,-9.41658,-0.54096264,1.7856555
1500078919785,-9.407005,-0.61755913,1.6707608
1500078919848,-9.464453,-0.45479164,1.5654407
1500078919912,-9.435729,-0.56968635,1.5941644
1500078919976,-9.502751,-0.64628285,1.3739494
1500078920040,-9.41658,-0.78032666,1.5462915
1500078920103,-9.483603,-0.7228793,1.4026731
1500078920167,-9.483603,-0.8473486,1.2973529
1500078920231,-9.474028,-0.7420284,1.383524
1500078920295,-9.474028,-0.8281995,1.4026731
1500078920358,-9.464453,-0.8281995,1.4601204
1500078920422,-9.435729,-0.70373017,1.6037389
1500078920486,-9.445304,-0.6845811,1.6324625
1500078920549,-9.397431,-0.69415563,1.7377827
1500078920613,-9.41658,-0.6750065,1.6899099
1500078920677,-9.464453,-0.665432,1.5750152
1500078920740,-9.435729,-0.69415563,1.6324625
1500078920804,-9.454879,-0.63670826,1.5941644
1500078920868,-9.41658,-0.71330476,1.6611862
1500078920932,-9.407005,-0.7228793,1.6803354
1500078920995,-9.445304,-0.7420284,1.6037389
1500078921059,-9.41658,-0.78032666,1.622888
1500078921123,-9.445304,-0.751603,1.5750152
1500078921187,-9.483603,-0.7994758,1.4122477
1500078921250,-9.483603,-0.76117754,1.4505459
1500078921314,-9.435729,-0.77075213,1.5845897
1500078921378,-9.426155,-0.7994758,1.6133134
1500078921441,-9.41658,-0.69415563,1.6611862
1500078921505,-9.426155,-0.7324539,1.6133134
1500078921569,-9.445304,-0.751603,1.5558661
1500078921632,-9.435729,-0.8664977,1.5367169
1500078921696,-9.454879,-0.7994758,1.5079932
1500078921760,-9.435729,-0.7420284,1.5941644
1500078921824,-9.464453,-0.78032666,1.383524
1500078921887,-9.435729,-0.8952214,1.4409714
1500078921951,-9.464453,-0.8664977,1.3739494
1500078922015,-9.464453,-0.90479594,1.3260766
1500078922078,-9.502751,-0.8281995,1.2207564
1500078922142,-9.493176,-0.8281995,1.2494801
1500078922206,-9.493176,-0.8664977,1.3069274
1500078922270,-9.445304,-0.8664977,1.4792696
1500078922333,-9.426155,-0.8090504,1.5941644
1500078922397,-9.397431,-0.78990126,1.6994845
1500078922461,-9.41658,-0.71330476,1.6803354
1500078922525,-9.426155,-0.76117754,1.6037389
1500078922588,-9.445304,-0.76117754,1.5271424
1500078922653,-9.454879,-0.8952214,1.4601204
1500078922716,-9.41658,-0.69415563,1.622888
1500078922780,-9.445304,-0.77075213,1.5462915
1500078922843,-9.454879,-0.8090504,1.4601204
1500078922907,-9.474028,-0.8186249,1.383524
1500078922971,-9.464453,-0.85692316,1.383524
1500078923035,-9.483603,-0.85692316,1.3165021
1500078923099,-9.454879,-0.90479594,1.383524
1500078923162,-9.426155,-0.8186249,1.5175679
1500078923225,-9.474028,-0.85692316,1.4409714
1500078923289,-9.407005,-0.85692316,1.5941644
1500078923353,-9.435729,-0.7994758,1.5558661
1500078923416,-9.435729,-0.85692316,1.4984187
1500078923480,-9.454879,-0.751603,1.5271424
1500078923544,-9.407005,-0.8664977,1.5654407
1500078923607,-9.454879,-0.8281995,1.4505459
1500078923671,-9.464453,-0.8664977,1.3452257
1500078923735,-9.493176,-0.8090504,1.2590547
1500078923799,-9.483603,-0.8952214,1.1920328
1500078923862,-9.493176,-0.8281995,1.2111819
1500078923926,-9.502751,-0.91437054,1.14416
1500078923990,-9.493176,-0.7994758,1.2494801
1500078924053,-9.474028,-0.83777404,1.3165021
1500078924117,-9.474028,-0.8952214,1.3739494
1500078924181,-9.407005,-0.85692316,1.5367169
1500078924245,-9.474028,-0.7228793,1.4313968
1500078924308,-9.41658,-0.8281995,1.5462915
1500078924372,-9.493176,-0.7994758,1.3452257
1500078924436,-9.464453,-0.8090504,1.4026731
1500078924499,-9.464453,-0.8952214,1.3739494
1500078924563,-9.445304,-0.77075213,1.4218222
1500078924627,-9.512326,-0.8186249,1.1824582
1500078924691,-9.483603,-0.8664977,1.2494801
1500078924754,-9.493176,-0.9430942,1.1824582
1500078924818,-9.493176,-0.8760723,1.2399056
1500078924882,-9.464453,-0.8760723,1.3643749
1500078924945,-9.454879,-0.83777404,1.4505459
1500078925009,-9.435729,-0.8186249,1.4984187
1500078925073,-9.474028,-0.78990126,1.4313968
1500078925136,-9.426155,-0.8473486,1.5175679
1500078925200,-9.435729,-0.91437054,1.469695
1500078925264,-9.464453,-0.85692316,1.383524
1500078925328,-9.464453,-0.78990126,1.4122477
1500078925391,-9.445304,-0.9622433,1.383524
1500078925455,-9.483603,-0.8090504,1.3452257
1500078925520,-9.435729,-0.8952214,1.4026731
1500078925583,-9.502751,-0.7994758,1.2207564
1500078925646,-9.464453,-0.91437054,1.3069274
1500078925710,-9.483603,-0.9430942,1.2399056
1500078925774,-9.483603,-0.8664977,1.2782038
1500078925837,-9.464453,-0.90479594,1.3260766
1500078925901,-9.445304,-0.92394507,1.4026731
1500078925966,-9.445304,-0.90479594,1.4601204
1500078926029,-9.464453,-0.90479594,1.3930986
1500078926092,-9.445304,-0.9430942,1.4888442
1500078926157,-9.454879,-0.8760723,1.5175679
1500078926220,-9.41658,-0.90479594,1.5558661
1500078926283,-9.41658,-0.85692316,1.6037389
1500078926347,-9.407005,-0.9526688,1.5654407
1500078926411,-9.464453,-0.8664977,1.4409714
1500078926474,-9.445304,-0.8473486,1.4888442
1500078926538,-9.493176,-0.8856468,1.2973529
1500078926602,-9.454879,-0.8760723,1.383524
1500078926665,-9.474028,-0.7994758,1.3739494
1500078926729,-9.493176,-0.8473486,1.2686293
1500078926793,-9.464453,-0.8281995,1.3356512
1500078926857,-9.474028,-0.83777404,1.3643749
1500078926920,-9.474028,-0.85692316,1.2877784
1500078926984,-9.454879,-0.85692316,1.3643749
1500078927048,-9.464453,-0.8856468,1.3356512
1500078927111,-9.474028,-0.8760723,1.3356512
1500078927175,-9.454879,-0.8952214,1.383524
1500078927239,-9.493176,-0.8281995,1.2973529
1500078927303,-9.464453,-0.8090504,1.383524
1500078927366,-9.464453,-0.8281995,1.4026731
1500078927430,-9.454879,-0.7228793,1.5079932
1500078927494,-9.454879,-0.71330476,1.5175679
1500078927557,-9.464453,-0.6845811,1.4792696
1500078927621,-9.464453,-0.78032666,1.4601204
1500078927685,-9.445304,-0.751603,1.4888442
1500078927749,-9.464453,-0.7994758,1.4218222
1500078927813,-9.445304,-0.76117754,1.4888442
1500078927876,-9.483603,-0.8856468,1.3452257
1500078927940,-9.454879,-0.7994758,1.4313968
1500078928004,-9.464453,-0.8473486,1.3165021
1500078928067,-9.483603,-0.8090504,1.3356512
1500078928132,-9.464453,-0.83777404,1.4026731
1500078928194,-9.464453,-0.8856468,1.3930986
1500078928258,-9.454879,-0.85692316,1.4313968
1500078928322,-9.454879,-0.8186249,1.4218222
1500078928385,-9.474028,-0.8090504,1.383524
1500078928449,-9.474028,-0.78990126,1.4122477
1500078928513,-9.464453,-0.8090504,1.4122477
1500078928577,-9.454879,-0.8090504,1.4601204
1500078928640,-9.474028,-0.83777404,1.3643749
1500078928704,-9.435729,-0.8186249,1.5462915
1500078928768,-9.464453,-0.8664977,1.4122477
1500078928832,-9.426155,-0.8473486,1.5462915
1500078928895,-9.41658,-0.78032666,1.6324625
1500078928959,-9.464453,-0.7994758,1.469695
1500078929023,-9.483603,-0.7324539,1.4505459
1500078929086,-9.445304,-0.8760723,1.469695
1500078929150,-9.41658,-0.8186249,1.5845897
1500078929214,-9.474028,-0.83777404,1.4505459
1500078929277,-9.426155,-0.7420284,1.5845897
1500078929341,-9.464453,-0.69415563,1.5079932
1500078929405,-9.445304,-0.751603,1.5462915
1500078929469,-9.454879,-0.76117754,1.5271424
1500078929532,-9.454879,-0.71330476,1.5462915
1500078929596,-9.445304,-0.8281995,1.5271424
1500078929660,-9.435729,-0.7994758,1.5462915
1500078929723,-9.445304,-0.7228793,1.5750152
1500078929787,-9.445304,-0.78990126,1.5175679
1500078929851,-9.454879,-0.7994758,1.4601204
1500078929915,-9.426155,-0.83777404,1.5175679
1500078929978,-9.474028,-0.71330476,1.4601204
1500078930042,-9.445304,-0.8473486,1.4984187
1500078930106,-9.454879,-0.78032666,1.4601204
1500078930169,-9.464453,-0.751603,1.4888442
1500078930233,-9.464453,-0.71330476,1.4792696
1500078930297,-9.454879,-0.7420284,1.5079932
1500078930361,-9.454879,-0.751603,1.5079932
1500078930424,-9.426155,-0.7324539,1.6133134
1500078930488,-9.454879,-0.8281995,1.4218222
1500078930552,-9.454879,-0.7994758,1.4026731
1500078930615,-9.445304,-0.83777404,1.4122477
1500078930679,-9.454879,-0.78990126,1.4218222
1500078930743,-9.464453,-0.78032666,1.3643749
1500078930807,-9.445304,-0.8760723,1.4122477
1500078930870,-9.493176,-0.76117754,1.2973529
1500078930934,-9.483603,-0.78990126,1.3069274
1500078930998,-9.445304,-0.76117754,1.4313968
1500078931061,-9.445304,-0.7228793,1.4792696
1500078931125,-9.493176,-0.5888355,1.3548003
1500078931189,-9.493176,-0.85692316,1.2590547
1500078931252,-9.454879,-0.7324539,1.3930986
1500078931316,-9.474028,-0.7994758,1.3452257
1500078931380,-9.464453,-0.76117754,1.4026731
1500078931444,-9.464453,-0.751603,1.383524
1500078931507,-9.483603,-0.6750065,1.383524
1500078931571,-9.474028,-0.751603,1.3452257
1500078931635,-9.454879,-0.6750065,1.3930986
1500078931698,-9.483603,-0.70373017,1.3356512
1500078931762,-9.483603,-0.69415563,1.3069274
1500078931826,-9.454879,-0.8090504,1.3930986
1500078931890,-9.474028,-0.7324539,1.3739494
1500078931953,-9.483603,-0.64628285,1.383524
1500078932017,-9.474028,-0.7228793,1.3548003
1500078932081,-9.474028,-0.71330476,1.4409714
1500078932145,-9.483603,-0.77075213,1.3260766
1500078932208,-9.445304,-0.7324539,1.4409714
1500078932272,-9.474028,-0.7324539,1.3739494
1500078932336,-9.454879,-0.7324539,1.4313968
1500078932399,-9.483603,-0.7994758,1.3165021
1500078932463,-9.454879,-0.751603,1.3930986
1500078932527,-9.493176,-0.70373017,1.3356512
1500078932590,-9.512326,-0.71330476,1.3165021
1500078932654,-9.474028,-0.70373017,1.3356512
1500078932718,-9.464453,-0.7324539,1.383524
1500078932781,-9.464453,-0.7228793,1.383524
1500078932845,-9.483603,-0.71330476,1.3643749
1500078932910,-9.474028,-0.665432,1.4026731
1500078932974,-9.464453,-0.751603,1.3739494
1500078933036,-9.464453,-0.6271337,1.4601204
1500078933100,-9.483603,-0.61755913,1.4026731
1500078933165,-9.464453,-0.77075213,1.383524
1500078933228,-9.474028,-0.70373017,1.383524
1500078933291,-9.493176,-0.64628285,1.3069274
1500078933355,-9.493176,-0.665432,1.3356512
1500078933419,-9.454879,-0.70373017,1.4026731
1500078933482,-9.483603,-0.71330476,1.3165021
1500078933546,-9.464453,-0.751603,1.3548003
1500078933610,-9.493176,-0.71330476,1.2877784
1500078933673,-9.483603,-0.63670826,1.3452257
1500078933737,-9.483603,-0.70373017,1.2877784
1500078933801,-9.483603,-0.751603,1.2686293
1500078933865,-9.512326,-0.4164934,1.3356512
1500078933928,-9.493176,-0.5218136,1.3548003
1500078933992,-9.474028,-0.56968635,1.4218222
1500078934056,-9.483603,-0.6750065,1.3260766
1500078934119,-9.464453,-0.7324539,1.3643749
1500078934183,-9.483603,-0.6271337,1.3452257
1500078934247,-9.483603,-0.6845811,1.2973529
1500078934310,-9.483603,-0.6558574,1.3069274
1500078934374,-9.483603,-0.64628285,1.3069274
1500078934438,-9.502751,-0.59841,1.2782038
1500078934502,-9.474028,-0.8664977,1.2590547
1500078934565,-9.493176,-0.45479164,1.4218222
1500078934629,-9.5219,-0.751603,1.2494801
1500078934693,-9.435729,-0.6750065,1.5367169
1500078934756,-9.454879,-0.61755913,1.5175679
1500078934820,-9.464453,-0.6845811,1.5462915
1500078934884,-9.426155,-0.61755913,1.6133134
1500078934948,-9.454879,-0.6271337,1.5462915
1500078935011,-9.445304,-0.665432,1.5462915
1500078935075,-9.445304,-0.6845811,1.5271424
1500078935139,-9.464453,-0.6558574,1.5175679
1500078935202,-9.464453,-0.71330476,1.4601204
1500078935266,-9.474028,-0.77075213,1.4122477
1500078935330,-9.445304,-0.7420284,1.4984187
1500078935393,-9.464453,-0.751603,1.4122477
1500078935457,-9.445304,-0.751603,1.5079932
1500078935522,-9.474028,-0.69415563,1.4888442
1500078935586,-9.464453,-0.7324539,1.4505459
1500078935649,-9.464453,-0.6845811,1.4792696
1500078935712,-9.454879,-0.7994758,1.4505459
1500078935776,-9.454879,-0.665432,1.4888442
1500078935840,-9.474028,-0.77075213,1.4409714
1500078935903,-9.464453,-0.54096264,1.5271424
1500078935968,-9.474028,-0.6271337,1.5079932
1500078936031,-9.464453,-0.665432,1.5941644
1500078936095,-9.464453,-0.83777404,1.469695
1500078936159,-9.41658,-0.7420284,1.7282082
1500078936222,-9.454879,-0.76117754,1.8239537
1500078936285,-9.138918,-1.0005416,2.4463003
1500078936349,-9.426155,-0.5505372,1.9771467
1500078936413,-9.301685,-0.59841,2.254809
1500078936476,-9.052747,-0.91437054,2.9250283
1500078936540,-9.18679,-0.4164934,2.7431116
1500078936604,-9.052747,-0.5888355,3.0303483
1500078936668,-8.966576,-0.9526688,3.1835413
1500078936731,-8.9761505,-0.6750065,3.2888615
1500078936795,-8.899554,-0.751603,3.384607
1500078936859,-8.851681,-0.8760723,3.518651
1500078936922,-8.851681,-0.83777404,3.5665238
1500078936986,-8.794233,-0.7994758,3.671844
1500078937050,-8.746361,-0.8186249,3.7675896
1500078937114,-8.746361,-0.8281995,3.7963133
1500078937177,-8.784659,-0.8090504,3.7005677
1500078937241,-8.736787,-0.8856468,3.7675896
1500078937306,-8.7750845,-0.8473486,3.7292912
1500078937369,-8.746361,-0.8760723,3.8058877
1500078937441,-8.6697645,-1.0484143,3.8824842
1500078937496,-8.832532,-0.70373017,3.8824842
1500078937559,-9.29211,-0.5505372,4.236743
1500078937623,-11.025106,-0.30159867,6.4484663
1500078937687,-12.968742,0.76117754,6.8793216
1500078937751,-16.338987,-1.0579889,0.40691882
1500078937814,-12.537887,-1.5462915,-0.77075213
1500078937878,-6.7357035,-3.3367343,2.0920415
1500078937942,-1.0867126,-3.1356685,4.8303657
1500078938005,1.7282082,-5.433563,5.806971
1500078938069,1.4026731,-4.763344,4.993133
1500078938133,-0.8473486,-3.126094,7.6835847
1500078938197,-3.0111992,-4.715471,10.010203
1500078938260,-4.648449,1.3452257,10.460207
1500078938324,-7.549541,-2.5994933,8.411251
1500078938388,-5.806971,-3.4707782,7.1857076
1500078938451,-5.3569665,-3.6335456,8.018694
1500078938515,-5.8835673,-2.8484318,8.191036
1500078938579,-6.4676156,-2.3026817,7.741032
1500078938643,-6.3622956,-3.4803526,9.301685
1500078938706,-6.821874,-4.342063,8.822957
1500078938770,-5.49101,-4.4473834,7.56869
1500078938834,-3.1643922,-4.5718527,7.051664
1500078938897,-1.4313968,-4.456958,4.8973875
1500078938961,-0.8760723,-5.692076,3.2792869
1500078939025,-1.79523,-7.1665583,2.034594
1500078939089,-3.039923,-9.3878565,3.4133308
1500078939152,-5.2420716,-3.3941817,10.5080805
1500078939216,1.0675635,-9.483603,-4.0739756
1500078939280,0.98139244,-11.130426,-6.6208086
1500078939343,-2.6760898,-3.1548176,0.7324539
1500078939407,-10.000628,-4.504831,1.9196993
1500078939471,-12.470865,-3.078221,-2.0633178
1500078939535,-14.060242,-4.5335546,-5.2707953
1500078939598,-10.479357,1.4122477,1.9962958
1500078939662,-9.780414,1.7473572,4.4186597
1500078939726,-10.986808,-1.7856555,1.3356512
1500078939789,-8.698488,-0.9718179,0.8664977
1500078939853,-10.220843,1.3356512,1.0675635
1500078939917,-9.991054,-0.00478728,1.4026731
1500078939980,-9.339984,-2.0728924,0.5888355
1500078940044,-9.158067,-3.212265,1.2590547
1500078940108,-9.454879,-0.8664977,0.85692316
1500078940172,-9.7899885,-0.13883112,0.28244954
1500078940235,-9.828286,-0.110107444,0.47394073
1500078940299,-9.617646,-0.7420284,0.49308985
1500078940363,-9.655944,-1.2686293,0.00478728
1500078940427,-9.531475,-1.2590547,0.37819514
1500078940490,-9.885734,-0.56011176,0.3111732
1500078940554,-9.502751,-0.062234644,0.081383765
1500078940618,-9.732541,-0.11968201,0.20585304
1500078940681,-9.75169,-0.63670826,0.47394073
1500078940745,-9.397431,-0.69415563,0.42606795
1500078940809,-9.675094,-0.3111732,0.18670394
1500078940873,-9.713391,0.0718092,0.34947145
1500078940936,-9.665519,-0.64628285,0.512239
1500078941000,-9.655944,-0.4164934,0.512239
1500078941064,-9.617646,0.014361841,0.18670394
1500078941127,-9.684668,-0.0718092,0.42606795
1500078941191,-9.62722,-0.54096264,0.39734426
1500078941255,-9.512326,-1.5558661,0.751603
1500078941318,-9.62722,-0.83777404,0.4356425
1500078941382,-9.885734,-1.0771381,1.1633091
1500078941446,-9.196365,-1.3260766,1.4313968
1500078941509,-8.631466,-1.5175679,2.647366
1500078941573,-9.5889225,1.4218222,1.6133134
1500078941637,-9.445304,0.4835153,1.8048047
1500078941701,-9.397431,-0.37819514,2.2643836
1500078941764,-9.454879,0.6845811,1.4792696
1500078941828,-9.684668,1.2207564,1.6037389
1500078941892,-9.703817,-0.25372586,1.2590547
1500078941955,-9.665519,-1.2207564,1.3930986
1500078942019,-9.569773,0.54096264,0.8281995
1500078942084,-9.703817,0.69415563,0.8281995
1500078942147,-9.924032,-0.64628285,0.9718179
1500078942211,-10.048501,-1.2016073,1.5941644
1500078942274,-10.364462,-3.4707782,1.2686293
1500078942338,-10.833615,-4.0356774,3.4707782
1500078942401,-5.692076,-3.930357,3.6239712
1500078942465,-2.2739582,-5.5963306,3.2505634
1500078942529,-3.2601378,-3.3750327,6.2952733
1500078942593,-7.2623043,-5.481436,6.611234
1500078942656,-8.095291,-5.2707953,4.342063
1500078942720,-8.420826,-4.3133397,3.911208
1500078942784,-8.545295,-4.045252,2.7431116
1500078942847,-7.7601814,-1.6994845,1.6133134
1500078942911,-11.293194,-6.9463434,7.0803876
1500078942975,-7.5208173,-2.0728924,5.28037
1500078943039,-8.286782,-2.427151,4.322914
1500078943103,-7.8655014,-3.930357,3.825037
1500078943166,-8.392102,-2.800559,4.3612123
1500078943231,-7.9420977,-3.4803526,3.9399316
1500078943293,-7.7984796,-3.8154624,4.1026993
1500078943357,-7.9708214,-3.3271596,4.3324885
1500078943421,-7.961247,-3.6526947,3.9686553
1500078943485,-8.372953,-3.4037561,3.4707782
1500078943548,-7.769756,-3.6335456,4.466532
1500078943612,-7.808054,-3.6143966,4.1601467
1500078943676,-8.133589,-3.078221,3.997379
1500078943739,-7.9420977,-3.2218397,4.2271686
1500078943803,-7.9037995,-3.3367343,4.3707867
1500078943867,-7.846352,-3.3271596,4.504831
1500078943931,-7.664436,-4.0548263,4.4856815
1500078943994,-7.243155,-3.8346114,5.222923
1500078944058,-6.936769,-4.2175937,5.155901
1500078944122,-7.1665583,-5.433563,5.7782474
1500078944185,-6.7931504,-6.639958,10.230418
1500078944249,-6.094208,-7.0133657,5.82612
1500078944313,-1.4313968,-5.1176023,-0.023936402
1500078944376,-2.2356598,-3.5282254,5.8644185
1500078944440,-4.495256,-2.3505547,7.808054
1500078944504,-3.9590807,-4.0069537,7.2527294
1500078944568,-2.0441687,-4.3707867,7.635712
1500078944631,-2.5228968,-5.194199,7.2623043
1500078944695,0.27287498,-1.1154363,6.333572
1500078944759,2.7048132,-5.7686725,7.6740103
1500078944822,-0.7420284,-8.152739,6.7931504
1500078944886,1.3452257,-7.003791,5.682502
1500078944950,1.0675635,-6.9463434,7.0995364
1500078945014,0.8664977,-5.9314404,6.8410234
1500078945077,-0.28244954,-6.8027253,8.095291
1500078945141,0.20585304,-6.8122997,7.4059224
1500078945206,0.751603,-6.438892,6.5346375
1500078945268,0.46436617,-6.6208086,7.4537954
1500078945332,0.71330476,-6.458041,7.195282
1500078945396,0.7228793,-6.2665496,6.9942164
1500078945460,0.78990126,-6.391019,6.7740016
1500078945523,0.751603,-6.180379,6.7740016
1500078945587,0.19627848,-6.8793216,7.3006024
1500078945651,0.44521707,-6.37187,6.984642
1500078945714,-0.3877697,-6.113357,8.305931
1500078945778,-0.5888355,-5.8548436,8.698488
1500078945842,-1.1345854,-5.462287,8.028269
1500078945906,-0.8281995,-6.0846334,7.1474094
1500078945969,-0.5313881,-4.5910015,9.167642
1500078946033,-0.17712937,-5.4431376,7.089962
1500078946097,0.03351096,-8.439975,6.8793216
1500078946161,-0.043085523,-5.672927,7.6261373
1500078946224,0.359046,-5.6633525,7.808054
1500078946288,0.98139244,-7.1186857,6.563361
1500078946352,0.8952214,-7.3389006,5.806971
1500078946415,0.8186249,-6.8122997,7.0133657
1500078946479,0.99096704,-6.9559183,6.5537868
1500078946543,1.0484143,-7.042089,5.9697385
1500078946606,0.76117754,-6.9080453,6.783576
1500078946670,0.90479594,-6.515488,6.333572
1500078946734,0.69415563,-7.46337,7.0133657
1500078946797,-0.33032233,-5.529309,8.401677
1500078946861,-0.17712937,-6.151655,8.717637
1500078946925,-1.6803354,-4.5527034,8.258059
1500078946989,-1.4505459,-8.076141,4.849515
1500078947052,-1.6707608,-7.7314577,5.079304
1500078947116,0.081383765,-4.0069537,11.771922
1500078947180,-1.5175679,-4.342063,7.089962
1500078947244,2.2739582,-9.177217,6.936769
1500078947307,1.3260766,-2.9250283,7.702734
1500078947372,1.5271424,-6.151655,5.328243
1500078947435,1.383524,-6.7548523,7.12826
1500078947507,1.0675635,-6.9176197,6.525063
1500078947562,0.8664977,-7.56869,6.47719
1500078947626,0.12925656,-6.821874,7.788905
1500078947689,0.3398969,-5.3186684,8.5740185
1500078947753,0.47394073,-6.6208086,7.195282
1500078947817,0.5505372,-6.333572,7.2144313
1500078947881,-0.2920241,-5.0314317,8.545295
1500078947945,0.11968201,-6.151655,7.4442205
1500078948009,0.16755481,-5.8644185,7.6740103
1500078948072,-0.062234644,-5.586756,7.9516726
1500078948135,-0.12925656,-5.3569665,8.056993
1500078948200,-0.12925656,-5.462287,8.066567
1500078948264,-0.23457673,-5.041006,8.32508
1500078948327,-0.16755481,-5.2133484,8.152739
1500078948390,-0.16755481,-5.232497,8.152739
1500078948454,-0.0718092,-5.500585,7.9037995
1500078948518,-0.16755481,-5.194199,8.191036
1500078948581,-0.13883112,-5.376116,8.085716
1500078948645,-0.16755481,-5.328243,8.104865
1500078948709,-0.13883112,-5.3186684,8.056993
1500078948772,-0.14840569,-5.299519,8.076141
1500078948836,-0.18670394,-5.2037735,8.152739
1500078948900,-0.23457673,-5.1176023,8.21976
1500078948964,-0.27287498,-5.041006,8.296356
1500078949027,-0.2441513,-5.146326,8.248484
1500078949091,-0.2441513,-4.9835587,8.315506
1500078949155,-0.2441513,-5.0505805,8.258059
1500078949218,-0.19627848,-5.079304,8.229335
1500078949282,-0.20585304,-4.9739842,8.277207
1500078949346,-0.18670394,-5.002708,8.21976
1500078949410,-0.2154276,-4.9739842,8.2676325
1500078949473,-0.2154276,-4.868664,8.315506
1500078949537,-0.2441513,-4.916537,8.34423
1500078949601,-0.2154276,-4.868664,8.382527
1500078949664,-0.2154276,-4.9452605,8.34423
1500078949728,-0.15798025,-5.0314317,8.248484
1500078949792,-0.18670394,-4.887813,8.334655
1500078949855,-0.22500217,-4.772918,8.487848
1500078949919,-0.20585304,-5.38569,8.085716
1500078949983,0.00478728,-3.3941817,8.966576
1500078950047,-0.09095833,-4.73462,8.401677
1500078950110,-0.11968201,-4.437809,8.5740185
1500078950174,-0.15798025,-4.437809,8.602742
1500078950238,-0.12925656,-4.5239797,8.516571
1500078950301,-0.11968201,-4.5144053,8.516571
1500078950365,-0.12925656,-4.5144053,8.516571
1500078950429,-0.14840569,-4.437809,8.545295
1500078950493,-0.16755481,-4.428234,8.564445
1500078950556,-0.17712937,-4.437809,8.5740185
1500078950620,-0.14840569,-4.456958,8.535721
1500078950684,-0.17712937,-4.2654667,8.631466
1500078950747,-0.18670394,-4.284616,8.66019
1500078950811,-0.16755481,-4.275041,8.631466
1500078950875,-0.2154276,-4.2463174,8.679339
1500078950938,-0.20585304,-4.2271686,8.688913
1500078951002,-0.20585304,-4.2175937,8.6697645
1500078951066,-0.16755481,-4.284616,8.593168
1500078951130,-0.17712937,-4.303765,8.631466
1500078951193,-0.13883112,-4.3133397,8.5740185
1500078951257,-0.16755481,-4.2558923,8.612317
1500078951321,-0.19627848,-4.236743,8.66019
1500078951385,-0.19627848,-4.131423,8.717637
1500078951448,-0.20585304,-4.1888704,8.688913
1500078951512,-0.17712937,-4.2080193,8.650616
1500078951576,-0.18670394,-4.2271686,8.621892
1500078951639,-0.2154276,-4.1409974,8.698488
1500078951703,-0.26330042,-4.0931244,8.794233
1500078951767,-0.2154276,-4.1792955,8.708063
1500078951830,-0.2441513,-4.1409974,8.727212
1500078951894,-0.2154276,-4.150572,8.688913
1500078951958,-0.2154276,-4.169721,8.679339
1500078952022,-0.20585304,-4.169721,8.717637
1500078952085,-0.19627848,-4.1888704,8.6697645
1500078952149,-0.18670394,-4.2175937,8.631466
1500078952213,-0.16755481,-4.236743,8.631466
1500078952276,-0.18670394,-4.1888704,8.66019
1500078952341,-0.20585304,-4.150572,8.717637
1500078952405,-0.19627848,-4.150572,8.698488
1500078952468,-0.18670394,-4.150572,8.708063
1500078952531,-0.18670394,-4.150572,8.708063
1500078952595,-0.18670394,-4.0739756,8.698488
1500078952659,-0.20585304,-4.0644007,8.7750845
1500078952722,-0.20585304,-4.0931244,8.736787
1500078952786,-0.18670394,-4.1026993,8.727212
1500078952850,-0.19627848,-4.0931244,8.736787
1500078952913,-0.19627848,-4.121848,8.727212
1500078952977,-0.18670394,-4.0931244,8.698488
1500078953041,-0.16755481,-4.2271686,8.641041
1500078953105,-0.2154276,-3.9782298,8.7750845
1500078953168,-0.28244954,-3.9016335,8.842107
1500078953233,-0.23457673,-3.9590807,8.784659
1500078953296,-0.2441513,-4.0069537,8.746361
1500078953360,-0.2441513,-3.9590807,8.784659
1500078953423,-0.23457673,-4.0069537,8.727212
1500078953487,-0.25372586,-3.9782298,8.803808
1500078953551,-0.23457673,-3.9495063,8.7750845
1500078953614,-0.23457673,-3.9878044,8.765511
1500078953678,-0.2154276,-4.0356774,8.746361
1500078953742,-0.26330042,-3.9686553,8.7750845
1500078953805,-0.22500217,-4.0069537,8.736787
1500078953869,-0.26330042,-3.9686553,8.7750845
1500078953933,-0.20585304,-4.0644007,8.736787
1500078953997,-0.23457673,-4.016528,8.746361
1500078954060,-0.25372586,-4.0069537,8.813383
1500078954124,-0.2154276,-3.997379,8.698488
1500078954188,-0.20585304,-4.0644007,8.765511
1500078954251,-0.26330042,-3.9016335,8.813383
1500078954315,-0.27287498,-3.8729098,8.832532
1500078954379,-0.22500217,-3.9207826,8.7750845
1500078954443,-0.22500217,-4.0261025,8.727212
1500078954506,-0.25372586,-3.9016335,8.842107
1500078954570,-0.22500217,-3.9686553,8.765511
1500078954634,-0.25372586,-3.911208,8.803808
1500078954697,-0.23457673,-3.9590807,8.755936
1500078954761,-0.25372586,-3.9016335,8.803808
1500078954825,-0.2441513,-3.9207826,8.822957
1500078954888,-0.2441513,-3.9495063,8.7750845
1500078954952,-0.25372586,-3.9495063,8.765511
1500078955016,-0.26330042,-3.8920588,8.813383
1500078955080,-0.26330042,-3.9207826,8.803808
1500078955143,-0.2441513,-3.9686553,8.765511
1500078955207,-0.26330042,-3.911208,8.784659
1500078955271,-0.2920241,-3.911208,8.822957
1500078955334,-0.2441513,-3.9495063,8.7750845
1500078955398,-0.23457673,-3.911208,8.7750845
1500078955462,-0.25372586,-3.911208,8.803808
1500078955525,-0.23457673,-3.9399316,8.755936
1500078955589,-0.26330042,-3.911208,8.813383
1500078955653,-0.2441513,-3.9207826,8.784659
1500078955717,-0.25372586,-3.9399316,8.784659
1500078955780,-0.25372586,-3.930357,8.7750845
1500078955844,-0.25372586,-3.9590807,8.7750845
1500078955908,-0.2441513,-3.9686553,8.765511
1500078955971,-0.25372586,-3.9207826,8.803808
1500078956035,-0.26330042,-3.911208,8.803808
1500078956099,-0.25372586,-3.9016335,8.803808
1500078956163,-0.25372586,-3.911208,8.803808
1500078956226,-0.25372586,-3.8920588,8.803808
1500078956290,-0.25372586,-3.911208,8.803808
1500078956354,-0.26330042,-3.8920588,8.803808
1500078956418,-0.26330042,-3.8633351,8.813383
1500078956481,-0.2441513,-3.8824842,8.803808
1500078956545,-0.25372586,-3.9016335,8.794233
1500078956609,-0.26330042,-3.8824842,8.813383
1500078956672,-0.25372586,-3.8824842,8.803808
1500078956736,-0.26330042,-3.911208,8.813383
1500078956800,-0.2441513,-3.911208,8.784659
1500078956863,-0.27287498,-3.8729098,8.794233
1500078956927,-0.26330042,-3.9207826,8.813383
1500078956991,-0.27287498,-3.8920588,8.803808
1500078957055,-0.28244954,-3.9016335,8.813383
1500078957118,-0.25372586,-3.930357,8.765511
1500078957182,-0.27287498,-3.8346114,8.813383
1500078957246,-0.28244954,-3.8346114,8.832532
1500078957309,-0.25372586,-3.8824842,8.813383
1500078957373,-0.33032233,-3.7292912,8.880404
1500078957437,-0.27287498,-3.8633351,8.813383
1500078957500,-0.25372586,-3.911208,8.784659
1500078957564,-0.26330042,-3.8920588,8.803808
1500078957628,-0.25372586,-3.911208,8.765511
1500078957691,-0.25372586,-3.9207826,8.784659
1500078957755,-0.26330042,-3.930357,8.784659
1500078957819,-0.28244954,-3.8920588,8.803808
1500078957883,-0.26330042,-3.8633351,8.822957
1500078957946,-0.27287498,-3.8633351,8.822957
1500078958010,-0.28244954,-3.825037,8.813383
1500078958074,-0.27287498,-3.8920588,8.803808
1500078958137,-0.32074776,-3.8154624,8.861256
1500078958201,-0.3398969,-3.758015,8.870831
1500078958265,-0.33032233,-3.7388659,8.851681
1500078958329,-0.3398969,-3.7484405,8.870831
1500078958393,-0.32074776,-3.7484405,8.851681
1500078958456,-0.32074776,-3.8154624,8.842107
1500078958520,-0.32074776,-3.758015,8.870831
1500078958583,-0.30159867,-3.7675896,8.861256
1500078958647,-0.3111732,-3.7963133,8.870831
1500078958711,-0.30159867,-3.7675896,8.842107
1500078958775,-0.2920241,-3.8154624,8.832532
1500078958838,-0.3111732,-3.7867386,8.822957
1500078958902,-0.30159867,-3.8346114,8.822957
1500078958966,-0.3111732,-3.8058877,8.851681
1500078959029,-0.2920241,-3.7963133,8.832532
1500078959093,-0.28244954,-3.8537605,8.813383
1500078959157,-0.30159867,-3.825037,8.842107
1500078959221,-0.32074776,-3.7197168,8.870831
1500078959285,-0.2920241,-3.8154624,8.813383
1500078959349,-0.2920241,-3.7484405,8.842107
1500078959420,-0.27287498,-3.8824842,8.813383
1500078959475,-0.2920241,-3.825037,8.832532
1500078959539,-0.30159867,-3.7292912,8.861256
1500078959603,-0.3398969,-3.6335456,8.909128
1500078959666,-0.32074776,-3.7005677,8.889979
1500078959730,-0.2920241,-3.7388659,8.889979
1500078959794,-0.3111732,-3.7005677,8.861256
1500078959857,-0.3111732,-3.6814184,8.899554
1500078959921,-0.32074776,-3.6814184,8.909128
1500078959985,-0.28244954,-3.7963133,8.822957
1500078960049,-0.3111732,-3.7292912,8.851681
1500078960114,-0.30159867,-3.758015,8.851681
1500078960176,-0.28244954,-3.7484405,8.851681
1500078960240,-0.32074776,-3.7388659,8.870831
1500078960303,-0.3111732,-3.7197168,8.861256
1500078960367,-0.30159867,-3.7484405,8.851681
1500078960431,-0.33032233,-3.7005677,8.889979
1500078960495,-0.3111732,-3.7292912,8.870831
1500078960558,-0.3111732,-3.7292912,8.870831
1500078960622,-0.2920241,-3.758015,8.832532
1500078960686,-0.32074776,-3.690993,8.861256
1500078960749,-0.32074776,-3.7388659,8.851681
1500078960813,-0.359046,-3.7101421,8.937852
1500078960877,-0.33032233,-3.758015,8.861256
1500078960940,-0.30159867,-3.7197168,8.851681
1500078961004,-0.33032233,-3.604822,8.909128
1500078961068,-0.3111732,-3.7484405,8.870831
1500078961132,-0.2920241,-3.8154624,8.861256
1500078961195,-0.32074776,-3.6622694,8.889979
1500078961259,-0.33032233,-3.7005677,8.909128
1500078961323,-0.2920241,-3.7963133,8.832532
1500078961386,-0.32074776,-3.7484405,8.861256
1500078961450,-0.32074776,-3.7388659,8.861256
1500078961514,-0.3398969,-3.7675896,8.880404
1500078961577,-0.33032233,-3.7292912,8.832532
1500078961641,-0.3398969,-3.671844,8.889979
1500078961705,-0.359046,-3.7005677,8.899554
1500078961769,-0.34947145,-3.7484405,8.880404
1500078961832,-0.32074776,-3.7867386,8.822957
1500078961896,-0.30159867,-3.7963133,8.832532
1500078961960,-0.32074776,-3.7292912,8.889979
1500078962023,-0.30159867,-3.8729098,8.832532
1500078962087,-0.30159867,-3.7867386,8.851681
1500078962151,-0.2920241,-3.8058877,8.813383
1500078962215,-0.30159867,-3.7388659,8.870831
1500078962278,-0.33032233,-3.7292912,8.889979
1500078962342,-0.32074776,-3.7388659,8.851681
1500078962406,-0.30159867,-3.8154624,8.842107
1500078962469,-0.3398969,-3.7867386,8.822957
1500078962533,-0.32074776,-3.7867386,8.813383
1500078962597,-0.3398969,-3.777164,8.842107
1500078962660,-0.33032233,-3.8058877,8.822957
1500078962724,-0.3398969,-3.777164,8.842107
1500078962788,-0.33032233,-3.7292912,8.861256
1500078962852,-0.36862057,-3.7388659,8.918703
1500078962915,-0.3398969,-3.7292912,8.909128
1500078962979,-0.28244954,-3.7388659,8.822957
1500078963043,-0.28244954,-3.7867386,8.803808
1500078963106,-0.28244954,-3.8058877,8.842107
1500078963170,-0.28244954,-3.7963133,8.7750845
1500078963234,-0.32074776,-3.7484405,8.870831
1500078963297,-0.33032233,-3.7197168,8.889979
1500078963361,-0.33032233,-3.690993,8.899554
1500078963426,-0.30159867,-3.7388659,8.861256
1500078963490,-0.3398969,-3.6526947,8.909128
1500078963553,-0.3398969,-3.7197168,8.899554
1500078963616,-0.33032233,-3.7675896,8.813383
1500078963680,-0.32074776,-3.8058877,8.803808
1500078963743,-0.33032233,-3.7675896,8.889979
1500078963807,-0.3398969,-3.6814184,8.899554
1500078963871,-0.33032233,-3.6622694,8.889979
1500078963935,-0.32074776,-3.6526947,8.928278
1500078963998,-0.32074776,-3.7197168,8.870831
1500078964062,-0.30159867,-3.7101421,8.832532
1500078964126,-0.30159867,-3.7388659,8.832532
1500078964190,-0.30159867,-3.671844,8.832532
1500078964253,-0.3398969,-3.690993,8.889979
1500078964317,-0.34947145,-3.6143966,8.889979
1500078964381,-0.3398969,-3.6814184,8.899554
1500078964444,-0.36862057,-3.6526947,8.870831
1500078964508,-0.359046,-3.6239712,8.909128
1500078964571,-0.359046,-3.671844,8.899554
1500078964635,-0.3398969,-3.7005677,8.880404
1500078964699,-0.359046,-3.5856729,8.928278
1500078964763,-0.359046,-3.604822,8.937852
1500078964826,-0.32074776,-3.7005677,8.861256
1500078964891,-0.3398969,-3.6814184,8.880404
1500078964955,-0.2920241,-3.7197168,8.822957
1500078965018,-0.3398969,-3.7101421,8.899554
1500078965081,-0.32074776,-3.6814184,8.832532
1500078965145,-0.34947145,-3.6526947,8.889979
1500078965209,-0.3398969,-3.671844,8.918703
1500078965272,-0.36862057,-3.6335456,8.889979
1500078965336,-0.359046,-3.6622694,8.889979
1500078965400,-0.33032233,-3.690993,8.899554
1500078965463,-0.33032233,-3.7005677,8.880404
1500078965527,-0.33032233,-3.7005677,8.880404
1500078965591,-0.32074776,-3.690993,8.832532
1500078965655,-0.34947145,-3.6526947,8.947427
1500078965718,-0.32074776,-3.758015,8.899554
1500078965782,-0.27287498,-3.6814184,8.813383
1500078965846,-0.30159867,-3.6622694,8.851681
1500078965909,-0.32074776,-3.5952475,8.947427
1500078965973,-0.3398969,-3.758015,8.909128
1500078966037,-0.359046,-3.6335456,8.918703
1500078966101,-0.3398969,-3.7005677,8.880404
1500078966164,-0.32074776,-3.690993,8.842107
1500078966228,-0.359046,-3.671844,8.918703
1500078966292,-0.359046,-3.6622694,8.899554
1500078966355,-0.32074776,-3.6526947,8.880404
1500078966419,-0.32074776,-3.671844,8.899554
1500078966483,-0.33032233,-3.7005677,8.870831
1500078966546,-0.3111732,-3.690993,8.861256
1500078966610,-0.3398969,-3.6431203,8.909128
1500078966674,-0.32074776,-3.6814184,8.880404
1500078966738,-0.3111732,-3.690993,8.870831
1500078966801,-0.32074776,-3.7005677,8.870831
1500078966865,-0.3398969,-3.6239712,8.918703
1500078966929,-0.3398969,-3.6622694,8.889979
1500078966992,-0.34947145,-3.6526947,8.889979
1500078967056,-0.33032233,-3.6526947,8.909128
1500078967120,-0.34947145,-3.6239712,8.918703
1500078967184,-0.3398969,-3.6143966,8.909128
1500078967247,-0.36862057,-3.5952475,8.985725
1500078967311,-0.32074776,-3.844186,8.822957
1500078967375,-0.22500217,-4.016528,8.621892
1500078967438,-0.34947145,-3.7484405,8.889979
1500078967502,-0.2920241,-3.997379,8.736787
1500078967566,-0.3398969,-3.8920588,8.861256
1500078967629,-0.27287498,-3.930357,8.794233
1500078967693,-0.26330042,-4.0644007,8.727212
1500078967757,-0.25372586,-4.08355,8.717637
1500078967821,-0.2441513,-4.131423,8.650616
1500078967884,-0.27287498,-4.08355,8.708063
1500078967948,-0.28244954,-3.911208,8.842107
1500078968012,-0.27287498,-4.016528,8.755936
1500078968075,-0.27287498,-3.9207826,8.813383
1500078968139,-0.30159867,-3.8537605,8.832532
1500078968203,-0.27287498,-3.9016335,8.784659
1500078968267,-0.30159867,-3.8633351,8.813383
1500078968330,-0.27287498,-4.0261025,8.736787
1500078968394,-0.26330042,-3.499502,8.918703
1500078968458,-0.3111732,-3.6526947,8.918703
1500078968522,-0.32074776,-3.5090764,8.957002
1500078968586,-0.3111732,-3.3175852,8.899554
1500078968650,-0.32074776,-2.7239625,9.110194
1500078968713,-0.47394073,-3.9686553,8.832532
1500078968776,-0.39734426,-4.8207912,8.842107
1500078968840,-0.8952214,-4.351638,8.430401
1500078968904,-1.1728836,-5.146326,7.587839
1500078968967,-0.36862057,-3.4803526,9.349558
1500078969031,-0.512239,-2.254809,9.301685
1500078969095,-0.18670394,-6.4005938,8.133589
1500078969159,-0.32074776,-5.7208,7.4729443
1500078969222,0.23457673,-4.389936,8.411251
1500078969286,-0.56968635,-6.3622956,7.922949
1500078969350,0.27287498,-5.82612,7.6835847
1500078969422,-0.014361841,-5.960164,7.6835847
1500078969477,0.32074776,-6.2665496,7.511243
1500078969541,0.33032233,-6.1612296,6.9654927
1500078969604,0.5888355,-6.678256,7.2335806
1500078969668,0.4356425,-6.304848,7.0325146
1500078969732,0.4356425,-6.323997,7.434646
1500078969795,0.5313881,-6.5059137,6.821874
1500078969859,0.3398969,-6.0846334,7.4729443
1500078969923,0.2154276,-6.027186,7.7314577
1500078969987,0.09095833,-5.6633525,7.8655014
1500078970050,0.3877697,-5.797396,7.7601814
1500078970114,-0.043085523,-5.2707953,7.329326
1500078970178,-0.512239,-5.28037,9.014449
1500078970241,-0.10053288,-6.304848,8.018694
1500078970305,-0.3877697,-5.644203,8.631466
1500078970369,-1.5175679,-6.5729356,8.545295
1500078970433,-1.1633091,-5.845269,6.697405
1500078970496,-2.5707695,-3.5090764,7.195282
1500078970560,-0.20585304,-5.950589,5.2516465
1500078970624,-1.7186337,-4.610151,7.0708127
1500078970687,-0.03351096,-1.8814012,12.097457
1500078970751,-0.03351096,-4.342063,9.952756
1500078970815,0.4356425,-6.1612296,7.511243
1500078970879,0.36862057,-7.769756,6.2761245
1500078970942,0.3111732,-4.96441,8.085716
1500078971006,0.50266445,-5.28037,7.961247
1500078971070,-0.2441513,-7.721883,6.525063
1500078971133,-0.27287498,-4.9452605,8.392102
1500078971197,-0.20585304,-5.2707953,8.191036
1500078971261,-0.25372586,-5.0984535,8.200611
1500078971325,-0.36862057,-5.079304,8.305931
1500078971388,-0.40691882,-5.002708,8.23891
1500078971452,-0.5505372,-4.3324885,8.650616
1500078971516,-0.44521707,-4.811217,8.401677
1500078971579,-0.39734426,-4.887813,8.401677
1500078971643,-0.19627848,-4.8973875,8.248484
1500078971707,0.05266008,-5.682502,7.769756
1500078971770,-0.110107444,-6.639958,7.1091113
1500078971834,0.44521707,-6.6495323,6.869747
1500078971898,0.12925656,-6.218677,7.501668
1500078971962,0.15798025,-6.256975,7.482519
1500078972025,0.19627848,-5.998462,7.5399666
1500078972089,0.12925656,-5.605905,7.7984796
1500078972153,0.13883112,-6.113357,7.5303917
1500078972216,0.023936402,-5.376116,8.037844
1500078972280,0.062234644,-5.2516465,8.258059
1500078972344,-0.023936402,-5.5484576,8.104865
1500078972408,0.043085523,-5.3952646,8.018694
1500078972471,0.05266008,-5.328243,8.066567
1500078972535,0.023936402,-5.519734,8.047418
1500078972599,0.062234644,-5.7112255,7.846352
1500078972662,0.10053288,-5.941015,7.635712
1500078972726,0.12925656,-5.845269,7.693159
1500078972790,0.10053288,-5.519734,7.961247
1500078972854,0.110107444,-5.328243,8.047418
1500078972917,0.110107444,-5.38569,8.00912
1500078972981,0.110107444,-5.2037735,8.152739
1500078973045,0.10053288,-5.28037,8.095291
1500078973108,0.0718092,-5.2133484,8.21976
1500078973172,0.081383765,-5.232497,8.152739
1500078973236,0.09095833,-5.2516465,8.152739
1500078973300,0.110107444,-5.232497,8.124015
1500078973363,0.110107444,-5.2133484,8.133589
1500078973427,0.12925656,-5.232497,8.143164
1500078973491,0.11968201,-5.1176023,8.21976
1500078973555,0.09095833,-5.1367517,8.229335
1500078973618,0.110107444,-5.079304,8.229335
1500078973682,0.12925656,-5.0984535,8.210186
1500078973746,0.12925656,-5.0601554,8.21976
1500078973809,0.13883112,-5.002708,8.248484
1500078973873,0.110107444,-4.96441,8.286782
1500078973937,0.081383765,-5.021857,8.2676325
1500078974000,0.062234644,-4.9835587,8.32508
1500078974064,0.10053288,-5.021857,8.229335
1500078974128,0.081383765,-4.96441,8.305931
1500078974192,0.0718092,-4.935686,8.315506
1500078974255,0.05266008,-4.926111,8.334655
1500078974320,0.05266008,-4.849515,8.34423
1500078974383,0.081383765,-4.916537,8.277207
1500078974455,0.043085523,-4.8973875,8.353804
1500078974510,0.043085523,-4.868664,8.392102
1500078974574,0.043085523,-4.8207912,8.372953
1500078974637,0.0718092,-4.73462,8.34423
1500078974701,0.0718092,-4.6867476,8.401677
1500078974765,-0.05266008,-5.021857,8.439975
1500078974829,0.014361841,-4.83994,8.411251
1500078974892,0.00478728,-4.916537,8.372953
1500078974956,0.0718092,-4.954835,8.229335
1500078975020,0.03351096,-4.6005764,8.478273
1500078975083,0.081383765,-4.8207912,8.34423
1500078975147,0.12925656,-5.002708,8.258059
1500078975211,0.09095833,-4.8207912,8.392102
1500078975275,0.10053288,-4.96441,8.296356
1500078975338,0.081383765,-4.7920675,8.420826
1500078975402,0.12925656,-4.7537694,8.382527
1500078975466,0.09095833,-4.782493,8.411251
1500078975529,0.081383765,-4.782493,8.411251
1500078975593,0.081383765,-4.763344,8.439975
1500078975657,0.09095833,-4.73462,8.430401
1500078975721,0.081383765,-4.811217,8.392102
1500078975784,0.062234644,-4.772918,8.420826
1500078975848,0.09095833,-4.763344,8.401677
1500078975912,0.09095833,-4.763344,8.401677
1500078975975,0.09095833,-4.763344,8.363379
1500078976039,0.0718092,-4.7250457,8.4686985
1500078976103,0.12925656,-4.6771727,8.334655
1500078976167,0.0,-4.648449,8.545295
1500078976230,0.00478728,-4.648449,8.497422
1500078976294,0.0,-4.6675982,8.487848
1500078976358,-0.00478728,-4.658024,8.55487
1500078976421,-0.00478728,-4.658024,8.535721
1500078976485,0.062234644,-4.6388745,8.372953
1500078976549,0.05266008,-4.868664,8.363379
1500078976613,0.0718092,-4.8590894,8.372953
1500078976676,0.11968201,-4.887813,8.23891
1500078976740,0.043085523,-4.849515,8.34423
1500078976804,0.05266008,-4.849515,8.32508
1500078976867,0.043085523,-4.782493,8.382527
1500078976931,0.043085523,-4.801642,8.392102
1500078976995,0.023936402,-4.811217,8.382527
1500078977058,0.043085523,-4.782493,8.430401
1500078977122,0.023936402,-4.763344,8.430401
1500078977186,0.043085523,-4.782493,8.411251
1500078977250,0.043085523,-4.772918,8.411251
1500078977313,0.05266008,-4.782493,8.401677
1500078977377,0.062234644,-4.782493,8.420826
1500078977441,0.0718092,-4.763344,8.401677
1500078977504,0.062234644,-4.8207912,8.392102
1500078977568,0.0718092,-4.7920675,8.372953
1500078977632,0.023936402,-4.763344,8.411251
1500078977696,0.043085523,-4.9452605,8.353804
1500078977759,0.03351096,-4.8207912,8.372953
1500078977823,0.0718092,-4.849515,8.363379
1500078977887,0.05266008,-4.73462,8.430401
1500078977950,0.0718092,-4.7058964,8.430401
1500078978014,0.05266008,-4.7537694,8.430401
1500078978078,0.081383765,-4.8207912,8.372953
1500078978141,0.09095833,-4.954835,8.305931
1500078978205,0.110107444,-4.926111,8.315506
1500078978269,0.10053288,-4.916537,8.305931
1500078978333,0.11968201,-4.935686,8.32508
1500078978396,0.11968201,-4.8207912,8.392102
1500078978460,0.110107444,-4.935686,8.34423
1500078978524,0.110107444,-4.8973875,8.334655
1500078978587,0.062234644,-4.7250457,8.430401
