1500079223935,-5.8548436,6.678256,-5.0505805
1500079223998,-5.1367517,6.7357035,-5.1846247
1500079224063,-5.7112255,6.9271946,-5.366541
1500079224126,-4.9739842,7.089962,-5.7495236
1500079224191,-4.811217,6.563361,-5.222923
1500079224253,-5.8644185,7.1091113,-4.658024
1500079224317,-6.3144226,6.458041,-4.658024
1500079224381,-6.4005938,6.0750585,-5.739949
1500079224445,-4.342063,6.4293175,-5.232497
1500079224508,-4.696322,6.5537868,-5.328243
1500079224572,-4.389936,6.486765,-4.849515
1500079224636,-6.2378263,6.544212,-5.261221
1500079224699,-5.5484576,6.831449,-4.954835
1500079224763,-5.653778,6.4005938,-5.28037
1500079224827,-5.6154795,6.2761245,-5.222923
1500079224890,-5.088879,6.6495323,-5.2420716
1500079224954,-5.17505,6.7069798,-5.309094
1500079225018,-5.108028,7.1186857,-5.309094
1500079225081,-4.3707867,6.8027253,-5.1654754
1500079225145,-5.3952646,7.243155,-5.3378177
1500079225209,-5.021857,7.281453,-5.586756
1500079225273,-6.4197426,6.4197426,-5.452712
1500079225336,-5.845269,6.4293175,-5.328243
1500079225400,-4.6388745,6.132506,-4.935686
1500079225464,-3.9016335,6.3814445,-4.7441945
1500079225527,-4.610151,6.458041,-4.9069624
1500079225591,-6.027186,7.1665583,-5.2899446
1500079225655,-5.328243,6.745278,-5.1176023
1500079225718,-5.2133484,6.3622956,-5.4718614
1500079225782,-5.682502,6.639958,-5.4718614
1500079225846,-5.82612,6.8601727,-5.519734
1500079225909,-4.543129,6.3144226,-5.8835673
1500079225973,-4.581427,6.4197426,-6.113357
1500079226037,-4.9069624,6.611234,-5.8835673
1500079226101,-4.6005764,6.716554,-5.7112255
1500079226164,-4.811217,6.9271946,-5.366541
1500079226228,-5.433563,6.8793216,-5.1654754
1500079226292,-6.027186,6.4676156,-5.452712
1500079226355,-6.0463347,5.8835673,-5.9314404
1500079226419,-4.5910015,6.333572,-5.8931417
1500079226483,-3.9399316,6.5537868,-5.366541
1500079226547,-4.9739842,6.094208,-4.887813
1500079226610,-6.6591067,6.7069798,-4.772918
1500079226674,-4.543129,6.975067,-4.6293
1500079226738,-5.682502,6.3431463,-5.28037
1500079226801,-6.0080366,6.898471,-4.6867476
1500079226865,-5.739949,7.0803876,-4.8207912
1500079226929,-5.5771813,6.611234,-4.9452605
1500079226992,-5.7016506,6.47719,-4.3995104
1500079227056,-5.1176023,7.7601814,-4.7537694
1500079227121,-5.2037735,7.0133657,-4.2941904
1500079227184,-5.797396,7.1665583,-4.1601467
1500079227248,-6.3527207,7.348475,-4.236743
1500079227312,-6.8027253,6.668681,-4.303765
1500079227376,-5.8644185,6.47719,-5.06973
1500079227438,-4.658024,6.486765,-5.2516465
1500079227502,-3.9016335,5.873993,-5.2899446
1500079227566,-6.017611,6.410168,-5.347392
1500079227630,-6.256975,6.869747,-4.8590894
1500079227694,-5.586756,7.051664,-4.887813
1500079227757,-5.9027166,6.7548523,-4.7441945
1500079227822,-5.2899446,6.850598,-4.849515
1500079227884,-5.0122824,6.4484663,-5.0984535
1500079227948,-5.079304,6.611234,-4.935686
1500079228012,-4.801642,6.975067,-4.9452605
1500079228076,-4.581427,6.7931504,-5.1654754
1500079228139,-4.8207912,6.8601727,-5.1271772
1500079228203,-5.2899446,6.6591067,-5.4239883
1500079228266,-5.82612,6.630383,-5.433563
1500079228330,-5.433563,6.5537868,-5.653778
1500079228394,-5.0505805,6.525063,-5.376116
1500079228458,-4.5718527,6.6591067,-5.347392
1500079228521,-5.2899446,6.1229315,-5.146326
1500079228585,-5.979313,6.3527207,-5.328243
1500079228649,-5.079304,6.7740016,-5.0984535
1500079228712,-5.960164,7.204857,-5.347392
1500079228776,-5.6250544,7.051664,-5.1654754
1500079228840,-5.4718614,6.764427,-5.309094
1500079228903,-5.328243,6.304848,-5.28037
1500079228967,-4.3803616,6.3431463,-5.1271772
1500079229031,-4.6867476,6.668681,-5.1367517
1500079229095,-4.6293,6.9559183,-5.1271772
1500079229159,-4.619725,7.0995364,-5.3186684
1500079229223,-4.9835587,7.2240057,-5.2899446
1500079229295,-4.6675982,7.176133,-5.232497
1500079229349,-4.7920675,6.936769,-5.17505
1500079229413,-4.7250457,6.869747,-4.96441
1500079229477,-4.9739842,6.8027253,-4.8207912
1500079229540,-4.887813,6.8410234,-4.7058964
1500079229604,-5.1846247,8.650616,-3.604822
1500079229668,-5.433563,8.487848,-3.4420545
1500079229732,-5.538883,7.2144313,-1.5367169
1500079229795,-5.644203,6.333572,0.8281995
1500079229859,-6.2665496,8.277207,0.40691882
1500079229923,-5.7016506,7.6452866,1.4122477
1500079229986,-6.065484,6.5346375,0.6845811
1500079230050,-5.9027166,5.194199,-0.6750065
1500079230114,-5.941015,8.1623125,-2.7239625
1500079230178,-5.7686725,8.401677,-4.935686
1500079230241,-5.6250544,6.668681,-7.176133
1500079230305,-5.5963306,5.2133484,-7.5303917
1500079230369,-5.366541,5.06973,-6.9942164
1500079230432,-5.5484576,3.9207826,-7.3197513
1500079230496,-5.146326,1.7569319,-7.846352
1500079230560,-4.935686,1.4888442,-7.808054
1500079230623,-5.462287,3.1069448,-8.124015
1500079230687,-5.433563,3.8920588,-7.654861
1500079230751,-5.605905,3.346309,-8.229335
1500079230815,-5.4048395,3.5952475,-7.9708214
1500079230878,-5.538883,3.9016335,-7.635712
1500079230942,-5.49101,3.4420545,-7.999545
1500079231006,-5.309094,3.1356685,-7.922949
1500079231069,-5.194199,3.3558834,-7.511243
1500079231133,-5.2516465,3.365458,-7.654861
1500079231197,-5.2899446,3.3367343,-7.4920936
1500079231260,-5.3952646,3.2792869,-7.769756
1500079231324,-5.299519,3.5856729,-7.693159
1500079231388,-5.2899446,3.690993,-7.693159
1500079231452,-5.4048395,3.5665238,-7.587839
1500079231515,-5.49101,3.6143966,-7.549541
1500079231579,-5.5101595,3.5952475,-7.4442205
1500079231643,-5.4239883,3.4612036,-7.4729443
1500079231706,-5.5580325,3.518651,-7.501668
1500079231770,-5.672927,3.5665238,-7.5782647
1500079231834,-5.605905,3.4420545,-7.501668
1500079231897,-5.653778,3.451629,-7.4154973
1500079231961,-5.567607,3.1452432,-7.3867736
1500079232025,-5.376116,2.7048132,-7.0708127
1500079232089,-5.644203,2.4175766,-7.003791
1500079232152,-5.835695,2.3314054,-7.2910275
1500079232216,-5.8835673,2.1303396,-7.4729443
1500079232280,-6.37187,1.8909757,-7.999545
1500079232344,-6.2474008,2.0728924,-7.741032
1500079232407,-6.3431463,1.4409714,-7.7123084
1500079232471,-6.515488,0.9718179,-7.808054
1500079232535,-6.8410234,1.5750152,-8.794233
1500079232598,-6.7357035,0.15798025,-8.11444
1500079232662,-6.486765,-1.6899099,-7.35805
1500079232726,-6.525063,-1.7473572,-6.9559183
1500079232789,-6.2091026,-1.6516117,-7.587839
1500079232853,-6.6591067,-2.254809,-7.2335806
1500079232917,-6.438892,-2.5994933,-7.1186857
1500079232980,-5.988888,-2.8292825,-7.4250717
1500079233044,-6.3527207,-2.7622607,-7.195282
1500079233116,-6.256975,-2.9441774,-7.243155
1500079233172,-6.180379,-2.752686,-7.3197513
1500079233235,-6.2282515,-2.800559,-7.1474094
1500079233299,-6.1420803,-2.7909844,-7.1091113
1500079233363,-6.438892,-2.7622607,-7.089962
1500079233426,-6.410168,-2.819708,-7.1091113
1500079233490,-6.170804,-2.8484318,-7.0708127
1500079233554,-6.438892,-2.8580062,-7.003791
1500079233617,-6.3814445,-2.867581,-7.0708127
1500079233681,-6.2282515,-2.9537518,-7.0612383
1500079233745,-6.256975,-3.0016246,-7.0803876
1500079233808,-6.027186,-3.0686467,-7.2718787
1500079233872,-6.103782,-2.9537518,-7.2240057
1500079233936,-6.113357,-2.9346027,-7.310177
1500079234000,-5.960164,-2.8484318,-7.3389006
1500079234063,-6.0080366,-2.8292825,-7.348475
1500079234127,-6.0463347,-2.9250283,-7.2718787
1500079234191,-6.094208,-3.0016246,-7.195282
1500079234255,-6.132506,-3.126094,-7.0803876
1500079234319,-6.0559096,-3.3080106,-7.0803876
1500079234382,-6.151655,-3.451629,-7.003791
1500079234445,-6.132506,-3.5473747,-6.8888965
1500079234509,-6.285699,-3.690993,-6.850598
1500079234573,-6.218677,-3.7197168,-6.8888965
1500079234637,-6.0846334,-3.6814184,-7.003791
1500079234700,-6.4293175,-2.9633265,-6.850598
1500079234764,-7.089962,-1.8814012,-6.668681
1500079234828,-7.0708127,-0.20585304,-7.1665583
1500079234891,-7.5974135,-0.2441513,-8.727212
1500079234955,-6.984642,1.0484143,-7.8846507
1500079235019,-6.7740016,1.7186337,-7.635712
1500079235083,-6.7069798,1.7665064,-8.191036
1500079235146,-6.438892,1.862252,-7.961247
1500079235210,-6.2474008,1.948423,-8.133589
1500079235274,-5.682502,2.1973617,-8.210186
1500079235337,-5.3952646,1.9962958,-8.210186
1500079235401,-4.8782387,1.9771467,-8.076141
1500079235465,-4.543129,2.0920415,-8.056993
1500079235529,-3.997379,2.0824668,-7.6452866
1500079235592,-3.6431203,1.776081,-7.4250717
1500079235656,-3.5760984,1.7186337,-7.922949
1500079235720,-3.499502,2.168638,-7.7793303
1500079235783,-3.930357,2.666515,-8.459125
1500079235847,-3.9399316,2.8101335,-8.918703
1500079235911,-4.303765,2.800559,-8.832532
1500079235975,-4.437809,2.7239625,-8.6697645
1500079236038,-4.6867476,3.0494976,-8.545295
1500079236102,-4.9452605,3.2888615,-8.832532
1500079236166,-5.146326,2.9824755,-9.177217
1500079236229,-4.696322,3.078221,-9.8953085
1500079236293,-4.96441,3.2697124,-9.713391
1500079236357,-4.619725,2.7909844,-9.349558
1500079236420,-4.2654667,1.7282082,-9.722966
1500079236484,-3.777164,2.0250196,-8.880404
1500079236548,-3.7005677,2.0058703,-8.909128
1500079236612,-3.2218397,1.4218222,-7.4729443
1500079236675,-3.2026904,1.2782038,-8.363379
1500079236739,-2.819708,1.4505459,-8.526146
1500079236803,-3.231414,1.5941644,-8.880404
1500079236866,-3.2984362,1.7186337,-9.244238
1500079236930,-3.4133308,1.8048047,-9.397431
1500079236994,-3.4037561,2.1399143,-9.320834
1500079237058,-3.7101421,2.1111906,-9.18679
1500079237121,-3.8154624,2.187787,-8.957002
1500079237185,-3.9782298,2.1111906,-8.889979
1500079237250,-4.0644007,2.2069361,-9.062322
1500079237313,-4.236743,2.2643836,-9.483603
1500079237376,-4.303765,2.408002,-9.703817
1500079237441,-4.3133397,2.408002,-9.75169
1500079237504,-4.150572,2.3792782,-9.665519
1500079237567,-4.1792955,2.4175766,-9.493176
1500079237631,-3.8346114,1.9867213,-8.641041
1500079237695,-3.690993,1.5558661,-8.23891
1500079237759,-3.690993,1.7856555,-7.9899707
1500079237822,-3.8346114,1.7856555,-7.8272033
1500079237886,-3.5282254,1.4122477,-8.66019
1500079237950,-4.4090853,1.5845897,-9.18679
1500079238013,-4.351638,2.494173,-9.062322
1500079238077,-4.428234,2.6569405,-9.043172
1500079238141,-4.801642,2.5420458,-8.880404
1500079238204,-4.8303657,2.8771553,-8.851681
1500079238268,-4.763344,2.7718353,-8.7750845
1500079238332,-5.1367517,2.254809,-9.301685
1500079238395,-4.696322,2.360129,-9.359133
1500079238459,-4.9452605,2.5228968,-9.148493
1500079238523,-4.456958,2.4845984,-8.564445
1500079238586,-4.543129,2.1590633,-8.258059
1500079238650,-4.8782387,1.9771467,-8.564445
1500079238714,-3.7484405,1.8048047,-8.095291
1500079238777,-4.2080193,1.948423,-7.7506065
1500079238841,-4.08355,1.6994845,-7.875076
1500079238905,-4.3612123,1.6803354,-8.439975
1500079238969,-4.581427,2.2356598,-8.794233
1500079239032,-4.619725,2.360129,-8.7750845
1500079239096,-4.782493,1.948423,-8.870831
1500079239160,-5.1367517,2.1303396,-8.995299
1500079239223,-5.06973,2.561195,-9.397431
1500079239288,-4.96441,2.3697038,-9.493176
1500079239351,-5.041006,2.3888528,-9.550624
1500079239415,-4.993133,2.4175766,-8.909128
1500079239487,-4.504831,2.254809,-8.612317
1500079239542,-4.4856815,1.9196993,-8.21976
1500079239606,-4.1792955,2.0441687,-8.076141
1500079239669,-3.9878044,1.8048047,-8.018694
1500079239733,-4.045252,1.2973529,-8.459125
1500079239797,-4.169721,1.5462915,-8.66019
1500079239860,-4.0931244,2.0824668,-8.7750845
1500079239924,-4.437809,1.948423,-8.7750845
1500079239988,-4.3707867,2.0728924,-8.851681
1500079240052,-4.3707867,2.2260852,-9.052747
1500079240115,-4.658024,2.2260852,-9.445304
1500079240179,-4.6293,2.3505547,-9.828286
1500079240243,-4.466532,2.4175766,-10.058076
1500079240306,-4.2941904,2.2356598,-10.010203
1500079240370,-4.131423,2.1207652,-9.636795
1500079240434,-3.6814184,1.9675722,-8.851681
1500079240498,-3.1548176,1.6611862,-8.286782
1500079240561,-3.0016246,1.6133134,-7.961247
1500079240625,-2.714388,1.3356512,-8.258059
1500079240689,-2.9250283,1.383524,-8.181462
1500079240752,-3.1835413,1.3452257,-8.880404
1500079240816,-3.2792869,1.4888442,-9.225089
1500079240880,-3.5090764,1.8718265,-9.5219
1500079240944,-3.8058877,2.3026817,-9.617646
1500079241007,-3.8633351,2.3697038,-9.598496
1500079241071,-3.9590807,2.3792782,-9.579348
1500079241135,-3.671844,2.494173,-9.866585
1500079241198,-4.121848,2.8388572,-9.933606
1500079241262,-4.131423,2.2452345,-10.680422
1500079241326,-3.5760984,1.709059,-9.98148
1500079241389,-3.3367343,2.475024,-9.349558
1500079241453,-2.752686,1.2399056,-7.922949
1500079241517,-2.972901,1.1920328,-7.348475
1500079241581,-2.561195,1.2782038,-7.5208173
1500079241644,-3.078221,1.2399056,-8.181462
1500079241708,-3.3271596,2.0058703,-9.18679
1500079241772,-3.7675896,2.2931073,-10.249567
1500079241835,-3.844186,2.5324712,-10.211268
1500079241899,-3.8154624,2.4175766,-9.560199
1500079241963,-4.2080193,2.360129,-9.483603
1500079242026,-4.045252,2.3122563,-9.349558
1500079242090,-4.198445,2.3314054,-9.636795
1500079242154,-3.604822,2.714388,-10.335738
1500079242218,-4.0739756,2.4463003,-10.661273
1500079242281,-3.9207826,2.34098,-9.483603
1500079242345,-2.88673,1.5845897,-8.439975
1500079242409,-3.039923,0.8856468,-7.741032
1500079242472,-2.6282167,0.751603,-7.051664
1500079242536,-2.9154537,1.3356512,-8.124015
1500079242600,-3.0973704,1.5558661,-9.052747
1500079242663,-3.451629,1.7377827,-9.608071
1500079242727,-3.6526947,1.9579976,-9.761265
1500079242791,-4.236743,2.321831,-9.636795
1500079242855,-4.2175937,2.494173,-9.531475
1500079242918,-4.131423,2.427151,-9.512326
1500079242982,-4.428234,2.5037475,-9.330409
1500079243046,-4.2941904,2.4463003,-9.502751
1500079243109,-4.2080193,2.0537431,-9.684668
1500079243173,-4.1409974,2.168638,-10.105948
1500079243237,-3.8058877,2.1590633,-9.8953085
1500079243301,-3.5569491,1.6420372,-9.091045
1500079243365,-3.2888615,1.6994845,-8.315506
1500079243428,-2.8484318,1.6133134,-8.143164
1500079243492,-2.9154537,1.4313968,-7.9708214
1500079243555,-3.173967,1.622888,-7.8272033
1500079243619,-3.2505634,1.7856555,-8.411251
1500079243683,-3.5665238,1.6133134,-9.339984
1500079243747,-4.0739756,2.0920415,-9.761265
1500079243810,-4.1792955,2.1207652,-9.809137
1500079243874,-4.2463174,1.8814012,-9.665519
1500079243938,-4.437809,1.9579976,-9.167642
1500079244001,-4.5239797,1.929274,-8.861256
1500079244065,-4.5910015,1.948423,-8.420826
1500079244129,-4.73462,1.8814012,-8.21976
1500079244193,-5.021857,2.0824668,-7.999545
1500079244256,-5.155901,2.101616,-7.8846507
1500079244320,-5.462287,2.149489,-7.702734
1500079244384,-5.538883,2.1207652,-7.4920936
1500079244448,-5.873993,2.0920415,-7.4059224
1500079244512,-6.304848,2.1782124,-7.3867736
1500079244583,-6.639958,2.3984275,-7.3197513
1500079244638,-6.745278,2.5420458,-6.936769
1500079244702,-7.1857076,2.6377914,-6.745278
1500079244766,-7.5974135,2.2739582,-6.0559096
1500079244830,-7.6835847,2.561195,-5.941015
1500079244893,-7.855927,2.6377914,-5.644203
1500079244957,-8.124015,2.5994933,-5.1654754
1500079245021,-8.401677,3.020774,-4.935686
1500079245084,-8.593168,2.8771553,-4.303765
1500079245148,-9.138918,3.1643922,-3.604822
1500079245212,-9.29211,3.2505634,-3.039923
1500079245276,-9.378282,2.2165108,-2.6760898
1500079245339,-9.445304,1.3165021,-2.4558747
1500079245403,-9.684668,0.70373017,-2.2452345
1500079245467,-10.19212,1.5175679,-1.2303311
1500079245530,-9.991054,1.1824582,-1.0292653
1500079245594,-9.665519,0.359046,-1.6899099
1500079245658,-9.5219,0.14840569,-1.9867213
1500079245721,-9.761265,-0.17712937,-1.8526775
1500079245785,-9.770839,-0.6750065,-1.79523
1500079245849,-9.502751,-0.665432,-1.0005416
1500079245913,-9.493176,0.09095833,0.09095833
1500079245976,-9.62722,-1.2303311,-0.27287498
1500079246040,-10.058076,-0.8186249,-0.34947145
1500079246104,-10.833615,-0.9622433,-0.64628285
1500079246168,-8.9761505,-0.5792609,-0.6271337
1500079246231,-8.056993,-0.77075213,-0.17712937
1500079246295,-8.803808,-1.3739494,0.17712937
1500079246359,-9.100619,-1.5845897,0.11968201
1500079246422,-9.560199,-1.5367169,-0.12925656
1500079246486,-10.29744,-1.6994845,-0.00478728
1500079246550,-9.483603,-1.1920328,0.18670394
1500079246613,-9.2825365,-1.4313968,0.3877697
1500079246677,-9.531475,-1.6803354,0.32074776
1500079246741,-9.454879,-1.3260766,0.15798025
1500079246805,-9.876159,-1.383524,-0.23457673
1500079246868,-9.75169,-1.2686293,0.09095833
1500079246932,-9.732541,-1.383524,0.13883112
1500079246996,-9.20594,-1.2686293,0.11968201
1500079247059,-9.62722,-1.0675635,0.023936402
1500079247123,-9.713391,-0.6750065,0.5888355
1500079247187,-9.6942425,-1.0292653,0.13883112
1500079247251,-9.675094,-1.2877784,-0.2441513
1500079247314,-9.636795,-1.4792696,-0.4835153
1500079247379,-9.550624,-1.4026731,-0.043085523
1500079247442,-9.359133,-1.1824582,0.0718092
1500079247506,-9.474028,-1.2973529,0.09095833
1500079247570,-9.54105,-1.14416,0.0
1500079247632,-9.608071,-1.0196906,0.14840569
1500079247696,-9.6942425,-1.2590547,-0.043085523
1500079247761,-9.5889225,-1.2016073,-0.22500217
1500079247824,-9.272962,-1.2494801,-0.14840569
1500079247888,-9.62722,-1.3739494,-0.15798025
1500079247960,-9.943181,-1.3739494,-0.110107444
1500079248015,-9.847435,-1.3548003,-0.043085523
1500079248079,-9.7899885,-1.4026731,-0.26330042
1500079248142,-9.608071,-1.3069274,-0.32074776
1500079248206,-9.330409,-1.2686293,-0.25372586
1500079248270,-9.579348,-1.2303311,-0.22500217
1500079248333,-9.770839,-1.3356512,-0.5313881
1500079248397,-9.655944,-1.0388398,-0.40691882
1500079248461,-9.493176,-0.9430942,-0.18670394
1500079248525,-9.502751,-0.98139244,-0.2441513
1500079248588,-9.445304,-1.1537346,-0.39734426
1500079248652,-9.474028,-1.14416,-0.359046
1500079248716,-9.64637,-1.1058618,-0.34947145
1500079248779,-9.675094,-1.0675635,-0.2441513
1500079248843,-9.608071,-1.1345854,-0.22500217
1500079248907,-9.493176,-1.1824582,-0.2441513
1500079248971,-9.579348,-1.3165021,-0.30159867
1500079249034,-9.742115,-1.3930986,-0.359046
1500079249098,-9.675094,-1.2016073,-0.25372586
1500079249162,-9.435729,-1.0292653,-0.13883112
1500079249225,-9.54105,-1.1824582,-0.03351096
1500079249289,-9.62722,-1.3069274,-0.15798025
1500079249353,-9.6942425,-1.3548003,-0.20585304
1500079249417,-9.675094,-1.3069274,-0.22500217
1500079249481,-9.502751,-1.1824582,-0.110107444
1500079249553,-9.560199,-1.2303311,-0.05266008
1500079249608,-9.684668,-0.9526688,0.00478728
1500079249671,-9.5219,-1.2494801,-0.09095833
1500079249735,-9.579348,-1.3643749,-0.18670394
1500079249799,-9.54105,-1.14416,0.13883112
1500079249863,-9.474028,-1.3739494,-0.043085523
1500079249926,-9.5889225,-1.3356512,-0.39734426
1500079249990,-9.560199,-1.4792696,-0.3398969
1500079250054,-9.560199,-1.4122477,-0.081383765
1500079250117,-9.454879,-1.776081,-0.05266008
1500079250181,-9.62722,-1.4505459,-0.34947145
1500079250246,-9.3878565,-1.4601204,-0.4835153
1500079250309,-9.636795,-1.4409714,-0.26330042
1500079250373,-9.847435,-1.2111819,0.0
1500079250437,-9.933606,-1.0484143,0.00478728
1500079250500,-9.761265,-1.2494801,-0.22500217
1500079250563,-9.2825365,-1.1633091,-0.30159867
1500079250627,-9.20594,-1.2877784,-0.44521707
1500079250691,-9.177217,-1.4601204,-0.20585304
1500079250755,-9.847435,-2.4654493,-0.15798025
1500079250818,-9.933606,-3.844186,0.110107444
1500079250882,-9.502751,-5.998462,0.28244954
1500079250946,-9.004874,-7.741032,0.3398969
1500079251009,-8.66019,-9.98148,0.062234644
1500079251073,-8.928278,-11.570856,-0.32074776
1500079251137,-8.593168,-12.25065,-0.78990126
1500079251201,-7.4537954,-11.522984,-0.6845811
1500079251264,-5.155901,-10.699572,-0.5505372
1500079251328,-2.561195,-8.746361,-0.12925656
1500079251392,0.11968201,-6.2378263,0.77075213
1500079251455,2.6569405,-4.6388745,1.0771381
1500079251519,4.993133,-3.039923,1.4409714
1500079251583,7.003791,-1.79523,1.5462915
1500079251646,8.5740185,-0.6845811,1.5462915
1500079251710,9.18679,-0.7420284,1.4026731
1500079251774,9.483603,-0.56968635,1.2686293
1500079251838,9.598496,-0.6271337,1.0005416
1500079251901,9.483603,-0.63670826,1.1154363
1500079251965,9.512326,-0.26330042,0.8281995
1500079252029,9.617646,-0.44521707,0.512239
1500079252092,9.54105,0.09095833,1.1058618
1500079252156,9.732541,0.34947145,1.1537346
1500079252220,9.64637,0.30159867,1.469695
1500079252284,9.703817,0.3398969,1.6324625
1500079252347,9.636795,-0.03351096,1.5654407
1500079252411,9.62722,-0.32074776,1.4505459
1500079252475,9.665519,-0.39734426,1.5079932
1500079252538,9.761265,-0.49308985,1.5845897
1500079252602,9.971905,-0.5505372,1.4218222
1500079252666,9.933606,-0.40691882,1.5367169
1500079252730,9.8953085,-0.18670394,1.2877784
1500079252793,9.64637,-0.0718092,1.3452257
1500079252857,9.675094,-0.03351096,1.2686293
1500079252921,9.732541,-0.03351096,1.3356512
1500079252984,9.62722,0.0,1.4218222
1500079253048,9.54105,-0.110107444,1.5079932
1500079253112,9.5219,-0.18670394,1.5750152
1500079253175,9.560199,-0.110107444,1.6516117
1500079253239,9.617646,-0.081383765,1.5462915
1500079253303,9.780414,-0.00478728,1.4792696
1500079253367,9.780414,0.023936402,1.4313968
1500079253430,9.837861,0.03351096,1.1824582
1500079253494,9.780414,0.0,1.2782038
1500079253558,9.713391,-0.05266008,1.5271424
1500079253622,9.732541,0.023936402,1.3739494
1500079253685,9.75169,0.081383765,1.3548003
1500079253749,9.6942425,0.10053288,1.3643749
1500079253813,9.6942425,0.2154276,1.2782038
1500079253876,9.713391,0.081383765,1.6803354
1500079253940,9.799562,-0.023936402,2.2452345
1500079254004,9.837861,0.00478728,2.3122563
1500079254067,10.019777,0.10053288,1.6803354
1500079254131,9.809137,0.10053288,0.99096704
1500079254195,9.818711,0.54096264,0.40691882
1500079254259,9.675094,0.6558574,0.014361841
1500079254322,9.454879,0.61755913,0.25372586
1500079254386,9.502751,0.4356425,1.2111819
1500079254450,9.713391,0.54096264,1.8431029
1500079254513,9.569773,0.5792609,2.0728924
1500079254578,9.598496,0.69415563,1.7377827
1500079254642,9.54105,0.665432,1.622888
1500079254706,9.464453,0.71330476,1.6611862
1500079254768,9.464453,0.5505372,1.8239537
1500079254832,9.608071,0.6079846,1.9867213
1500079254896,9.636795,0.85692316,1.9196993
1500079254959,9.75169,1.0196906,1.5079932
1500079255023,9.799562,0.99096704,0.6845811
1500079255087,10.000628,1.0675635,-0.10053288
1500079255150,10.105948,0.8090504,0.10053288
1500079255214,9.847435,0.5313881,0.78990126
1500079255279,9.742115,0.49308985,1.2877784
1500079255343,9.770839,0.5218136,1.4218222
1500079255414,9.799562,0.56968635,1.6994845
1500079255469,9.550624,0.61755913,1.9579976
1500079255533,9.330409,0.78990126,2.0728924
1500079255597,9.368708,0.9526688,1.9579976
1500079255660,9.407005,1.0292653,1.9005502
1500079255724,9.560199,0.93351966,2.0728924
1500079255788,9.7899885,0.8186249,2.714388
1500079255851,9.703817,0.92394507,2.972901
1500079255915,9.550624,0.8952214,2.4654493
1500079255979,9.713391,0.78990126,1.2686293
1500079256042,9.550624,0.8760723,0.5313881
1500079256106,9.3878565,0.78990126,0.54096264
1500079256170,9.349558,1.0579889,0.6845811
1500079256234,9.665519,1.2016073,0.9718179
1500079256297,9.96233,1.0867126,1.3548003
1500079256361,9.876159,1.0101161,1.948423
1500079256425,9.502751,0.6750065,2.168638
1500079256489,9.349558,0.63670826,2.2165108
1500079256552,9.531475,0.71330476,2.0920415
1500079256616,9.6942425,0.7420284,2.0633178
1500079256680,9.636795,0.7324539,2.254809
1500079256743,9.62722,0.71330476,2.427151
1500079256807,9.722966,0.8952214,2.3792782
1500079256871,9.818711,1.0292653,1.622888
1500079256935,9.636795,1.0292653,0.85692316
1500079256998,9.502751,1.1154363,0.76117754
1500079257062,9.655944,0.751603,0.32074776
1500079257126,9.493176,1.8431029,0.50266445
1500079257189,9.502751,1.0101161,0.93351966
1500079257253,9.359133,1.6803354,1.5558661
1500079257318,9.512326,1.2303311,1.7665064
1500079257381,9.531475,1.2590547,2.3122563
1500079257444,9.713391,1.3069274,1.9005502
1500079257509,9.770839,1.4409714,2.0633178
1500079257572,9.215514,1.8718265,2.2165108
1500079257636,9.119769,1.6420372,2.2452345
1500079257699,10.010203,1.9771467,0.56011176
1500079257763,9.445304,1.0292653,1.3356512
1500079257826,9.474028,1.6324625,1.1345854
1500079257890,9.474028,2.2739582,1.4505459
1500079257955,9.339984,2.5037475,1.6324625
1500079258018,9.3878565,3.0111992,1.7377827
1500079258081,9.20594,3.4324799,1.3643749
1500079258145,8.612317,3.0973704,1.6611862
1500079258209,9.024023,3.4707782,1.4601204
1500079258272,9.272962,3.4324799,1.5079932
1500079258336,9.148493,2.1111906,1.4409714
1500079258400,9.512326,1.9101248,1.6994845
1500079258464,9.64637,2.647366,1.8526775
1500079258527,9.818711,2.0537431,1.2207564
1500079258591,9.339984,1.8143792,2.3792782
1500079258655,9.62722,1.9005502,1.8718265
1500079258719,9.368708,1.0771381,2.015445
1500079258782,9.445304,1.0579889,2.0058703
1500079258846,9.397431,1.1920328,2.1590633
1500079258910,9.914457,1.776081,1.7473572
1500079258973,9.828286,1.4313968,1.1537346
1500079259037,9.474028,1.3643749,1.0675635
1500079259101,9.31126,0.93351966,0.4835153
1500079259165,9.397431,0.92394507,0.71330476
1500079259228,9.64637,0.9718179,1.14416
1500079259292,9.703817,0.98139244,1.7665064
1500079259356,9.732541,1.0388398,2.0920415
1500079259419,9.5889225,1.3356512,2.408002
1500079259483,9.3878565,1.3452257,2.408002
1500079259547,9.29211,1.2590547,2.168638
1500079259610,9.512326,1.3452257,1.9771467
1500079259675,9.5889225,1.4409714,1.7569319
1500079259739,9.5219,1.3356512,1.3356512
1500079259802,9.608071,1.2399056,1.1633091
1500079259866,9.617646,1.3643749,1.3739494
1500079259929,9.512326,1.2207564,1.5079932
1500079259993,9.397431,1.1154363,1.3260766
1500079260056,9.493176,1.1728836,1.3260766
1500079260120,9.502751,1.1728836,1.4122477
1500079260184,9.8953085,1.2207564,1.9005502
1500079260248,9.914457,1.1058618,2.1973617
1500079260312,9.598496,1.1728836,2.1782124
1500079260376,9.320834,0.98139244,2.34098
1500079260440,9.234664,0.85692316,2.3122563
1500079260502,9.483603,0.99096704,2.34098
1500079260566,9.665519,1.0579889,2.3505547
1500079260630,9.64637,0.9526688,2.494173
1500079260693,9.493176,0.78990126,2.4463003
1500079260757,9.483603,0.78032666,2.0920415
1500079260821,9.85701,0.7994758,1.622888
1500079260885,9.933606,0.83777404,1.2399056
1500079260948,9.550624,1.0005416,1.4218222
1500079261012,9.272962,1.1250108,1.6324625
1500079261076,9.330409,1.3452257,1.8526775
1500079261139,9.474028,1.6707608,2.254809
1500079261203,9.330409,1.4888442,2.3505547
1500079261267,9.244238,1.4122477,2.34098
1500079261331,9.330409,1.4601204,2.2069361
1500079261394,9.464453,1.5175679,2.168638
1500079261458,9.579348,1.3356512,2.0633178
1500079261522,9.445304,1.2877784,2.2452345
1500079261586,9.426155,1.2590547,2.2260852
1500079261649,9.474028,1.2973529,2.0728924
1500079261713,9.6942425,1.3930986,1.776081
1500079261777,9.608071,1.4026731,1.4888442
1500079261840,9.474028,1.2111819,1.3643749
1500079261904,9.617646,1.1537346,1.2111819
1500079261968,9.64637,1.2973529,1.2877784
1500079262031,9.54105,1.1633091,1.4505459
1500079262095,9.502751,1.0962871,1.8431029
1500079262159,9.493176,1.1633091,1.9962958
1500079262223,9.608071,1.4792696,2.0250196
1500079262286,9.665519,1.3069274,1.9962958
1500079262350,9.5889225,1.4122477,1.7377827
1500079262414,9.483603,1.5271424,1.7377827
1500079262477,9.435729,1.4026731,1.776081
1500079262541,9.435729,1.3930986,1.9196993
1500079262605,9.531475,1.3930986,1.7377827
1500079262668,9.62722,1.2016073,1.4888442
1500079262732,9.617646,1.0962871,1.3643749
1500079262796,9.54105,1.1345854,1.4601204
1500079262860,9.560199,1.0771381,1.7186337
1500079262923,9.655944,1.1154363,1.9962958
1500079262987,9.703817,1.2494801,1.6420372
1500079263051,9.933606,1.1058618,0.9430942
1500079263115,9.531475,0.91437054,1.3165021
1500079263178,9.253813,1.0005416,1.776081
1500079263242,9.339984,1.4505459,2.321831
1500079263306,9.426155,1.6420372,2.427151
1500079263370,9.445304,1.6133134,2.3792782
1500079263433,9.54105,1.2303311,2.2643836
1500079263497,9.732541,0.92394507,2.3505547
1500079263561,9.608071,0.6750065,2.1207652
1500079263624,9.474028,0.7324539,2.0250196
1500079263688,9.493176,0.8473486,1.8048047
1500079263752,9.598496,0.8856468,1.6707608
1500079263815,9.684668,1.1728836,1.6994845
1500079263879,9.531475,1.0962871,1.6899099
1500079263943,9.263388,0.99096704,1.709059
1500079264006,9.225089,1.2877784,1.4122477
1500079264070,9.579348,1.4122477,1.9962958
1500079264134,9.943181,1.2590547,2.360129
1500079264198,9.770839,1.1154363,2.561195
1500079264261,9.339984,0.9526688,2.6760898
1500079264325,9.225089,0.9718179,2.7622607
1500079264389,9.397431,1.0196906,2.8101335
1500079264452,9.655944,1.2016073,2.6090677
1500079264516,9.85701,1.2207564,2.4175766
1500079264580,9.818711,1.0962871,1.9771467
1500079264644,9.818711,1.0867126,1.5558661
1500079264707,9.675094,1.3452257,1.4984187
1500079264771,9.54105,1.9101248,1.6707608
1500079264835,9.349558,1.8431029,1.6803354
1500079264898,9.569773,2.0728924,1.2111819
1500079264962,9.665519,2.0441687,0.8952214
1500079265026,9.41658,1.8718265,0.751603
1500079265090,9.0814705,1.8909757,0.665432
1500079265153,8.6697645,2.1399143,0.8664977
1500079265217,8.918703,2.6282167,0.77075213
1500079265282,9.052747,2.972901,0.9526688
1500079265344,9.100619,3.1356685,0.78032666
1500079265409,9.119769,2.9633265,0.8856468
1500079265472,9.119769,2.6282167,1.0675635
1500079265536,9.253813,2.3122563,1.2494801
1500079265599,9.62722,2.1207652,1.1920328
1500079265663,9.98148,1.9867213,1.3165021
1500079265727,10.172971,1.5654407,1.0962871
1500079265790,10.058076,1.1058618,1.2303311
1500079265854,9.818711,1.2016073,0.98139244
1500079265918,9.799562,1.3452257,0.6558574
1500079265982,9.7899885,1.5941644,0.5792609
1500079266045,9.569773,1.79523,0.8473486
1500079266109,9.359133,1.8526775,1.2303311
1500079266173,9.397431,1.9196993,1.5845897
1500079266236,9.330409,2.0537431,1.7569319
1500079266300,9.2825365,2.254809,1.5845897
1500079266364,9.464453,2.1303396,1.5367169
1500079266428,9.560199,1.8814012,1.5558661
1500079266491,9.474028,1.7665064,1.6611862
1500079266555,9.54105,1.5558661,1.3452257
1500079266619,9.722966,1.4792696,1.2782038
1500079266682,9.952756,1.4792696,0.9622433
1500079266746,9.684668,1.4409714,0.8473486
1500079266810,9.493176,1.4601204,0.7994758
1500079266873,9.636795,1.5367169,0.8473486
1500079266937,9.598496,1.6803354,0.71330476
1500079267001,9.569773,1.6133134,0.7420284
1500079267065,9.924032,1.709059,1.1728836
1500079267128,9.7899885,1.4505459,1.3452257
1500079267192,9.608071,1.5750152,1.0867126
1500079267265,9.445304,1.6611862,1.0579889
1500079267320,9.464453,1.6899099,1.1633091
1500079267383,9.474028,1.8718265,1.2303311
1500079267447,9.569773,1.8909757,1.3069274
1500079267511,9.64637,1.8239537,1.4409714
1500079267574,9.454879,1.776081,1.469695
1500079267638,9.464453,1.7377827,1.0484143
1500079267702,9.684668,1.6803354,0.6750065
1500079267765,9.703817,1.5845897,0.6558574
1500079267829,9.349558,1.4888442,0.7228793
1500079267893,9.407005,1.622888,0.69415563
1500079267957,9.924032,1.7665064,1.1824582
1500079268020,9.847435,1.3930986,1.3930986
1500079268084,9.64637,1.4409714,1.2877784
1500079268148,9.655944,1.5271424,1.1633091
1500079268212,9.579348,1.4218222,1.2399056
1500079268275,9.550624,1.622888,1.2973529
1500079268339,9.761265,1.622888,1.2686293
1500079268403,9.703817,1.4409714,1.3452257
1500079268466,9.483603,1.3930986,1.2686293
1500079268530,9.64637,1.4218222,1.1058618
1500079268594,9.62722,1.2016073,1.0675635
1500079268658,9.54105,1.469695,1.1537346
1500079268721,9.665519,1.4026731,1.2399056
1500079268785,9.780414,1.4505459,0.9622433
1500079268849,9.904882,1.4505459,0.9430942
1500079268912,9.780414,1.2111819,1.4409714
1500079268976,9.397431,1.2973529,1.4792696
1500079269040,9.253813,1.6994845,1.1633091
1500079269103,9.330409,1.6707608,1.0484143
1500079269167,9.770839,1.6133134,1.5367169
1500079269231,9.770839,1.5079932,1.8048047
1500079269295,9.617646,1.383524,1.6707608
1500079269358,9.6942425,1.3069274,1.8335283
1500079269422,9.54105,1.3069274,1.7377827
1500079269486,9.349558,1.5558661,1.2303311
1500079269549,9.464453,1.5845897,0.8760723
1500079269613,9.5889225,1.5654407,0.90479594
1500079269677,9.847435,1.3452257,1.0101161
1500079269741,9.75169,1.3739494,0.83777404
1500079269805,9.617646,1.383524,0.9526688
1500079269868,9.550624,1.3452257,1.1633091
1500079269932,9.62722,1.3165021,1.5941644
1500079269995,9.636795,1.3548003,1.622888
1500079270059,9.722966,1.3739494,1.5462915
1500079270123,9.636795,1.3452257,1.3643749
1500079270187,9.675094,1.1728836,1.4122477
1500079270250,9.62722,1.3260766,1.3739494
1500079270314,9.550624,1.4888442,1.4984187
1500079270378,9.550624,1.5175679,1.7569319
1500079270441,9.64637,1.4218222,1.709059
1500079270505,9.636795,1.4026731,1.3069274
1500079270569,9.617646,1.2303311,1.0101161
1500079270633,9.531475,1.1728836,1.0771381
1500079270696,9.62722,1.3260766,1.1920328
1500079270760,9.732541,1.4792696,1.0867126
1500079270824,9.617646,1.3452257,1.1824582
1500079270887,9.665519,1.1920328,1.1537346
1500079270951,9.569773,1.3452257,1.3356512
1500079271015,9.636795,1.5079932,1.3548003
1500079271079,9.608071,1.4601204,1.5175679
1500079271142,9.54105,1.2303311,1.4888442
1500079271206,9.75169,1.2303311,1.3930986
1500079271270,9.675094,1.1633091,1.3260766
1500079271333,9.684668,1.2016073,1.4505459
1500079271397,9.703817,1.1824582,1.622888
1500079271461,9.675094,1.2303311,1.6611862
1500079271525,9.675094,1.383524,1.4601204
1500079271588,9.655944,1.1728836,1.2494801
1500079271652,9.560199,1.2494801,1.0101161
1500079271716,9.64637,1.1633091,0.91437054
1500079271779,9.684668,1.2494801,0.8664977
1500079271843,9.675094,1.2782038,0.9526688
1500079271907,9.75169,1.3643749,1.0867126
1500079271971,9.665519,1.2111819,1.2303311
1500079272034,9.579348,1.4026731,1.0962871
1500079272098,9.579348,1.4888442,1.2973529
1500079272162,9.617646,1.2686293,1.5271424
1500079272225,9.569773,1.4026731,1.5558661
1500079272289,9.5889225,1.4888442,1.5271424
1500079272353,9.608071,1.4218222,1.6037389
1500079272416,9.713391,1.383524,1.4218222
1500079272480,9.713391,1.2399056,1.0675635
1500079272544,9.847435,1.0962871,0.78990126
1500079272608,9.531475,1.0675635,1.0005416
1500079272671,9.502751,1.2494801,1.1058618
1500079272735,9.636795,1.5271424,1.1633091
1500079272799,9.5219,1.5079932,1.0101161
1500079272862,9.560199,1.2494801,1.383524
1500079272926,9.6942425,1.1345854,1.862252
1500079272990,9.608071,1.3260766,1.776081
1500079273054,9.722966,1.3260766,1.7856555
1500079273117,9.5219,1.0101161,1.9675722
1500079273181,9.397431,1.0962871,1.9101248
1500079273245,9.665519,1.2016073,1.929274
1500079273309,9.742115,1.0771381,2.2835326
1500079273372,9.598496,1.2111819,1.9579976
1500079273436,9.655944,1.1058618,1.2016073
1500079273500,9.64637,1.0484143,1.1058618
1500079273563,9.407005,1.0771381,1.4026731
1500079273627,9.435729,1.3260766,1.4888442
1500079273691,9.722966,1.4313968,1.5271424
1500079273755,9.665519,1.469695,1.2494801
1500079273818,9.598496,1.3069274,1.2399056
1500079273882,9.512326,1.1058618,1.4601204
1500079273946,9.6942425,1.4218222,1.5462915
1500079274009,9.713391,1.469695,1.7569319
1500079274073,9.64637,1.1920328,1.8718265
1500079274137,9.426155,1.1154363,1.8526775
1500079274201,9.780414,1.2399056,1.9771467
1500079274264,9.5889225,1.1633091,1.862252
1500079274328,9.5219,1.2973529,1.5654407
1500079274392,9.550624,1.3739494,1.2399056
1500079274455,9.5889225,1.5271424,0.9526688
1500079274519,9.665519,1.4792696,1.0867126
1500079274583,9.560199,1.3452257,1.1824582
1500079274646,9.397431,1.3452257,1.1633091
1500079274710,9.407005,1.5271424,1.1345854
1500079274774,9.665519,1.5367169,1.6994845
1500079274838,9.608071,1.5654407,2.0058703
1500079274901,9.608071,1.4218222,1.929274
1500079274966,9.732541,1.383524,1.8335283
1500079275030,9.636795,1.0962871,1.79523
1500079275101,9.41658,1.1058618,1.776081
1500079275156,9.560199,1.469695,1.709059
1500079275220,9.770839,1.5079932,1.8048047
1500079275284,9.502751,1.3930986,1.8718265
1500079275347,9.445304,1.3739494,1.7569319
1500079275411,9.454879,1.383524,1.5175679
1500079275476,9.512326,1.4026731,1.3452257
1500079275538,9.64637,1.3548003,1.1920328
1500079275602,9.761265,1.2494801,1.2686293
1500079275666,9.64637,1.2399056,1.2877784
1500079275730,9.3878565,1.1728836,1.3548003
1500079275793,9.349558,1.2782038,1.622888
1500079275857,9.62722,1.5079932,1.8335283
1500079275921,9.809137,1.4313968,1.7856555
1500079275984,9.761265,1.2111819,1.7377827
1500079276048,9.6942425,1.0196906,1.5654407
1500079276112,9.617646,0.9526688,1.4409714
1500079276176,9.483603,1.1633091,1.383524
1500079276239,9.349558,1.2686293,1.3739494
1500079276303,9.397431,1.2782038,1.5079932
1500079276367,9.579348,1.2399056,1.7282082
1500079276430,9.75169,1.0771381,1.709059
1500079276494,9.876159,1.1250108,1.6324625
1500079276558,9.684668,1.0005416,1.5750152
1500079276622,10.0868,0.98139244,1.6803354
1500079276685,10.575102,1.0484143,1.9579976
1500079276749,11.063405,0.99096704,2.0537431
1500079276813,9.675094,0.9718179,1.8239537
1500079276876,7.396348,1.1824582,1.4601204
1500079276940,7.6452866,1.2782038,1.5367169
1500079277004,8.861256,1.5367169,1.8526775
1500079277068,9.31126,1.4409714,2.0250196
1500079277131,9.215514,0.751603,2.168638
1500079277195,9.675094,0.92394507,1.79523
1500079277259,10.29744,1.3356512,1.8143792
1500079277322,10.488931,1.2782038,1.9196993
1500079277386,10.115523,0.98139244,2.2356598
1500079277450,9.6942425,0.751603,2.0728924
1500079277513,9.378282,0.8090504,2.0441687
1500079277577,9.244238,0.8281995,1.9867213
1500079277641,9.31126,1.0101161,1.8718265
1500079277705,9.5219,1.3739494,1.79523
1500079277768,9.598496,1.2111819,1.862252
1500079277832,9.579348,0.9718179,1.8239537
1500079277896,9.5889225,0.8664977,1.862252
1500079277959,9.761265,0.8760723,1.7856555
1500079278023,9.818711,0.7994758,1.8335283
1500079278087,9.435729,0.61755913,1.8814012
1500079278150,9.301685,0.61755913,1.8239537
1500079278214,9.550624,0.83777404,1.8909757
1500079278278,9.64637,0.8952214,1.8718265
1500079278342,9.952756,1.0196906,1.9005502
1500079278405,10.144247,0.8952214,2.1782124
1500079278469,10.642124,0.91437054,2.1590633
1500079278533,10.546378,0.98139244,2.0824668
1500079278597,9.7899885,1.0388398,1.6803354
1500079278660,8.746361,0.63670826,1.5845897
1500079278724,8.23891,0.26330042,1.6707608
1500079278788,8.401677,0.3877697,1.5558661
1500079278851,8.937852,0.77075213,1.6133134
1500079278915,8.9761505,0.5218136,1.7282082
1500079278979,8.832532,0.56011176,1.6611862
1500079279042,9.85701,0.9718179,1.8335283
1500079279106,10.986808,1.4313968,2.1590633
1500079279170,10.555953,1.5845897,2.187787
1500079279234,9.608071,0.70373017,2.149489
1500079279297,9.359133,0.2920241,1.929274
1500079279361,9.54105,0.6845811,1.948423
1500079279425,9.5889225,0.90479594,1.862252
1500079279488,9.5889225,0.8090504,1.9675722
1500079279552,9.493176,0.8760723,2.0633178
1500079279616,9.493176,0.71330476,1.9771467
1500079279680,9.550624,0.6845811,2.2452345
1500079279743,9.5889225,0.5505372,2.2356598
1500079279807,9.703817,0.61755913,2.0633178
1500079279871,9.665519,0.61755913,1.9962958
1500079279935,9.339984,0.5505372,1.9196993
1500079279998,9.407005,0.5505372,1.8526775
1500079280063,9.655944,0.5888355,1.79523
1500079280126,9.713391,0.61755913,1.8814012
1500079280190,9.761265,0.42606795,2.0058703
1500079280253,9.770839,0.33032233,2.1590633
1500079280317,10.211268,0.3111732,2.2931073
1500079280380,10.680422,0.5313881,2.3888528
1500079280444,10.383611,0.8856468,2.2356598
1500079280508,9.904882,1.1824582,2.0728924
1500079280572,8.928278,1.1920328,1.7377827
1500079280635,7.999545,0.5505372,1.7377827
1500079280699,7.8846507,-0.47394073,1.5462915
1500079280763,8.813383,-0.5218136,1.948423
1500079280826,9.5889225,-0.11968201,2.168638
1500079280890,9.043172,-0.05266008,1.776081
1500079280954,9.272962,0.42606795,1.5271424
1500079281018,9.608071,1.0867126,1.6324625
1500079281081,11.015532,1.3739494,2.2739582
1500079281145,10.709146,1.0484143,2.4845984
1500079281209,9.876159,0.0718092,2.3026817
1500079281272,9.531475,-0.14840569,2.1590633
1500079281336,9.426155,0.22500217,2.1111906
1500079281400,9.244238,0.6271337,2.2165108
1500079281464,9.330409,0.6558574,2.2165108
1500079281527,9.579348,0.7228793,2.2739582
1500079281591,9.445304,0.64628285,2.2931073
1500079281655,9.454879,0.56011176,2.360129
1500079281718,9.617646,0.6079846,2.3888528
1500079281782,9.579348,0.6750065,2.2739582
1500079281846,9.483603,0.751603,2.0058703
1500079281910,9.464453,0.6079846,1.6899099
1500079281973,9.5219,0.63670826,1.5654407
1500079282037,9.675094,0.56968635,1.4313968
1500079282101,9.904882,0.4835153,1.3930986
1500079282165,10.278291,0.42606795,1.469695
1500079282228,10.460207,0.36862057,1.709059
1500079282292,10.565528,0.61755913,1.9771467
1500079282356,10.5080805,0.8473486,1.9005502
1500079282419,9.876159,0.7994758,1.6611862
1500079282483,9.024023,0.7994758,1.5175679
1500079282547,8.2676325,0.7420284,1.4218222
1500079282610,7.721883,0.2920241,1.3643749
1500079282674,8.143164,0.23457673,1.3069274
1500079282738,8.899554,0.3398969,1.383524
1500079282802,9.62722,0.6271337,1.5654407
1500079282865,10.498506,0.92394507,1.6707608
1500079282929,10.709146,1.0867126,1.948423
1500079282993,10.383611,0.7420284,2.0250196
1500079283056,9.837861,0.36862057,2.0537431
1500079283120,9.684668,0.54096264,2.034594
1500079283184,9.62722,0.69415563,1.9771467
1500079283248,9.502751,0.69415563,1.9005502
1500079283312,9.54105,0.7420284,1.9196993
1500079283375,9.5219,0.6271337,1.9771467
1500079283439,9.54105,0.5888355,1.9388485
1500079283503,9.474028,0.49308985,2.0537431
1500079283566,9.608071,0.49308985,2.1590633
1500079283630,9.75169,0.5313881,2.2452345
1500079283694,9.655944,0.37819514,2.3122563
1500079283757,9.636795,0.23457673,2.408002
1500079283821,9.732541,0.20585304,2.3314054
1500079283885,9.636795,0.19627848,2.3314054
1500079283948,9.301685,0.27287498,2.149489
1500079284012,9.339984,0.33032233,2.015445
1500079284076,9.512326,0.40691882,1.9675722
1500079284139,9.75169,0.49308985,2.0920415
1500079284203,9.96233,0.64628285,2.1782124
1500079284267,10.536804,0.56011176,2.3792782
1500079284331,10.862339,0.56968635,2.494173
1500079284394,10.0868,0.6845811,2.2260852
1500079284458,9.569773,0.3111732,2.2835326
1500079284522,9.043172,0.30159867,2.4845984
1500079284585,8.1623125,0.44521707,2.2931073
1500079284649,7.769756,0.20585304,1.9675722
1500079284713,8.277207,0.13883112,2.1590633
1500079284777,8.698488,0.49308985,2.1207652
1500079284840,9.330409,0.69415563,2.1303396
1500079284904,9.598496,0.5313881,2.7718353
1500079284968,9.531475,0.8186249,2.494173
1500079285031,9.75169,1.2016073,2.7622607
