1500080374036,8.784659,-4.275041,-0.7228793
1500080374100,9.31126,-4.696322,-0.70373017
1500080374164,9.091045,-3.8729098,-0.34947145
1500080374228,9.18679,-2.7431116,-1.0771381
1500080374291,9.272962,-2.408002,-2.168638
1500080374354,9.014449,-1.8048047,-1.0005416
1500080374418,8.631466,-1.9196993,1.0771381
1500080374482,8.305931,-2.5994933,2.800559
1500080374546,8.133589,-2.2356598,4.1122737
1500080374609,7.702734,-1.7569319,4.7920675
1500080374673,7.12826,-2.0250196,4.198445
1500080374737,5.2420716,-2.7048132,3.5473747
1500080374800,0.50266445,-2.733537,4.935686
1500080374864,-3.8154624,1.5367169,6.5537868
1500080374928,1.7282082,7.0803876,5.1271772
1500080374992,-1.709059,6.323997,5.759098
1500080375056,-6.4963393,4.5239797,5.261221
1500080375119,-7.9803963,5.0122824,2.7048132
1500080375183,-9.5219,2.9920502,2.6377914
1500080375246,-12.001712,4.2175937,2.6377914
1500080375310,-11.9346895,4.954835,0.5888355
1500080375374,-11.59958,4.8973875,1.6611862
1500080375438,-11.972988,4.389936,1.5079932
1500080375501,-12.154904,4.1792955,2.4463003
1500080375565,-10.239992,5.079304,3.1069448
1500080375629,-10.249567,4.619725,1.8048047
1500080375692,-8.9761505,2.2835326,0.6558574
1500080375756,-9.550624,1.4313968,-0.32074776
1500080375820,-11.034681,1.7569319,-2.5228968
1500080375883,-10.211268,2.1303396,-0.47394073
1500080375947,-9.3878565,1.6707608,0.64628285
1500080376011,-9.866585,2.2835326,-0.13883112
1500080376075,-10.345312,1.6611862,1.2973529
1500080376138,-9.85701,0.05266008,0.00478728
1500080376202,-8.813383,1.4313968,-0.4356425
1500080376266,-9.54105,2.3314054,0.78990126
1500080376329,-11.044255,0.46436617,0.5505372
1500080376393,-9.952756,1.2303311,0.359046
1500080376457,-8.995299,0.6271337,-0.56968635
1500080376521,-9.148493,0.5505372,-0.3111732
1500080376584,-10.105948,1.1250108,0.25372586
1500080376648,-9.876159,0.8952214,0.34947145
1500080376712,-9.550624,0.59841,0.30159867
1500080376775,-10.077225,0.71330476,0.42606795
1500080376839,-9.014449,1.5941644,0.043085523
1500080376903,-8.44955,1.5271424,-0.6845811
1500080376967,-10.163396,0.8281995,0.32074776
1500080377030,-9.876159,1.4122477,0.69415563
1500080377094,-9.617646,1.8048047,0.28244954
1500080377158,-9.330409,0.7420284,-0.3111732
1500080377222,-9.608071,0.76117754,1.2016073
1500080377285,-8.803808,0.6845811,1.0867126
1500080377349,-10.230418,2.5899186,0.081383765
1500080377414,-9.474028,1.4026731,0.110107444
1500080377476,-9.885734,0.8186249,0.19627848
1500080377541,-9.933606,0.4835153,0.30159867
1500080377604,-9.780414,0.6558574,0.19627848
1500080377668,-9.818711,0.59841,0.22500217
1500080377731,-9.675094,0.6271337,0.12925656
1500080377795,-9.742115,0.85692316,0.03351096
1500080377860,-10.125097,0.8856468,0.28244954
1500080377924,-10.038927,0.8090504,0.28244954
1500080377986,-9.722966,0.56968635,0.00478728
1500080378050,-9.31126,0.4164934,-0.359046
1500080378114,-9.330409,0.50266445,-0.6079846
1500080378177,-9.7899885,1.4313968,0.49308985
1500080378241,-9.617646,0.8473486,0.40691882
1500080378305,-9.31126,0.5218136,-0.3111732
1500080378368,-9.41658,0.90479594,0.4164934
1500080378432,-9.31126,1.0867126,1.3356512
1500080378496,-9.263388,1.2686293,1.1345854
1500080378559,-9.62722,0.751603,2.0441687
1500080378624,-9.359133,0.98139244,0.7420284
1500080378687,-9.7899885,1.1154363,0.85692316
1500080378751,-9.20594,1.4218222,0.42606795
1500080378814,-9.445304,0.062234644,0.2154276
1500080378878,-9.924032,0.751603,1.79523
1500080378942,-9.330409,1.2782038,0.4164934
1500080379006,-9.684668,0.85692316,0.8760723
1500080379069,-9.177217,1.2111819,0.14840569
1500080379133,-9.359133,0.30159867,0.63670826
1500080379197,-10.393186,1.6611862,2.9537518
1500080379260,-9.636795,1.0292653,1.2973529
1500080379325,-9.18679,0.59841,-0.23457673
1500080379389,-9.368708,1.4409714,0.59841
1500080379451,-9.3878565,1.469695,0.83777404
1500080379515,-9.675094,1.383524,1.1154363
1500080379579,-9.684668,1.2207564,0.8856468
1500080379642,-9.445304,1.4218222,0.6845811
1500080379706,-9.512326,1.6133134,0.4164934
1500080379770,-9.483603,1.4122477,0.19627848
1500080379834,-9.655944,1.469695,0.39734426
1500080379897,-9.598496,1.5750152,0.2920241
1500080379961,-9.435729,1.6037389,0.14840569
1500080380025,-9.5889225,1.1345854,-0.09095833
1500080380088,-9.6942425,1.2303311,0.34947145
1500080380152,-9.722966,0.8473486,0.25372586
1500080380216,-9.598496,1.0484143,0.359046
1500080380279,-9.617646,0.98139244,0.27287498
1500080380343,-9.397431,1.4505459,-0.00478728
1500080380407,-9.608071,1.0675635,0.37819514
1500080380471,-9.636795,1.709059,0.8760723
1500080380534,-9.474028,1.1250108,0.665432
1500080380598,-9.502751,1.383524,0.8856468
1500080380662,-9.493176,1.709059,1.1058618
1500080380726,-9.435729,1.948423,1.1824582
1500080380789,-9.320834,1.862252,1.2303311
1500080380853,-9.5889225,1.8526775,1.8526775
1500080380916,-9.41658,1.2111819,1.5558661
1500080380980,-9.110194,1.2494801,1.2016073
1500080381044,-9.474028,1.8814012,2.3697038
1500080381108,-9.071896,1.5462915,1.6707608
1500080381171,-9.110194,1.8048047,2.034594
1500080381235,-8.727212,2.254809,2.4175766
1500080381299,-9.330409,1.6994845,2.6569405
1500080381362,-9.263388,1.5462915,2.9441774
1500080381426,-9.0814705,2.408002,3.0303483
1500080381490,-8.995299,1.4601204,2.666515
1500080381553,-8.478273,0.78032666,2.8292825
1500080381617,-9.052747,1.6611862,4.0069537
1500080381681,-8.248484,1.6707608,3.2409887
1500080381745,-8.947427,1.2303311,3.212265
1500080381808,-9.062322,1.7186337,4.0261025
1500080381872,-9.474028,2.9441774,2.408002
1500080381936,-9.320834,1.2111819,0.4164934
1500080381999,-10.06765,0.70373017,0.91437054
1500080382063,-10.699572,-1.2973529,0.512239
1500080382127,-10.125097,1.4313968,1.4026731
1500080382191,-8.650616,-1.8814012,2.34098
1500080382254,-7.9899707,-8.851681,-2.6856642
1500080382318,-7.7984796,-8.746361,4.342063
1500080382382,-10.488931,-3.1452432,-1.2782038
1500080382446,-9.349558,0.7994758,0.23457673
1500080382509,-9.110194,2.149489,0.062234644
1500080382573,-9.761265,0.98139244,1.1250108
1500080382636,-9.608071,0.19627848,1.2494801
1500080382700,-9.569773,0.9718179,1.1345854
1500080382764,-9.339984,1.6899099,1.1154363
1500080382827,-9.569773,1.2016073,1.3165021
1500080382891,-9.454879,0.77075213,1.4218222
1500080382955,-9.474028,1.14416,1.1920328
1500080383018,-9.703817,0.9622433,0.61755913
1500080383082,-9.349558,1.9388485,0.78032666
1500080383146,-9.464453,1.2590547,1.6324625
1500080383210,-9.272962,1.5271424,1.0484143
1500080383273,-10.010203,0.18670394,0.5218136
1500080383337,-9.474028,1.1920328,0.16755481
1500080383401,-9.64637,0.54096264,0.85692316
1500080383464,-9.560199,1.3165021,0.9718179
1500080383528,-9.502751,1.2590547,0.78990126
1500080383592,-9.5889225,0.99096704,0.70373017
1500080383656,-9.445304,0.64628285,0.9430942
1500080383719,-9.502751,1.2686293,1.4218222
1500080383783,-9.579348,1.4601204,0.9622433
1500080383847,-9.349558,1.4505459,1.4888442
1500080383910,-9.407005,1.3165021,1.4792696
1500080383974,-9.531475,1.6324625,0.8760723
1500080384038,-9.569773,0.56011176,1.1345854
1500080384101,-9.454879,1.4313968,1.2303311
1500080384165,-9.359133,1.3165021,1.3260766
1500080384229,-9.54105,1.0579889,1.3260766
1500080384293,-9.3878565,1.14416,1.383524
1500080384357,-9.330409,1.0196906,1.4792696
1500080384421,-9.64637,1.0484143,0.78990126
1500080384484,-9.531475,1.2973529,0.6845811
1500080384547,-9.5219,1.3643749,0.98139244
1500080384611,-9.54105,1.4122477,0.83777404
1500080384675,-9.531475,1.1345854,0.76117754
1500080384738,-9.5889225,1.3356512,0.8186249
1500080384802,-9.464453,2.034594,0.6271337
1500080384866,-9.368708,2.0633178,0.83777404
1500080384930,-9.464453,1.4601204,0.99096704
1500080384993,-9.502751,1.1920328,1.0867126
1500080385057,-9.493176,1.2111819,1.1345854
1500080385121,-9.493176,1.14416,1.0005416
1500080385185,-9.493176,1.3260766,0.8952214
1500080385248,-9.54105,1.2782038,0.8473486
1500080385312,-9.531475,1.0579889,0.76117754
1500080385376,-9.608071,0.9718179,0.59841
1500080385439,-9.64637,0.71330476,0.4835153
1500080385503,-9.655944,0.05266008,0.3111732
1500080385567,-9.713391,-0.28244954,0.062234644
1500080385630,-9.722966,0.4356425,0.34947145
1500080385694,-9.75169,0.42606795,0.0
1500080385758,-10.364462,1.1728836,-0.70373017
1500080385821,-9.598496,1.2016073,0.14840569
1500080385885,-9.876159,-1.8909757,0.37819514
1500080385949,-8.047418,10.651698,6.438892
1500080386013,-12.126181,0.359046,-1.0484143
1500080386076,-9.196365,1.6707608,0.8952214
1500080386140,-8.296356,0.25372586,0.03351096
1500080386204,-8.7750845,-0.4835153,-1.9867213
1500080386267,-9.339984,2.254809,1.3739494
1500080386331,-9.158067,2.408002,1.2303311
1500080386395,-8.11444,3.9686553,-1.0388398
1500080386458,-9.85701,0.3877697,1.4026731
1500080386522,-10.536804,0.56968635,1.4218222
1500080386586,-9.31126,3.1165195,1.2111819
1500080386650,-9.253813,2.2835326,0.5218136
1500080386713,-9.435729,1.7569319,0.98139244
1500080386777,-9.31126,1.79523,0.8473486
1500080386841,-9.368708,1.7377827,0.61755913
1500080386904,-9.722966,1.5462915,1.2686293
1500080386968,-9.502751,1.929274,1.1537346
1500080387032,-9.62722,1.8814012,0.70373017
1500080387096,-9.091045,1.9771467,0.081383765
1500080387159,-9.359133,2.6090677,0.5218136
1500080387223,-9.933606,2.187787,0.09095833
1500080387287,-10.546378,1.2590547,-0.7994758
1500080387351,-8.822957,1.3452257,0.64628285
1500080387414,-8.124015,1.8239537,1.776081
1500080387479,-9.177217,0.8856468,2.494173
1500080387542,-11.111278,1.3643749,1.1250108
1500080387605,-10.105948,0.8760723,-0.5505372
1500080387669,-9.301685,2.101616,-0.5313881
1500080387732,-8.401677,1.8718265,-0.5218136
1500080387796,-8.612317,0.9526688,-0.7994758
1500080387861,-9.6942425,1.1633091,-1.2303311
1500080387924,-9.742115,3.8920588,-0.5218136
1500080387989,-9.2825365,2.2643836,-0.91437054
1500080388051,-9.368708,1.2207564,-1.3356512
1500080388115,-8.401677,2.7814097,-2.6377914
1500080388179,-8.152739,4.0356774,8.066567
1500080388242,-8.746361,-2.8771553,-3.1548176
1500080388306,-11.522984,0.61755913,-3.4612036
1500080388370,-12.5474615,6.544212,2.867581
1500080388433,-9.512326,1.14416,-0.92394507
1500080388497,-8.899554,1.5654407,0.36862057
1500080388561,-9.655944,0.4164934,1.2303311
1500080388624,-9.177217,1.1824582,0.71330476
1500080388688,-10.594251,-0.05266008,-1.709059
1500080388752,-9.330409,0.5505372,0.512239
1500080388816,-9.866585,-1.6133134,0.5313881
1500080388879,-9.560199,-0.98139244,0.7324539
1500080388943,-9.3878565,0.37819514,0.69415563
1500080389007,-9.847435,-0.78990126,0.2441513
1500080389070,-9.62722,-0.69415563,0.56968635
1500080389134,-9.569773,-0.5792609,0.665432
1500080389198,-9.569773,-0.59841,0.59841
1500080389261,-9.703817,-1.9771467,0.46436617
1500080389325,-9.62722,-0.5888355,0.45479164
1500080389389,-9.62722,-1.0771381,0.46436617
1500080389453,-9.617646,-0.110107444,0.5313881
1500080389516,-9.569773,-0.70373017,0.7994758
1500080389581,-9.5889225,-0.5313881,0.751603
1500080389644,-9.636795,-0.8090504,0.6079846
1500080389707,-9.6942425,-0.92394507,0.751603
1500080389771,-9.426155,0.00478728,0.9526688
1500080389835,-9.636795,-0.062234644,0.69415563
1500080389899,-9.675094,-0.54096264,0.5792609
1500080389962,-9.636795,-0.16755481,0.6750065
1500080390026,-9.62722,-0.33032233,0.63670826
1500080390091,-9.675094,-0.40691882,0.59841
1500080390154,-9.780414,-0.19627848,0.6079846
1500080390217,-9.943181,0.34947145,-0.359046
1500080390281,-9.512326,-0.3877697,1.8335283
1500080390344,-9.272962,-1.8239537,2.2739582
1500080390408,-9.3878565,0.17712937,1.776081
1500080390472,-10.6134,0.4835153,1.6133134
1500080390536,-9.148493,-1.5175679,3.4612036
1500080390599,-8.506997,0.014361841,5.347392
1500080390663,-7.3771987,-0.9622433,3.346309
1500080390727,-6.2282515,-0.7324539,2.5420458
1500080390791,-8.095291,-0.4835153,-0.49308985
1500080390854,-15.371957,2.168638,0.78990126
1500080390918,-6.6591067,-0.9430942,2.9154537
1500080390981,-10.058076,0.00478728,2.0633178
1500080391045,-9.234664,-0.50266445,2.2739582
1500080391109,-9.464453,0.46436617,1.8335283
1500080391173,-9.5219,-0.5505372,1.6037389
1500080391236,-9.569773,-0.3111732,1.5558661
1500080391300,-9.445304,0.32074776,1.6516117
1500080391364,-9.435729,0.0718092,1.6420372
1500080391427,-9.560199,-0.023936402,1.622888
1500080391491,-9.5219,-0.03351096,1.5271424
1500080391555,-9.464453,-0.23457673,1.7569319
1500080391619,-9.397431,0.081383765,1.8526775
1500080391682,-9.435729,-0.3877697,1.8431029
1500080391746,-9.426155,-0.27287498,1.776081
1500080391809,-9.445304,-0.2920241,1.6994845
1500080391873,-9.560199,-0.56011176,1.6324625
1500080391937,-9.502751,-0.8664977,1.6516117
1500080392001,-9.454879,-0.76117754,1.7856555
1500080392064,-9.339984,-0.25372586,1.9675722
1500080392128,-9.378282,-1.0388398,2.0441687
1500080392192,-9.339984,-0.70373017,2.0824668
1500080392256,-9.339984,-1.0292653,2.1111906
1500080392320,-9.359133,-0.8281995,2.0920415
1500080392384,-9.359133,-0.6750065,2.0824668
1500080392447,-9.272962,-0.93351966,2.2356598
1500080392510,-9.3878565,-0.4356425,2.0537431
1500080392574,-9.29211,-0.023936402,2.0633178
1500080392638,-9.349558,0.043085523,1.929274
1500080392701,-9.483603,-0.10053288,1.9867213
1500080392765,-9.579348,-1.2686293,1.6420372
1500080392829,-9.560199,-0.11968201,1.6133134
1500080392892,-9.464453,0.3111732,1.4984187
1500080392956,-9.5219,0.19627848,1.7473572
1500080393020,-9.742115,-0.09095833,2.1207652
1500080393084,-9.397431,0.39734426,1.6994845
1500080393147,-9.2825365,0.20585304,0.30159867
1500080393211,-9.598496,0.5888355,1.4984187
1500080393275,-9.435729,0.30159867,1.8143792
1500080393338,-9.445304,0.36862057,1.6037389
1500080393402,-9.512326,0.09095833,1.8718265
1500080393466,-9.407005,0.3111732,1.6420372
1500080393529,-9.512326,-0.05266008,1.7186337
1500080393593,-9.483603,0.17712937,1.5750152
1500080393657,-9.474028,0.13883112,1.6133134
1500080393721,-9.502751,-0.17712937,1.6420372
1500080393784,-9.483603,-0.359046,1.6037389
1500080393848,-9.41658,0.110107444,1.5079932
1500080393912,-9.550624,-0.5888355,1.5941644
1500080393975,-9.64637,-0.46436617,1.4122477
1500080394039,-9.454879,-0.22500217,1.2686293
1500080394103,-9.531475,-0.69415563,1.4409714
1500080394167,-9.598496,-0.28244954,1.4122477
1500080394230,-9.617646,-0.8281995,1.2494801
1500080394294,-9.464453,0.33032233,1.4792696
1500080394358,-9.493176,-0.76117754,1.7473572
1500080394421,-9.454879,-0.40691882,1.5079932
1500080394486,-9.493176,-0.77075213,1.7282082
1500080394550,-9.320834,-0.30159867,1.8048047
1500080394613,-9.339984,-0.9526688,2.034594
1500080394685,-9.378282,-0.90479594,1.862252
1500080394740,-9.397431,-0.9526688,1.8239537
1500080394803,-9.464453,-0.9718179,1.7186337
1500080394867,-9.454879,-0.99096704,1.6707608
1500080394931,-9.454879,-0.7994758,1.6037389
1500080394995,-9.407005,-0.76117754,1.6420372
1500080395058,-9.493176,-0.8090504,1.5462915
1500080395122,-9.464453,-0.14840569,1.4026731
1500080395186,-9.54105,-0.25372586,1.2877784
1500080395249,-9.608071,-0.023936402,1.0867126
1500080395313,-9.62722,0.0718092,0.9526688
1500080395377,-9.531475,-0.10053288,1.0388398
1500080395441,-9.617646,-0.014361841,0.78990126
1500080395504,-9.742115,-0.14840569,0.4356425
1500080395568,-9.732541,0.18670394,0.3111732
1500080395632,-9.62722,0.2441513,0.56968635
1500080395695,-9.579348,0.12925656,0.63670826
1500080395759,-9.655944,-0.11968201,0.77075213
1500080395823,-9.713391,0.23457673,0.6558574
1500080395886,-9.608071,-0.03351096,0.61755913
1500080395950,-9.598496,-0.12925656,0.8856468
1500080396014,-9.5889225,0.16755481,0.8664977
1500080396078,-9.62722,0.110107444,0.71330476
1500080396141,-9.655944,-0.09095833,0.69415563
1500080396205,-9.5889225,0.05266008,0.8090504
1500080396269,-9.617646,-0.12925656,0.8664977
1500080396332,-9.665519,-0.23457673,0.8186249
1500080396396,-9.655944,-0.8856468,0.92394507
1500080396460,-9.5219,0.17712937,0.8473486
1500080396523,-9.62722,-1.1154363,1.0101161
1500080396587,-9.5219,-0.78990126,0.85692316
1500080396651,-9.502751,-1.1154363,1.1537346
1500080396715,-9.474028,-0.8664977,1.2973529
1500080396778,-9.474028,-1.2494801,1.3452257
1500080396842,-9.454879,-1.383524,1.3260766
1500080396906,-9.454879,-1.0771381,1.3356512
1500080396969,-9.445304,-1.2877784,1.2877784
1500080397033,-9.569773,-1.1633091,1.2207564
1500080397097,-9.483603,-1.2207564,1.1633091
1500080397160,-9.598496,-0.7994758,1.0962871
1500080397224,-9.483603,-1.1824582,1.0579889
1500080397289,-9.569773,-0.9622433,1.0292653
1500080397353,-9.550624,-0.9718179,0.9526688
1500080397416,-9.579348,-0.85692316,0.92394507
1500080397480,-9.5889225,-1.0771381,0.8952214
1500080397543,-9.54105,-0.8760723,0.9430942
1500080397607,-9.560199,-0.751603,0.98139244
1500080397670,-9.579348,-0.69415563,0.8281995
1500080397734,-9.62722,-0.92394507,0.77075213
1500080397798,-9.617646,-0.6558574,0.5792609
1500080397861,-9.62722,-0.22500217,0.85692316
1500080397926,-9.598496,-0.6750065,0.83777404
1500080397990,-9.62722,-0.5218136,0.7994758
1500080398054,-9.608071,-0.77075213,0.71330476
1500080398116,-9.560199,-0.46436617,0.59841
1500080398180,-9.62722,-1.0388398,1.0005416
1500080398244,-9.54105,-0.2154276,0.99096704
1500080398307,-9.608071,-1.0005416,0.98139244
1500080398371,-9.5889225,-0.64628285,0.9430942
1500080398435,-9.5889225,-0.83777404,1.0292653
1500080398498,-9.5219,-0.76117754,0.99096704
1500080398562,-9.569773,-0.8760723,0.93351966
1500080398626,-9.5889225,-0.6845811,0.90479594
1500080398689,-9.598496,-0.6845811,0.93351966
1500080398753,-9.5889225,-1.0005416,0.92394507
1500080398817,-9.531475,-0.90479594,0.8952214
1500080398881,-9.579348,-0.98139244,0.8760723
1500080398944,-9.608071,-0.5792609,0.8664977
1500080399008,-9.569773,-0.7324539,0.8090504
1500080399072,-9.579348,-0.42606795,0.751603
1500080399135,-9.550624,-0.2154276,0.77075213
1500080399199,-9.684668,-1.3548003,0.8090504
1500080399263,-9.64637,-0.5313881,0.71330476
1500080399327,-9.569773,0.15798025,0.6750065
1500080399390,-9.675094,-0.8952214,0.5888355
1500080399454,-9.64637,-0.27287498,0.71330476
1500080399518,-9.62722,-0.359046,0.70373017
1500080399582,-9.617646,-0.3111732,0.70373017
1500080399646,-9.617646,-0.3111732,0.7420284
1500080399710,-9.62722,-0.46436617,0.70373017
1500080399781,-9.62722,-0.33032233,0.71330476
1500080399836,-9.617646,-0.23457673,0.77075213
1500080399900,-9.64637,-0.56011176,0.7420284
1500080399964,-9.598496,-0.27287498,0.77075213
1500080400027,-9.5889225,-0.3398969,0.83777404
1500080400091,-9.608071,-0.47394073,0.7994758
1500080400155,-9.617646,-0.44521707,0.8856468
1500080400219,-9.64637,-0.63670826,0.77075213
1500080400282,-9.579348,-0.37819514,0.8186249
1500080400346,-9.617646,-0.2920241,0.7324539
1500080400410,-9.617646,-0.4356425,0.76117754
1500080400473,-9.617646,-0.39734426,0.91437054
1500080400537,-9.598496,-0.3398969,0.7228793
1500080400601,-9.636795,-0.2154276,0.6750065
1500080400664,-9.617646,-0.28244954,0.7324539
1500080400728,-9.62722,-0.30159867,0.7420284
1500080400792,-9.598496,-0.3111732,0.69415563
1500080400855,-9.636795,-0.70373017,0.63670826
1500080400919,-9.655944,-0.33032233,0.5792609
1500080400983,-9.665519,0.14840569,0.4164934
1500080401046,-9.665519,-0.30159867,0.40691882
1500080401110,-9.617646,0.062234644,0.5505372
1500080401174,-9.617646,0.014361841,0.512239
1500080401238,-9.703817,-0.19627848,0.33032233
1500080401301,-9.732541,0.10053288,0.26330042
1500080401365,-9.64637,0.28244954,0.4164934
1500080401429,-9.675094,-0.10053288,0.512239
1500080401492,-9.675094,0.16755481,0.36862057
1500080401556,-9.579348,0.13883112,0.6271337
1500080401620,-9.636795,-0.6271337,0.49308985
1500080401684,-9.684668,-0.71330476,0.5313881
1500080401747,-9.655944,-0.359046,0.5792609
1500080401811,-9.5219,0.023936402,0.7228793
1500080401875,-9.64637,-1.2111819,0.56011176
1500080401938,-9.617646,-0.10053288,0.7324539
1500080402002,-9.54105,-0.14840569,0.92394507
1500080402066,-9.617646,-0.10053288,0.751603
1500080402130,-9.62722,-0.2154276,0.56011176
1500080402193,-9.703817,-0.3877697,0.5888355
1500080402257,-9.598496,0.14840569,0.64628285
1500080402322,-9.655944,-0.40691882,0.63670826
1500080402385,-9.722966,-0.56968635,0.5218136
1500080402449,-9.636795,-0.18670394,0.61755913
1500080402512,-9.617646,-0.45479164,0.6271337
1500080402575,-9.608071,-0.39734426,0.6558574
1500080402639,-9.560199,-0.45479164,0.76117754
1500080402703,-9.598496,-0.7994758,0.8090504
1500080402767,-9.617646,-0.69415563,0.71330476
1500080402830,-9.62722,-0.4164934,0.6845811
1500080402894,-9.617646,-0.54096264,0.6845811
1500080402958,-9.636795,-0.5792609,0.69415563
1500080403021,-9.62722,-0.512239,0.665432
1500080403085,-9.608071,-0.4356425,0.69415563
1500080403149,-9.608071,-0.50266445,0.7228793
1500080403213,-9.598496,-0.34947145,0.6750065
1500080403276,-9.636795,-0.5313881,0.63670826
1500080403340,-9.62722,-0.5792609,0.71330476
1500080403404,-9.598496,-0.11968201,0.6845811
1500080403467,-9.598496,-0.28244954,0.76117754
1500080403531,-9.598496,-0.0718092,0.69415563
1500080403595,-9.636795,-0.11968201,0.50266445
1500080403659,-9.64637,0.110107444,0.28244954
1500080403722,-9.617646,-0.9718179,0.8090504
1500080403786,-9.608071,0.062234644,0.69415563
1500080403850,-9.675094,0.36862057,0.3398969
1500080403913,-9.665519,0.3877697,0.10053288
1500080403977,-9.608071,0.30159867,0.23457673
1500080404041,-9.64637,0.92394507,0.15798025
1500080404105,-9.75169,1.1250108,-0.13883112
1500080404168,-9.560199,1.5558661,-0.081383765
1500080404232,-9.474028,1.4984187,0.10053288
1500080404296,-9.5889225,1.0196906,0.14840569
1500080404359,-9.655944,1.1345854,-0.00478728
1500080404423,-9.608071,1.5654407,-0.12925656
1500080404487,-9.493176,1.4984187,0.014361841
1500080404551,-9.397431,1.709059,0.2154276
1500080404614,-9.655944,2.1207652,-0.20585304
1500080404678,-9.41658,1.9579976,-0.062234644
1500080404742,-9.502751,1.5654407,0.16755481
1500080404805,-9.569773,1.8335283,-0.110107444
1500080404869,-9.732541,1.4026731,-0.22500217
1500080404933,-8.985725,3.1356685,0.26330042
1500080404997,-9.761265,0.92394507,-0.081383765
1500080405060,-9.54105,1.776081,-0.4356425
1500080405124,-9.378282,2.3697038,0.32074776
1500080405188,-8.889979,3.1452432,-1.0101161
1500080405252,-9.512326,2.7909844,-0.12925656
1500080405316,-9.655944,2.034594,-0.13883112
1500080405380,-9.148493,2.8484318,-0.19627848
1500080405443,-9.196365,3.0973704,-0.42606795
1500080405506,-9.110194,2.6090677,-0.78032666
1500080405570,-9.943181,1.709059,0.00478728
1500080405634,-9.837861,2.34098,-0.61755913
1500080405697,-10.345312,4.2558923,-0.39734426
1500080405761,-11.245321,5.462287,1.8814012
1500080405825,-10.900637,4.1601467,4.1409974
1500080405889,-9.31126,-0.85692316,3.346309
1500080405952,-9.96233,-2.3314054,2.4175766
1500080406016,-9.617646,-1.7473572,2.6569405
1500080406080,-6.256975,-2.666515,1.5654407
1500080406143,-7.4250717,-0.91437054,1.3069274
1500080406207,-7.243155,0.5505372,1.0484143
1500080406271,-7.051664,1.6707608,1.5845897
1500080406335,-6.6591067,2.0441687,1.9196993
1500080406398,-7.243155,2.2260852,2.4175766
1500080406462,-8.870831,2.4654493,2.8484318
1500080406526,-9.148493,3.193116,3.4420545
1500080406589,-8.765511,3.451629,3.1835413
1500080406653,-9.253813,3.5760984,5.4718614
1500080406717,-8.784659,2.1111906,4.428234
1500080406781,-9.052747,3.0973704,1.1154363
1500080406844,-10.469782,2.2165108,2.360129
1500080406908,-10.259142,5.146326,7.12826
1500080406972,-9.5219,0.13883112,2.561195
1500080407035,-8.755936,0.5792609,3.4899273
1500080407099,-9.100619,0.54096264,3.126094
1500080407163,-8.889979,0.19627848,3.499502
1500080407226,-9.052747,0.110107444,3.173967
1500080407290,-8.870831,-0.5505372,3.4420545
1500080407354,-8.985725,-0.16755481,3.3175852
1500080407419,-9.091045,-0.33032233,3.0111992
1500080407481,-9.043172,-0.44521707,3.193116
1500080407545,-9.071896,-0.751603,2.972901
1500080407609,-8.832532,-1.5367169,3.3175852
1500080407673,-8.966576,-1.2016073,3.1452432
1500080407736,-9.148493,-0.78990126,2.9250283
1500080407800,-9.167642,-1.1345854,2.6856642
1500080407864,-9.062322,-1.4601204,2.800559
1500080407929,-8.937852,-1.5845897,3.078221
1500080407992,-9.0814705,-1.1728836,2.8963046
1500080408056,-9.110194,-1.4792696,2.6377914
1500080408119,-9.196365,-1.2111819,2.6090677
1500080408182,-9.091045,-1.3260766,2.6282167
1500080408246,-9.177217,-1.2782038,2.494173
1500080408310,-9.272962,-1.2782038,2.3026817
1500080408373,-9.196365,-1.5750152,2.3026817
1500080408437,-9.234664,-1.3643749,2.2835326
1500080408501,-9.225089,-1.3165021,2.34098
1500080408565,-9.29211,-1.3739494,2.0824668
1500080408628,-9.2825365,-1.4409714,2.1207652
1500080408692,-9.20594,-1.4409714,2.2931073
1500080408756,-9.244238,-1.3548003,2.1973617
1500080408819,-9.320834,-1.3165021,1.9675722
1500080408883,-9.349558,-1.3260766,1.8718265
1500080408947,-9.339984,-1.2973529,1.8718265
1500080409011,-9.368708,-1.1154363,1.8718265
1500080409074,-9.3878565,-1.0196906,1.8718265
1500080409138,-9.483603,-0.91437054,1.622888
1500080409202,-9.41658,-1.2686293,1.6133134
1500080409265,-9.320834,-1.4984187,1.862252
1500080409329,-9.31126,-1.6803354,1.8335283
1500080409393,-9.196365,-2.321831,1.8718265
1500080409457,-9.091045,-2.733537,1.8239537
1500080409520,-8.9761505,-2.6760898,2.3122563
1500080409584,-8.631466,-3.1069448,2.9537518
1500080409648,-8.870831,-3.1069448,2.034594
1500080409711,-9.033598,-3.0686467,1.4888442
1500080409776,-8.957002,-3.173967,1.9196993
1500080409840,-9.071896,-2.8580062,2.149489
1500080409904,-8.727212,-3.7388659,1.5271424
1500080409966,-8.679339,-4.284616,0.56011176
1500080410030,-8.995299,-3.5760984,0.4835153
1500080410094,-8.937852,-3.4324799,1.622888
1500080410157,-9.014449,-2.972901,2.0058703
1500080410221,-8.9761505,-3.2026904,1.5175679
1500080410286,-9.024023,-3.1548176,1.3739494
1500080410349,-9.062322,-3.0973704,1.2686293
1500080410421,-9.043172,-3.3558834,1.0579889
1500080410476,-9.052747,-3.2601378,0.9718179
1500080410540,-9.129343,-3.078221,1.0196906
1500080410603,-9.119769,-2.905879,1.1345854
1500080410667,-9.091045,-3.039923,1.2303311
1500080410731,-9.215514,-2.8580062,0.71330476
1500080410794,-9.234664,-2.7431116,0.61755913
1500080410858,-9.234664,-2.8484318,0.6845811
1500080410922,-9.196365,-2.9346027,0.61755913
1500080410986,-9.215514,-2.819708,0.665432
1500080411049,-9.244238,-2.8484318,0.2920241
1500080411113,-9.29211,-2.7431116,0.15798025
1500080411177,-9.263388,-2.8101335,0.13883112
1500080411240,-9.234664,-2.9537518,0.25372586
1500080411304,-9.234664,-2.8388572,0.3398969
1500080411368,-9.244238,-2.88673,0.2441513
1500080411432,-9.234664,-2.8771553,0.37819514
1500080411495,-9.253813,-2.7431116,0.49308985
1500080411559,-9.244238,-2.800559,0.47394073
1500080411623,-9.263388,-2.8292825,0.46436617
1500080411686,-9.263388,-2.733537,0.44521707
1500080411750,-9.244238,-2.7622607,0.5792609
1500080411814,-9.234664,-2.8580062,0.512239
1500080411878,-9.234664,-2.867581,0.5505372
1500080411941,-9.225089,-2.8101335,0.59841
1500080412005,-9.234664,-2.752686,0.71330476
1500080412069,-9.272962,-2.752686,0.63670826
1500080412132,-9.253813,-2.800559,0.6079846
1500080412196,-9.244238,-2.7718353,0.69415563
1500080412260,-9.177217,-2.819708,0.90479594
1500080412324,-9.18679,-2.8771553,0.85692316
1500080412387,-9.244238,-2.8292825,0.64628285
1500080412451,-9.253813,-2.7814097,0.61755913
1500080412515,-9.225089,-2.8484318,0.61755913
1500080412578,-9.225089,-2.9250283,0.5792609
1500080412642,-9.177217,-2.9920502,0.56968635
1500080412706,-9.138918,-3.1165195,0.69415563
1500080412770,-9.138918,-3.0494976,0.7324539
1500080412833,-9.119769,-3.0686467,0.7994758
1500080412897,-9.129343,-3.0686467,0.8186249
1500080412961,-9.138918,-3.059072,0.78990126
1500080413024,-9.148493,-3.0973704,0.7994758
1500080413088,-9.138918,-3.0016246,0.9526688
1500080413152,-9.215514,-2.7048132,0.98139244
1500080413216,-9.215514,-2.7718353,0.9526688
1500080413279,-9.2825365,-2.733537,0.78032666
1500080413343,-9.31126,-2.254809,1.0771381
1500080413407,-9.215514,-2.360129,1.4026731
1500080413470,-9.253813,-2.3505547,1.3260766
1500080413534,-9.31126,-2.3888528,1.0675635
1500080413598,-9.301685,-2.475024,1.0962871
1500080413662,-9.330409,-2.1399143,1.2590547
1500080413725,-9.339984,-1.8718265,1.4218222
1500080413789,-9.359133,-1.9005502,1.4792696
1500080413853,-9.41658,-1.6324625,1.4122477
1500080413916,-9.2825365,-1.3356512,2.0633178
1500080413980,-9.138918,-1.4505459,2.5228968
1500080414044,-9.234664,-1.4984187,2.2739582
1500080414108,-9.29211,-1.383524,2.101616
1500080414171,-9.368708,-1.2494801,1.9101248
1500080414235,-9.253813,-1.2877784,2.2356598
1500080414299,-9.2825365,-1.1345854,2.2165108
1500080414362,-9.330409,-1.2494801,1.9962958
1500080414426,-9.339984,-1.3548003,1.9579976
1500080414490,-9.368708,-1.2686293,1.9101248
1500080414554,-9.29211,-1.3165021,2.1399143
1500080414617,-9.177217,-1.5367169,2.3888528
1500080414681,-9.158067,-1.7569319,2.3792782
1500080414745,-9.110194,-1.3069274,2.7718353
1500080414808,-9.062322,-1.2877784,2.88673
1500080414872,-9.0814705,-1.5367169,2.7718353
1500080414936,-9.110194,-1.3930986,2.7431116
1500080415001,-9.0814705,-1.6324625,2.666515
1500080415063,-9.071896,-1.6420372,2.7431116
1500080415127,-9.052747,-1.8239537,2.6856642
1500080415191,-9.110194,-1.7665064,2.5707695
1500080415255,-9.100619,-1.7665064,2.5994933
1500080415318,-9.043172,-1.9675722,2.6186423
1500080415382,-8.9761505,-1.9771467,2.819708
1500080415446,-8.861256,-1.9388485,3.1548176
1500080415509,-8.861256,-1.7473572,3.2792869
1500080415573,-8.794233,-1.622888,3.4612036
1500080415637,-8.583593,-1.5750152,3.9495063
1500080415700,-8.411251,-1.7282082,4.236743
1500080415764,-8.2676325,-1.5941644,4.6293
1500080415828,-7.999545,-1.4984187,4.9739842
1500080415892,-7.4537954,-2.5420458,5.38569
1500080415955,-7.2144313,-1.7856555,6.0559096
1500080416019,-6.8793216,-1.9962958,6.285699
1500080416083,-6.7069798,-1.8143792,6.5346375
1500080416146,-6.515488,-0.8090504,6.611234
1500080416210,-5.6250544,-1.3643749,7.741032
1500080416274,-4.8973875,-2.561195,7.961247
1500080416338,-5.5101595,-1.3643749,7.702734
1500080416401,-5.0984535,-1.3930986,7.922949
1500080416465,-4.648449,-2.149489,8.23891
1500080416529,-4.428234,-2.2643836,8.143164
1500080416592,-5.328243,-3.1069448,7.204857
1500080416656,-5.0122824,-0.16755481,8.411251
1500080416720,-4.5239797,-2.1399143,7.9708214
1500080416784,-4.610151,-1.4505459,8.210186
1500080416847,-4.4473834,-1.2016073,8.430401
1500080416911,-4.1601467,-1.6803354,8.6697645
1500080416975,-3.193116,-1.8814012,9.024023
1500080417038,-4.3995104,-1.929274,7.8846507
1500080417102,-1.776081,-2.2260852,8.641041
1500080417166,-5.9697385,-0.20585304,8.037844
1500080417229,-6.1899533,0.5888355,8.018694
1500080417293,-3.4420545,-1.8335283,8.880404
1500080417357,-2.752686,-3.4612036,8.34423
1500080417421,-4.581427,-1.948423,8.095291
1500080417485,-5.3569665,-0.6845811,8.085716
1500080417548,-4.0931244,-0.49308985,8.832532
1500080417612,-3.9495063,-1.0101161,8.708063
1500080417676,-4.4090853,-2.7239625,7.693159
1500080417739,-4.7058964,-3.1069448,7.654861
1500080417803,-4.5622783,-1.6611862,8.420826
1500080417867,-3.671844,-2.3888528,8.612317
1500080417930,-4.1122737,-1.1537346,8.717637
1500080417994,-4.08355,-3.451629,7.769756
1500080418058,-4.045252,-1.0388398,8.736787
1500080418122,-3.930357,-1.6707608,8.583593
1500080418185,-4.4473834,-2.3314054,7.9803963
1500080418249,-4.275041,-2.015445,8.315506
1500080418313,-4.2558923,-1.8526775,8.363379
1500080418376,-4.1026993,-2.647366,8.191036
1500080418440,-3.9016335,-2.3792782,8.411251
1500080418504,-4.016528,-2.513322,8.286782
1500080418568,-3.911208,-2.5707695,8.296356
1500080418631,-3.9399316,-2.1111906,8.439975
1500080418695,-3.844186,-2.149489,8.506997
1500080418759,-3.9495063,-2.4463003,8.305931
1500080418822,-3.9495063,-1.9675722,8.497422
1500080418886,-3.8824842,-2.254809,8.411251
1500080418950,-3.9207826,-2.015445,8.478273
1500080419014,-4.0069537,-2.0920415,8.401677
1500080419077,-3.911208,-2.1782124,8.459125
1500080419141,-4.0261025,-2.2069361,8.34423
1500080419205,-3.997379,-2.101616,8.411251
1500080419268,-3.9686553,-2.254809,8.392102
1500080419332,-3.9495063,-2.3026817,8.392102
1500080419396,-3.9016335,-2.1973617,8.430401
1500080419460,-3.911208,-2.2069361,8.420826
1500080419523,-3.9207826,-2.2643836,8.401677
1500080419587,-3.8920588,-2.2739582,8.430401
1500080419651,-3.9399316,-2.3314054,8.363379
1500080419714,-3.930357,-2.408002,8.334655
1500080419778,-3.8729098,-2.2356598,8.439975
1500080419842,-3.8920588,-2.2643836,8.411251
1500080419906,-3.8729098,-2.408002,8.382527
1500080419969,-3.9016335,-2.321831,8.401677
1500080420034,-3.9016335,-2.254809,8.420826
1500080420097,-3.844186,-2.408002,8.401677
1500080420162,-3.8824842,-2.3122563,8.411251
1500080420224,-3.844186,-2.1782124,8.4686985
1500080420289,-3.8633351,-2.2835326,8.430401
1500080420352,-3.7963133,-2.3026817,8.4686985
1500080420416,-3.930357,-2.408002,8.32508
1500080420479,-3.844186,-2.2069361,8.478273
1500080420543,-3.8920588,-2.360129,8.392102
1500080420606,-3.8729098,-2.4367256,8.372953
1500080420670,-3.8537605,-2.3314054,8.420826
1500080420734,-3.8154624,-2.3792782,8.430401
1500080420798,-3.844186,-2.5037475,8.353804
1500080420861,-4.0548263,-2.1590633,8.34423
1500080420925,-3.825037,-2.321831,8.439975
1500080420989,-3.6814184,-1.6324625,8.717637
1500080421053,-3.777164,-1.8431029,8.392102
1500080421116,-4.2271686,-1.4409714,8.5740185
1500080421180,-3.7675896,-1.0196906,8.985725
1500080421244,-3.8537605,-1.9771467,8.286782
1500080421307,-4.4090853,-0.70373017,8.34423
1500080421371,-3.9878044,-0.0718092,8.918703
1500080421435,-2.9441774,-2.101616,8.363379
1500080421498,-4.7250457,0.5505372,7.7123084
1500080421562,-5.567607,1.7665064,9.426155
1500080421626,-2.819708,-1.4888442,8.832532
1500080421690,-3.2409887,-3.5378,8.23891
1500080421753,-3.5090764,-1.5175679,8.765511
1500080421817,-3.3558834,-1.3930986,8.918703
1500080421881,-3.193116,-1.9101248,8.794233
1500080421945,-3.6335456,-2.168638,8.44955
1500080422008,-3.7101421,-1.4026731,8.717637
1500080422072,-3.7197168,-1.4792696,8.6697645
1500080422136,-3.3367343,-2.0537431,8.698488
1500080422199,-3.499502,-1.8814012,8.679339
1500080422263,-3.5856729,-1.9579976,8.650616
1500080422327,-3.6239712,-1.5558661,8.755936
1500080422391,-3.1548176,-2.2739582,8.2676325
1500080422454,-4.466532,-0.4835153,9.359133
1500080422518,-3.9495063,-1.5845897,8.401677
1500080422582,-3.8154624,-0.7994758,8.822957
1500080422645,-5.088879,-1.5462915,8.899554
1500080422709,-4.715471,0.2441513,9.100619
1500080422773,-4.1122737,2.0920415,8.401677
1500080422837,-4.9452605,1.9388485,7.176133
1500080422900,-4.3707867,2.494173,6.458041
1500080422964,-4.581427,5.0601554,6.304848
1500080423028,-4.9452605,-0.45479164,7.6261373
1500080423091,-5.079304,2.513322,9.091045
1500080423155,-5.3186684,1.6899099,7.9899707
1500080423219,-5.0601554,2.1207652,6.9080453
1500080423283,-5.0505805,2.2643836,6.0463347
1500080423346,-5.1271772,2.3026817,5.1271772
1500080423410,-6.7548523,1.622888,12.604909
1500080423474,-3.690993,-2.1111906,10.287866
1500080423537,-5.0601554,-0.5888355,5.8548436
1500080423601,-4.5335546,2.0058703,5.6250544
1500080423665,-3.911208,1.6899099,6.2091026
1500080423729,-5.6154795,1.776081,10.977234
1500080423792,-3.4707782,-2.149489,8.248484
1500080423856,-4.5335546,-0.76117754,8.305931
1500080423920,-3.777164,-1.3739494,8.612317
1500080423983,-3.5952475,-0.59841,8.870831
1500080424047,-3.212265,-0.83777404,8.985725
1500080424111,-2.9250283,-1.7186337,8.928278
1500080424176,-3.1452432,-1.4601204,9.014449
1500080424238,-3.1069448,-1.8431029,8.909128
1500080424302,-3.6622694,-3.3367343,8.00912
1500080424366,-2.9633265,-3.518651,8.353804
1500080424429,-2.9154537,-3.0016246,8.708063
1500080424493,-3.0494976,-2.972901,8.612317
1500080424557,-3.0303483,-4.0931244,8.047418
1500080424621,-2.6282167,-3.7484405,8.459125
1500080424684,-2.561195,-4.1792955,8.2676325
1500080424748,-2.4558747,-3.8154624,8.5740185
1500080424812,-2.6569405,-4.198445,8.200611
1500080424875,-2.513322,-4.5144053,8.085716
1500080424939,-2.5707695,-4.08355,8.334655
1500080425003,-2.494173,-4.2175937,8.286782
1500080425068,-2.513322,-4.1888704,8.2676325
1500080425130,-2.3984275,-4.016528,8.439975
1500080425195,-2.494173,-4.236743,8.21976
1500080425258,-2.4463003,-4.08355,8.34423
1500080425321,-2.3314054,-3.6335456,8.641041
1500080425385,-2.34098,-4.198445,8.315506
1500080425449,-2.34098,-4.0548263,8.382527
1500080425512,-2.2739582,-4.1601467,8.382527
1500080425576,-2.4463003,-3.9878044,8.363379
1500080425640,-2.34098,-3.6526947,8.602742
1500080425704,-2.1590633,-4.3324885,8.334655
1500080425767,-2.3314054,-3.8729098,8.4686985
1500080425831,-2.2165108,-3.9782298,8.506997
1500080425895,-2.2069361,-4.275041,8.334655
1500080425959,-2.2260852,-4.1888704,8.363379
1500080426022,-2.2452345,-4.1409974,8.372953
1500080426086,-2.2260852,-4.0261025,8.44955
1500080426150,-2.1973617,-4.437809,8.277207
1500080426213,-2.101616,-3.9878044,8.516571
1500080426277,-2.1782124,-4.2175937,8.363379
1500080426341,-2.1111906,-4.0261025,8.497422
1500080426405,-2.0824668,-4.2654667,8.392102
1500080426468,-2.1207652,-4.2463174,8.34423
1500080426532,-1.9675722,-4.466532,8.34423
1500080426596,-2.168638,-4.1792955,8.363379
1500080426659,-1.9771467,-4.351638,8.353804
1500080426723,-1.948423,-4.648449,8.21976
1500080426787,-2.015445,-4.476107,8.305931
1500080426851,-2.015445,-4.581427,8.210186
1500080426914,-2.0250196,-4.4186597,8.277207
1500080426978,-2.5037475,-3.8058877,8.55487
1500080427042,-1.4505459,-4.9069624,8.32508
1500080427105,-2.1590633,-5.4048395,7.846352
1500080427169,-2.6090677,-0.15798025,9.866585
1500080427233,-2.7048132,-2.9346027,8.717637
1500080427297,-3.078221,-2.0824668,8.889979
1500080427360,-3.2697124,-2.9633265,8.34423
1500080427424,-3.2792869,-2.5420458,8.602742
1500080427488,-3.604822,-2.7431116,8.21976
1500080427552,-3.212265,-3.7675896,8.621892
1500080427615,-2.6282167,-5.481436,7.5303917
1500080427679,-3.1835413,-3.3750327,8.44955
1500080427743,-3.0303483,-3.173967,8.593168
1500080427806,-3.2218397,-3.212265,8.439975
1500080427870,-3.690993,-2.752686,8.372953
1500080427934,-2.8580062,-2.6952388,9.052747
1500080427997,-4.7537694,-2.5420458,7.4920936
1500080428061,-4.169721,-2.2069361,8.305931
1500080428125,-3.1452432,-4.389936,8.191036
1500080428189,-4.4090853,-1.0962871,8.842107
1500080428252,-4.3707867,-2.1782124,7.9133744
1500080428316,-5.108028,-0.36862057,8.593168
1500080428380,-5.0122824,-2.3505547,7.7601814
1500080428443,-4.5144053,-2.7048132,8.152739
1500080428507,-4.476107,-0.8760723,8.34423
1500080428571,-4.5622783,-1.7569319,9.043172
1500080428635,-3.6814184,-6.639958,7.8272033
1500080428698,-3.5856729,-3.231414,8.11444
1500080428762,-4.4090853,1.5941644,8.832532
1500080428826,-4.275041,-1.6516117,8.171887
1500080428889,-3.7292912,-1.929274,8.229335
1500080428953,-4.2558923,-1.4409714,8.612317
1500080429017,-4.2080193,-2.0537431,8.411251
1500080429081,-4.08355,-2.0537431,8.1623125
1500080429144,-4.389936,-0.8281995,8.650616
1500080429208,-3.4707782,-2.580344,8.430401
1500080429272,-3.2505634,-0.59841,9.253813
1500080429335,-3.1452432,-2.3122563,8.794233
1500080429399,-4.658024,-3.3080106,7.46337
1500080429463,-5.1271772,0.043085523,8.6697645
1500080429527,-2.4845984,-5.1846247,7.9420977
1500080429590,-3.9399316,-1.7186337,8.593168
1500080429654,-3.4420545,-3.4324799,8.2676325
1500080429718,-3.346309,-3.6526947,8.200611
1500080429781,-3.9590807,-3.2409887,8.00912
1500080429845,-3.2984362,-3.1165195,8.459125
1500080429909,-3.1548176,-2.561195,8.717637
1500080429973,-3.2601378,-2.8771553,8.602742
1500080430036,-3.0973704,-3.1452432,8.5740185
1500080430100,-3.3175852,-3.173967,8.439975
1500080430165,-3.7675896,-2.4845984,8.066567
1500080430228,-3.4899273,-1.6037389,9.512326
1500080430292,-2.7048132,-1.3739494,9.177217
1500080430355,-4.4090853,-0.17712937,7.875076
1500080430418,-4.2558923,-1.3452257,7.2240057
1500080430482,-3.1165195,-3.2218397,9.483603
1500080430546,-2.4654493,-1.8143792,9.100619
1500080430610,-3.5569491,-2.2165108,8.2676325
1500080430673,-3.2505634,-2.0058703,8.794233
1500080430737,-3.518651,-2.1207652,8.5740185
1500080430801,-3.231414,-2.0537431,8.784659
1500080430864,-2.7239625,-2.360129,8.880404
1500080430928,-3.3558834,-2.1590633,8.66019
1500080430992,-3.1069448,-2.3792782,8.717637
1500080431056,-3.2409887,-2.254809,8.688913
1500080431119,-3.212265,-2.1207652,8.746361
1500080431183,-3.1643922,-2.408002,8.679339
1500080431247,-3.1165195,-2.1973617,8.784659
1500080431310,-3.1165195,-2.2165108,8.746361
1500080431374,-3.0877957,-1.9867213,8.870831
1500080431438,-3.3750327,-2.0441687,8.6697645
1500080431502,-3.3750327,-1.8431029,8.755936
1500080431565,-4.4090853,-1.709059,8.248484
1500080431629,-2.9154537,-1.4218222,9.18679
1500080431693,-3.5856729,-2.408002,8.286782
1500080431756,-3.6143966,-2.0250196,8.583593
1500080431820,-4.016528,-1.1920328,8.794233
1500080431884,-3.604822,-1.6324625,8.717637
1500080431947,-3.9782298,-1.7569319,8.497422
1500080432011,-3.911208,-1.3452257,8.727212
1500080432075,-3.9495063,-1.4218222,8.813383
1500080432139,-3.930357,-1.4984187,8.076141
1500080432202,-4.2941904,-0.70373017,7.0612383
1500080432266,-5.108028,-0.92394507,9.272962
1500080432330,-4.7250457,-1.5462915,8.00912
1500080432395,-4.3707867,-0.56011176,8.612317
1500080432457,-4.5144053,-0.9622433,8.104865
1500080432521,-4.275041,-0.78990126,8.363379
1500080432585,-4.6675982,-0.39734426,8.506997
1500080432648,-4.6388745,-0.16755481,8.21976
1500080432712,-4.543129,0.69415563,8.516571
1500080432776,-4.0739756,-1.776081,8.717637
1500080432839,-3.930357,-1.8335283,8.277207
1500080432903,-4.495256,-0.5792609,8.478273
1500080432967,-4.0739756,-1.1058618,8.439975
1500080433031,-4.284616,-1.4601204,8.420826
1500080433094,-3.5760984,-1.3165021,8.6697645
1500080433158,-4.284616,-1.2111819,8.420826
1500080433222,-3.9686553,-1.3548003,8.602742
1500080433285,-3.9782298,-1.6611862,8.506997
1500080433349,-3.930357,-1.776081,8.4686985
1500080433413,-4.0261025,-1.4888442,8.506997
1500080433476,-3.9686553,-1.7856555,8.526146
1500080433540,-3.8058877,-1.8431029,8.583593
1500080433604,-3.9686553,-1.5654407,8.487848
1500080433668,-4.1026993,-1.4026731,8.487848
1500080433731,-3.777164,-1.7282082,8.564445
1500080433795,-3.8824842,-1.9101248,8.497422
1500080433859,-3.9782298,-1.6611862,8.506997
1500080433922,-3.8824842,-1.7282082,8.506997
1500080433986,-3.930357,-1.776081,8.535721
1500080434050,-3.9686553,-1.5271424,8.564445
1500080434113,-4.2175937,-1.4409714,8.32508
1500080434177,-4.169721,-0.92394507,8.6697645
1500080434241,-3.499502,-2.0824668,8.55487
1500080434305,-4.131423,-1.4505459,8.439975
1500080434368,-3.9878044,-1.3165021,8.602742
1500080434432,-4.1122737,-1.1154363,8.497422
1500080434496,-4.0069537,-1.4601204,8.497422
1500080434559,-4.0261025,-1.3260766,8.5740185
1500080434623,-4.1122737,-1.2494801,8.487848
1500080434687,-3.9878044,-1.1633091,8.55487
1500080434751,-4.0548263,-1.2111819,8.526146
1500080434814,-3.9686553,-1.2782038,8.612317
1500080434878,-4.169721,-1.0675635,8.459125
1500080434942,-4.1601467,-0.8952214,8.401677
1500080435005,-4.150572,-1.0196906,8.612317
1500080435069,-4.0931244,-0.91437054,8.4686985
1500080435133,-4.2271686,-0.64628285,8.44955
