1500077820997,6.065484,-4.150572,-1.6707608
1500077821061,4.7250457,-2.88673,-0.71330476
1500077821126,8.104865,-1.776081,0.751603
1500077821189,11.197449,-2.0920415,0.8090504
1500077821253,12.078308,-3.911208,1.8814012
1500077821316,12.710229,-8.085716,3.930357
1500077821380,9.971905,-1.7473572,3.231414
1500077821443,8.478273,0.00478728,0.7994758
1500077821507,5.9697385,-1.6994845,0.00478728
1500077821571,5.5963306,-2.800559,0.6845811
1500077821635,8.066567,-5.759098,1.4888442
1500077821698,9.742115,-6.563361,2.34098
1500077821762,14.002794,-6.2474008,3.2505634
1500077821826,11.082554,-5.299519,0.54096264
1500077821889,9.071896,-1.9675722,-0.56968635
1500077821953,5.7686725,-3.9016335,-0.7228793
1500077822017,4.495256,-2.7048132,0.0718092
1500077822081,7.243155,-2.4463003,0.0718092
1500077822144,11.111278,-2.2356598,-0.37819514
1500077822208,11.953838,-5.079304,0.6079846
1500077822272,12.537887,-10.153821,4.2463174
1500077822336,9.636795,0.4356425,4.7441945
1500077822399,9.866585,0.5218136,0.20585304
1500077822464,5.912291,-2.0633178,-0.92394507
1500077822535,5.9027166,-2.2739582,0.5313881
1500077822590,7.961247,-3.9399316,1.3165021
1500077822654,10.307014,-5.979313,2.6377914
1500077822718,11.752773,-4.3324885,4.1409974
1500077822781,12.059159,-5.672927,3.6431203
1500077822845,10.814466,-2.2931073,-0.03351096
1500077822909,7.348475,-3.5090764,-0.9622433
1500077822973,4.7537694,-3.2505634,-0.6750065
1500077823036,6.6878304,-1.4026731,-0.49308985
1500077823100,9.158067,-1.1537346,-0.5313881
1500077823164,12.049584,-5.002708,-0.12925656
1500077823227,12.46129,-8.880404,2.6760898
1500077823291,9.98148,1.4792696,5.835695
1500077823355,11.197449,2.9441774,2.5994933
1500077823419,8.1623125,-1.3930986,-0.9622433
1500077823482,5.500585,-2.321831,0.14840569
1500077823546,7.1186857,-4.322914,1.4122477
1500077823610,7.501668,-6.37187,1.9579976
1500077823673,11.072979,-5.0601554,4.121848
1500077823737,14.251733,-3.1548176,4.2463174
1500077823801,10.335738,-1.5941644,-0.47394073
1500077823865,9.091045,-3.7292912,-0.8473486
1500077823928,6.936769,-4.437809,-1.3356512
1500077823992,6.285699,-3.4899273,-0.7420284
1500077824056,7.511243,-2.6760898,-0.64628285
1500077824119,9.742115,-2.6377914,-0.2154276
1500077824183,12.126181,-4.0739756,1.0867126
1500077824247,12.6527815,-4.0931244,4.2271686
1500077824311,9.971905,1.0675635,3.499502
1500077824374,9.799562,-0.17712937,1.0867126
1500077824438,7.693159,-1.4313968,-0.37819514
1500077824502,7.5974135,-1.4409714,1.469695
1500077824565,8.401677,-1.6516117,2.8292825
1500077824629,11.235746,-2.4175766,2.8580062
1500077824693,10.843189,-2.9441774,1.0675635
1500077824757,10.029352,-2.561195,0.23457673
1500077824820,9.31126,-3.365458,0.5218136
1500077824884,8.803808,-3.0016246,0.98139244
1500077824948,8.602742,-1.469695,0.91437054
1500077825011,8.784659,-2.0058703,1.5079932
1500077825075,9.234664,-2.034594,1.2207564
1500077825140,9.579348,-2.3122563,1.3548003
1500077825203,9.464453,-2.6569405,1.776081
1500077825266,9.464453,-2.3888528,1.709059
1500077825330,9.445304,-2.4654493,1.5175679
1500077825394,9.608071,-2.4654493,1.4505459
1500077825457,10.000628,-2.0824668,1.0484143
1500077825521,9.320834,-2.2356598,0.85692316
1500077825585,8.957002,-2.7622607,1.383524
1500077825649,9.177217,-2.7239625,1.8335283
1500077825712,9.828286,-2.867581,1.862252
1500077825776,10.153821,-2.6186423,1.5654407
1500077825840,10.010203,-2.7718353,1.14416
1500077825903,9.655944,-2.9537518,0.6750065
1500077825967,8.4686985,-2.408002,0.5888355
1500077826031,8.372953,-3.8633351,1.6516117
1500077826094,9.85701,-7.02294,3.020774
1500077826159,10.153821,-7.961247,3.7101421
1500077826222,9.330409,-8.372953,1.9388485
1500077826286,7.9037995,-7.846352,1.948423
1500077826349,6.9176197,-8.277207,1.6994845
1500077826413,5.3569665,-5.845269,2.9920502
1500077826477,5.4431376,-4.2654667,0.5218136
1500077826541,7.7506065,-3.4803526,3.0877957
1500077826604,5.7686725,-2.3697038,5.7112255
1500077826668,2.254809,-8.7750845,2.2260852
1500077826732,1.1058618,-12.288948,-3.5856729
1500077826795,1.3069274,-10.326163,-1.8048047
1500077826859,1.9579976,-11.838944,0.47394073
1500077826923,2.9154537,-10.546378,2.2356598
1500077826987,3.499502,-7.156984,4.9069624
1500077827050,2.9537518,-7.635712,3.1069448
1500077827114,2.015445,-7.396348,3.4229054
1500077827178,1.8431029,-8.34423,3.7484405
1500077827242,2.3122563,-8.985725,3.0303483
1500077827305,2.561195,-10.249567,2.0633178
1500077827369,2.0058703,-9.665519,2.187787
1500077827432,2.1399143,-9.818711,2.5228968
1500077827496,2.3122563,-9.033598,3.0877957
1500077827560,2.321831,-9.359133,3.3175852
1500077827624,2.1111906,-9.158067,3.2409887
1500077827687,2.0250196,-9.531475,3.690993
1500077827751,1.8909757,-9.837861,2.7909844
1500077827815,2.3697038,-12.126181,1.6133134
1500077827878,1.8909757,-1.6803354,9.301685
1500077827942,0.8186249,2.1111906,14.09854
1500077828006,2.101616,-4.543129,8.526146
1500077828070,0.13883112,-2.714388,6.1995277
1500077828133,0.15798025,-1.9579976,4.73462
1500077828197,-0.50266445,-1.776081,6.9463434
1500077828261,0.00478728,2.5994933,9.2825365
1500077828324,1.0579889,-1.2782038,8.296356
1500077828388,7.4729443,-4.351638,12.193203
1500077828452,4.1409974,-3.5378,-2.168638
1500077828516,2.714388,-15.908133,0.5505372
1500077828579,4.9835587,-7.1474094,4.2558923
1500077828643,3.451629,-10.699572,2.2931073
1500077828707,3.126094,-7.195282,4.5335546
1500077828770,3.0303483,-8.277207,5.500585
1500077828834,2.2165108,-4.5622783,6.017611
1500077828898,3.5378,-6.0080366,8.076141
1500077828961,2.4654493,-3.3558834,7.9899707
1500077829025,1.8143792,-3.499502,7.9420977
1500077829089,1.9771467,-2.254809,9.043172
1500077829152,2.2356598,-3.3750327,8.55487
1500077829216,1.8048047,-4.2558923,8.937852
1500077829280,0.8090504,-3.4803526,8.286782
1500077829344,1.0962871,-4.2271686,9.062322
1500077829407,0.36862057,-4.016528,8.7750845
1500077829471,0.03351096,-4.5718527,8.382527
1500077829535,-0.110107444,-4.322914,8.985725
1500077829599,-1.3069274,-5.1367517,8.296356
1500077829662,-1.5367169,-4.1888704,8.851681
1500077829726,-1.1728836,-3.3080106,8.832532
1500077829790,-0.40691882,-4.73462,8.957002
1500077829853,3.5856729,-1.9579976,6.764427
1500077829917,6.7548523,-1.383524,-2.9441774
1500077829981,5.7686725,-6.458041,-7.693159
1500077830045,11.015532,-4.7058964,-7.4537954
1500077830108,15.391106,-10.278291,-6.1899533
1500077830172,11.226172,-9.454879,-4.1409974
1500077830236,9.7899885,-7.3006024,2.427151
1500077830300,10.699572,-8.4686985,10.527229
1500077830363,6.3814445,-5.605905,3.5952475
1500077830427,11.341067,-7.0995364,0.56011176
1500077830491,11.551707,-3.3080106,-1.948423
1500077830554,14.041093,-4.4473834,-0.9430942
1500077830618,13.926198,-4.4186597,0.49308985
1500077830682,14.586843,-4.0931244,-0.12925656
1500077830745,9.75169,-4.2654667,0.23457673
1500077830809,6.9080453,-2.4175766,1.2877784
1500077830873,5.9027166,-3.193116,1.2590547
1500077830936,3.1452432,-2.0920415,2.9537518
1500077831000,-0.05266008,-5.0314317,5.1271772
1500077831064,1.948423,-13.610238,5.7208
1500077831128,5.7782474,-11.513409,5.7303743
1500077831191,7.0995364,-6.2761245,5.079304
1500077831256,3.7484405,-6.151655,2.7909844
1500077831320,1.709059,-6.5346375,2.7909844
1500077831383,5.586756,-5.634629,5.5484576
1500077831446,6.438892,-7.9325233,5.0122824
1500077831510,3.6335456,-10.977234,5.7782474
1500077831574,3.2792869,-14.510246,1.8048047
1500077831637,5.9218655,-10.833615,0.64628285
1500077831701,3.1356685,-6.3622956,0.99096704
1500077831765,0.77075213,-5.644203,0.25372586
1500077831828,1.0484143,-7.2335806,-1.2686293
1500077831892,4.303765,-7.6069884,-2.3984275
1500077831956,0.64628285,-12.097457,-6.1899533
1500077832020,1.0196906,-10.622974,-6.323997
1500077832083,2.2835326,-10.307014,-8.746361
1500077832147,3.1069448,-5.3569665,-6.458041
1500077832211,0.8664977,-5.232497,-6.821874
1500077832275,0.39734426,-3.2888615,-6.1899533
1500077832338,-0.40691882,-3.451629,-7.3676243
1500077832403,-0.6079846,-4.303765,-7.8176284
1500077832466,0.05266008,-4.610151,-8.985725
1500077832530,2.2069361,-3.0877957,-12.911295
1500077832593,3.3367343,-2.8484318,-14.290031
1500077832657,2.034594,-1.5367169,-10.804892
1500077832720,-0.09095833,-2.2835326,-6.9176197
1500077832784,0.18670394,-2.561195,-6.936769
1500077832848,1.9579976,-1.5941644,-7.788905
1500077832912,1.8335283,-2.3984275,-10.460207
1500077832975,1.1537346,-2.0633178,-12.499589
1500077833039,2.4175766,-3.9686553,-12.116607
1500077833103,3.0494976,-4.131423,-8.708063
1500077833166,1.4122477,-3.6335456,-6.7548523
1500077833230,0.5792609,-4.868664,-8.4686985
1500077833294,0.9622433,-4.916537,-6.745278
1500077833358,0.6845811,-8.420826,-3.7484405
1500077833421,1.7473572,-12.202777,-4.5144053
1500077833485,2.9920502,-10.278291,-1.9579976
1500077833549,4.0548263,-10.92936,-0.70373017
1500077833612,2.9920502,-8.650616,-0.081383765
1500077833676,1.709059,-6.9271946,1.3930986
1500077833740,0.90479594,-6.6495323,-1.0867126
1500077833804,-0.4356425,-7.348475,-7.2335806
1500077833867,1.3165021,-9.378282,-2.905879
1500077833931,2.5228968,-13.907049,-5.653778
1500077833995,3.7101421,-10.92936,-1.4409714
1500077834058,4.121848,-7.6261373,1.1920328
1500077834122,1.6899099,-6.304848,-0.8090504
1500077834186,0.8473486,-7.4250717,-0.8473486
1500077834249,0.20585304,-9.033598,-0.42606795
1500077834313,0.30159867,-13.418746,-0.76117754
1500077834377,0.70373017,-10.421909,-1.5845897
1500077834441,3.1356685,-9.780414,-4.342063
1500077834504,4.5335546,-5.9314404,0.110107444
1500077834568,4.8207912,-3.0686467,-1.5367169
1500077834632,7.243155,-7.1665583,-5.912291
1500077834695,8.104865,-6.3144226,-4.150572
1500077834759,9.014449,-3.7197168,-4.2175937
1500077834823,9.196365,-6.6591067,-6.8122997
1500077834887,8.1623125,-7.922949,-7.9420977
1500077834950,8.056993,-8.487848,-6.410168
1500077835014,5.347392,-6.0559096,-3.346309
1500077835078,3.8537605,-3.078221,-0.6558574
1500077835141,5.82612,-5.5101595,-0.062234644
1500077835205,8.1623125,-8.5740185,-1.4026731
1500077835269,7.8272033,-10.460207,0.14840569
1500077835333,8.717637,-9.818711,-3.078221
1500077835396,5.299519,-6.2761245,-2.905879
1500077835460,3.6239712,-6.697405,-3.039923
1500077835524,4.7537694,-3.7675896,-0.19627848
1500077835587,7.5208173,-5.7112255,1.8143792
1500077835651,8.085716,-8.1623125,5.088879
1500077835715,7.511243,-8.526146,4.763344
1500077835779,7.6740103,-11.9346895,-3.1356685
1500077835842,7.549541,-6.4293175,-2.2260852
1500077835906,5.8835673,-3.1452432,0.54096264
1500077835970,3.1835413,-3.0877957,2.4558747
1500077836033,6.0080366,-7.5399666,3.451629
1500077836097,8.880404,-10.287866,1.4313968
1500077836161,8.526146,-8.708063,1.1728836
1500077836225,8.66019,-8.746361,-2.6186423
1500077836290,6.486765,-6.2761245,-2.8292825
1500077836352,4.2080193,-6.764427,-3.1165195
1500077836416,3.7675896,-6.3814445,-2.5994933
1500077836480,5.7782474,-5.376116,0.23457673
1500077836543,7.9899707,-8.056993,0.39734426
1500077836607,9.263388,-9.837861,2.5516202
1500077836671,9.502751,-11.034681,-2.427151
1500077836734,7.587839,-7.0133657,-2.905879
1500077836798,5.9697385,-2.494173,-1.8909757
1500077836862,3.7292912,-3.1835413,-0.5792609
1500077836926,4.8303657,-6.2282515,-0.4164934
1500077836989,8.7750845,-8.822957,0.5792609
1500077837053,10.393186,-10.29744,1.5271424
1500077837117,9.253813,-8.487848,-0.3111732
1500077837181,5.8165455,-5.9027166,-3.3175852
1500077837244,5.232497,-5.232497,-4.3133397
1500077837308,4.8207912,-3.5569491,-3.1356685
1500077837372,7.35805,-3.5569491,-3.2601378
1500077837435,8.1623125,-4.0548263,-2.4463003
1500077837499,9.62722,-6.4484663,-4.275041
1500077837563,9.464453,-9.234664,-7.6835847
1500077837627,8.248484,-7.693159,-7.1857076
1500077837690,7.1091113,-4.0739756,-3.6622694
1500077837754,4.73462,-3.4707782,-3.0686467
1500077837817,5.9314404,-2.561195,-4.303765
1500077837881,8.9761505,-3.5760984,-2.3888528
1500077837945,12.748528,-5.0984535,9.177217
1500077838009,10.115523,-6.37187,4.0644007
1500077838072,8.497422,-3.059072,-3.8824842
1500077838136,7.02294,-4.8303657,-1.8431029
1500077838200,7.12826,-3.3941817,0.34947145
1500077838263,5.9218655,-5.9218655,-1.1920328
1500077838327,8.564445,-3.346309,1.4888442
1500077838391,10.833615,-3.3750327,2.4175766
1500077838455,12.116607,-6.0367603,1.2782038
1500077838518,10.661273,-7.511243,-2.6186423
1500077838582,10.622974,-2.6090677,0.15798025
1500077838646,8.755936,-0.8090504,1.3069274
1500077838709,6.8027253,-5.2133484,-0.5313881
1500077838773,8.497422,-7.4250717,0.70373017
1500077838837,8.037844,-6.1420803,4.389936
1500077838901,3.7197168,-5.1367517,1.9675722
1500077838964,4.7250457,-10.2016945,-2.3984275
1500077839028,6.8122997,-9.847435,-2.6760898
1500077839092,6.639958,-5.6633525,-0.12925656
1500077839155,4.5527034,-5.1654754,0.19627848
1500077839219,3.7867386,-6.7548523,-1.4601204
1500077839283,4.811217,-6.8793216,-1.4984187
1500077839347,6.8122997,-9.071896,0.0718092
1500077839410,8.889979,-10.689997,2.1399143
1500077839474,8.957002,-10.6134,-0.54096264
1500077839538,8.985725,-4.437809,0.46436617
1500077839601,5.452712,-3.671844,0.3398969
1500077839665,3.2697124,-4.935686,1.776081
1500077839729,4.3612123,-6.592085,1.5462915
1500077839793,5.644203,-8.4686985,1.4601204
1500077839856,8.047418,-8.55487,1.9962958
1500077839920,8.6697645,-7.999545,0.6271337
1500077839984,9.770839,-6.544212,-1.2877784
1500077840047,7.549541,-4.715471,-0.32074776
1500077840111,5.529309,-4.1888704,0.9622433
1500077840175,6.9463434,-3.5760984,0.90479594
1500077840239,10.220843,-2.647366,0.42606795
1500077840303,12.509163,-2.2835326,0.25372586
1500077840375,13.227255,-4.045252,2.475024
1500077840430,8.937852,-10.517654,5.06973
1500077840494,9.263388,0.03351096,2.8388572
1500077840557,6.3622956,-1.776081,1.0675635
1500077840621,6.2282515,-0.6079846,1.4026731
1500077840685,8.420826,-2.149489,1.5558661
1500077840748,10.182545,-1.8718265,3.1165195
1500077840812,12.193203,-1.9388485,5.4718614
1500077840876,12.8538475,-4.619725,6.304848
1500077840939,10.469782,-2.101616,-0.34947145
1500077841003,6.6495323,-3.6143966,-1.1154363
1500077841067,4.342063,-2.819708,-0.25372586
1500077841131,6.3527207,-2.034594,-0.043085523
1500077841194,10.182545,-1.6899099,0.7324539
1500077841258,11.858093,-2.1782124,1.3356512
1500077841322,13.734707,-9.493176,3.9590807
1500077841385,11.05383,-1.1250108,5.8548436
1500077841450,9.100619,2.149489,2.1590633
1500077841514,5.261221,-1.3643749,-0.014361841
1500077841576,5.366541,-1.1633091,0.2441513
1500077841640,8.171887,-2.3026817,1.4122477
1500077841704,10.689997,-4.581427,3.7197168
1500077841768,11.628304,-9.033598,4.389936
1500077841832,11.4272375,-7.310177,3.1069448
1500077841895,10.220843,-3.5282254,-0.76117754
1500077841959,6.256975,-2.7239625,-0.6079846
1500077842023,4.121848,-2.034594,-0.081383765
1500077842086,7.4154973,-2.321831,0.0718092
1500077842150,10.795317,-2.8484318,0.37819514
1500077842214,11.072979,-3.2026904,1.9867213
1500077842277,11.963413,-8.392102,6.1420803
1500077842341,10.92936,-1.8718265,6.017611
1500077842405,8.746361,0.6271337,2.9250283
1500077842469,5.0314317,-1.6707608,0.2441513
1500077842532,5.2899446,-0.4835153,1.1920328
1500077842596,7.12826,-1.5845897,1.7473572
1500077842660,11.360216,-4.887813,2.7431116
1500077842723,13.552791,-12.662356,4.169721
1500077842787,11.542132,-4.476107,1.8814012
1500077842851,9.493176,-2.321831,-1.0101161
1500077842915,5.2707953,-2.3314054,-0.44521707
1500077842978,4.7441945,-1.6516117,0.5505372
1500077843042,9.837861,-2.1207652,1.2207564
1500077843106,12.681505,-4.236743,2.6856642
1500077843169,10.134672,-1.4792696,4.9069624
1500077843233,9.196365,-6.094208,5.8165455
1500077843297,9.713391,-4.610151,2.3505547
1500077843360,6.1995277,-1.0005416,0.8952214
1500077843424,5.433563,-2.6186423,0.27287498
1500077843488,7.769756,-2.4367256,1.6516117
1500077843552,9.071896,-2.5707695,2.7239625
1500077843615,11.59958,-2.9346027,4.476107
1500077843679,13.064487,-7.204857,5.692076
1500077843743,10.71872,-3.9016335,1.5750152
1500077843807,6.869747,-2.6377914,0.15798025
1500077843870,4.3707867,-2.1973617,0.22500217
1500077843934,7.4154973,-2.0920415,0.46436617
1500077843998,10.115523,-2.5516202,0.8664977
1500077844061,11.36979,-3.5378,2.4175766
1500077844125,12.882571,-4.7250457,5.519734
1500077844189,10.441058,-5.079304,5.7782474
1500077844253,8.985725,0.76117754,3.4612036
1500077844316,5.682502,-2.6856642,1.0101161
1500077844380,5.2899446,-1.5271424,1.2973529
1500077844444,5.8835673,-2.7431116,1.948423
1500077844507,8.277207,-3.8824842,2.3792782
1500077844571,10.431483,-5.6154795,3.2505634
1500077844635,12.3463955,-7.3771987,3.499502
1500077844699,9.742115,-7.9803963,1.8526775
1500077844762,5.979313,-4.801642,0.8760723
1500077844826,4.83994,-3.4420545,0.8281995
1500077844890,7.664436,-2.867581,0.8473486
1500077844953,9.004874,-3.365458,0.8952214
1500077845017,9.033598,-4.8207912,1.6611862
1500077845081,9.933606,-5.5963306,2.5994933
1500077845145,10.40276,-6.697405,2.4175766
1500077845208,8.995299,-7.0325146,0.6271337
1500077845272,5.06973,-2.7718353,1.3260766
1500077845336,5.797396,-4.1888704,0.4835153
1500077845399,7.721883,-4.887813,0.6079846
1500077845463,9.732541,-5.988888,2.0633178
1500077845527,13.954922,-9.110194,3.499502
1500077845590,9.847435,-7.5208173,1.1920328
1500077845654,7.702734,-3.2697124,-0.8664977
1500077845718,5.414414,-4.351638,-2.321831
1500077845782,4.131423,-3.2984362,-1.7377827
1500077845845,7.2144313,-2.8771553,-0.46436617
1500077845909,11.072979,-4.3324885,-0.3877697
1500077845973,11.49426,-4.581427,1.5271424
1500077846037,11.695326,-7.5303917,4.1601467
1500077846100,9.2825365,-5.021857,3.0686467
1500077846164,7.3006024,0.03351096,2.5420458
1500077846228,4.8590894,-2.1973617,0.59841
1500077846291,7.0133657,-2.6760898,1.5271424
1500077846355,8.028269,-5.1176023,1.8909757
1500077846419,10.795317,-6.391019,2.5994933
1500077846482,13.782579,-9.885734,2.0058703
1500077846546,10.536804,-4.2463174,0.78032666
1500077846611,6.3527207,-3.2792869,-0.062234644
1500077846675,4.763344,-3.039923,-0.22500217
1500077846737,5.28037,-2.6377914,0.081383765
1500077846801,9.608071,-3.4612036,-0.13883112
1500077846865,11.417664,-4.2080193,1.2016073
1500077846928,13.035764,-4.543129,2.8580062
1500077846992,10.958084,-11.618729,2.3697038
1500077847056,8.133589,0.09095833,2.714388
1500077847120,5.347392,-2.427151,1.2686293
1500077847183,4.543129,-1.4984187,0.9718179
1500077847247,8.056993,-5.7782474,0.64628285
1500077847311,9.368708,-5.988888,1.5367169
1500077847375,12.729378,-6.7740016,3.1356685
1500077847438,10.795317,-6.6878304,1.0771381
1500077847502,8.621892,-4.648449,0.512239
1500077847566,6.285699,-3.9782298,-0.78032666
1500077847629,4.5622783,-3.5282254,-0.8281995
1500077847693,7.482519,-3.8058877,-0.18670394
1500077847757,10.06765,-5.5771813,-0.3398969
1500077847820,11.197449,-6.1899533,0.5218136
1500077847884,11.274045,-7.2335806,1.1537346
1500077847948,8.794233,-8.947427,1.7186337
1500077848012,6.697405,-0.7228793,1.8048047
1500077848075,4.322914,-2.7048132,0.76117754
1500077848139,6.3527207,-2.8388572,1.0962871
1500077848203,8.679339,-6.1995277,0.90479594
1500077848266,9.876159,-6.668681,1.7569319
1500077848330,11.072979,-8.277207,0.8090504
1500077848394,10.172971,-7.846352,-0.20585304
1500077848458,7.0133657,-5.3186684,-0.3877697
1500077848521,5.787822,-4.150572,-0.2154276
1500077848585,5.002708,-3.8729098,-0.13883112
1500077848649,8.1623125,-5.0601554,-0.32074776
1500077848712,10.268716,-5.481436,0.05266008
1500077848776,10.92936,-6.180379,0.49308985
1500077848840,9.435729,-6.831449,1.0579889
1500077848904,8.00912,-5.634629,1.5271424
1500077848967,6.47719,-4.2175937,1.3069274
1500077849031,4.5335546,-3.7292912,1.5558661
1500077849095,6.391019,-5.912291,1.0867126
1500077849158,8.784659,-6.898471,0.4835153
1500077849222,11.810221,-7.3676243,1.4026731
1500077849286,11.1208515,-7.482519,0.46436617
1500077849350,8.736787,-5.538883,0.2154276
1500077849413,5.222923,-4.6388745,-0.6750065
1500077849477,4.715471,-5.155901,-1.8526775
1500077849541,6.3527207,-5.605905,-1.4792696
1500077849604,9.339984,-5.960164,-1.6994845
1500077849668,9.052747,-7.2718787,-0.8281995
1500077849732,8.5740185,-7.9899707,0.18670394
1500077849796,8.506997,-7.788905,1.2494801
1500077849859,7.46337,-6.515488,1.2303311
1500077849923,3.9207826,-4.4090853,1.8431029
1500077849987,3.997379,-5.692076,1.0675635
1500077850050,5.328243,-7.922949,-0.110107444
1500077850114,6.37187,-8.9761505,0.110107444
1500077850178,8.277207,-10.000628,0.28244954
1500077850242,9.20594,-10.144247,-0.64628285
1500077850305,7.195282,-7.0995364,-0.46436617
1500077850369,4.4473834,-5.261221,-0.37819514
1500077850433,3.5378,-5.232497,-0.6271337
1500077850497,5.4239883,-6.5346375,-1.0675635
1500077850560,6.5537868,-7.396348,-1.3452257
1500077850624,7.3389006,-8.315506,-1.0388398
1500077850687,8.794233,-10.038927,-0.9622433
1500077850751,8.11444,-9.5219,0.062234644
1500077850815,7.5591154,-6.4197426,-0.30159867
1500077850879,4.3995104,-4.954835,-0.081383765
1500077850942,3.930357,-5.155901,-0.14840569
1500077851006,5.2037735,-6.898471,-0.5218136
1500077851070,6.151655,-8.401677,0.0718092
1500077851133,8.526146,-10.2016945,0.0
1500077851197,9.971905,-10.766593,-0.9622433
1500077851261,7.6261373,-7.4442205,-1.1345854
1500077851324,5.06973,-5.7208,-0.8664977
1500077851389,3.8058877,-5.414414,-1.4313968
1500077851452,4.9069624,-5.3952646,-1.4409714
1500077851516,6.6878304,-6.438892,-2.0250196
1500077851580,7.855927,-7.7506065,-2.0633178
1500077851643,8.200611,-8.995299,-0.78990126
1500077851707,7.9516726,-8.7750845,0.751603
1500077851771,8.736787,-6.9080453,0.26330042
1500077851834,6.5825105,-4.772918,-0.062234644
1500077851898,5.0601554,-3.2888615,1.1537346
1500077851962,6.9463434,-5.0984535,0.40691882
1500077852025,8.085716,-6.6591067,-0.05266008
1500077852089,9.052747,-6.9463434,0.3111732
1500077852153,10.843189,-8.210186,0.10053288
1500077852217,11.992137,-5.452712,-0.8664977
1500077852280,7.7601814,-3.059072,0.28244954
1500077852344,4.1601467,-2.494173,0.2920241
1500077852407,5.941015,-2.5516202,-0.03351096
1500077852471,10.689997,-2.5420458,0.18670394
1500077852535,12.624058,-2.3792782,0.014361841
1500077852599,13.648536,-8.305931,2.5899186
1500077852662,8.957002,-7.137835,2.8771553
1500077852726,10.71872,-2.5420458,3.1452432
1500077852790,7.788905,-7.9037995,0.54096264
1500077852853,8.650616,-10.316589,-0.22500217
1500077852917,8.889979,-9.349558,0.9718179
1500077852981,7.396348,-6.745278,2.3984275
1500077853045,3.7005677,-3.8058877,3.1356685
1500077853108,1.776081,-2.905879,5.309094
1500077853172,2.0537431,-2.7048132,6.5537868
1500077853236,0.9622433,1.0771381,8.315506
1500077853299,-0.09095833,-2.88673,5.644203
1500077853363,0.12925656,-2.34098,6.47719
1500077853427,1.383524,1.0771381,10.814466
1500077853491,1.9962958,-1.2207564,11.503835
1500077853554,2.0537431,-4.0644007,12.920869
1500077853618,4.1888704,-4.5527034,9.655944
1500077853682,4.2558923,-1.2590547,8.2676325
1500077853745,0.56011176,-0.8664977,6.410168
1500077853809,0.043085523,-1.9005502,6.6208086
1500077853873,1.2016073,-0.6845811,8.727212
1500077853936,2.561195,1.1728836,11.628304
1500077854000,0.2920241,-7.8367777,3.2792869
1500077854064,0.6558574,-12.327247,7.051664
1500077854128,2.905879,-6.9559183,4.4473834
1500077854191,-1.0675635,-6.1612296,4.696322
1500077854255,0.8281995,-5.4431376,5.06973
1500077854319,0.3111732,-7.7601814,5.797396
1500077854382,-0.90479594,-7.9420977,4.8973875
1500077854446,-0.5888355,-8.478273,6.333572
1500077854510,0.05266008,-10.747444,6.180379
1500077854574,4.0739756,-8.602742,7.1474094
1500077854637,4.801642,-6.9654927,6.936769
1500077854701,-0.16755481,-4.9069624,4.6005764
1500077854765,-1.0579889,-3.7963133,5.0505805
1500077854828,-0.9622433,-4.9069624,5.988888
1500077854892,1.1633091,-7.7123084,7.396348
1500077854956,0.8760723,-7.156984,8.736787
1500077855020,0.77075213,-10.19212,8.5740185
1500077855092,0.8473486,-9.502751,5.682502
1500077855147,0.9526688,-7.5208173,6.285699
1500077855211,1.1537346,-6.2378263,5.088879
1500077855276,0.32074776,-5.634629,4.8782387
1500077855338,0.062234644,-7.003791,4.8590894
1500077855402,0.4356425,-7.846352,6.8601727
1500077855466,0.03351096,-8.420826,7.9037995
1500077855529,1.4505459,-10.92936,6.2091026
1500077855593,1.2399056,-10.92936,4.322914
1500077855657,0.6558574,-7.5974135,3.6814184
1500077855720,-0.20585304,-5.146326,3.997379
1500077855784,-0.20585304,-6.8122997,3.911208
1500077855848,-0.25372586,-8.028269,4.8303657
1500077855912,-1.7473572,-8.401677,5.309094
1500077855975,-0.8952214,-10.488931,6.9176197
1500077856039,0.8952214,-11.446387,5.4718614
1500077856103,-0.78032666,-8.526146,3.1165195
1500077856167,-0.70373017,-6.438892,4.322914
1500077856230,0.37819514,-6.5537868,4.619725
1500077856294,0.98139244,-6.745278,5.4239883
1500077856358,0.6750065,-7.8176284,5.328243
1500077856421,-0.5505372,-7.7601814,7.1186857
1500077856485,0.45479164,-10.603826,8.037844
1500077856549,2.7909844,-10.268716,8.392102
1500077856612,2.0250196,-5.873993,5.759098
1500077856676,2.819708,-3.3558834,6.0846334
1500077856740,1.0292653,-2.8771553,6.6878304
1500077856803,1.5941644,-4.543129,8.00912
1500077856867,1.7665064,-2.360129,9.617646
1500077856931,2.800559,-2.513322,10.000628
1500077856994,3.7197168,-2.819708,11.1208515
1500077857058,2.149489,-3.604822,9.617646
1500077857122,1.5367169,-3.0303483,7.875076
1500077857186,0.69415563,-0.9526688,6.0750585
1500077857251,1.0005416,-1.3260766,6.668681
1500077857314,4.0931244,-3.9495063,8.095291
1500077857377,3.3750327,-4.8207912,7.243155
1500077857441,5.0314317,-5.739949,9.991054
1500077857504,5.806971,-7.0133657,9.349558
1500077857568,3.8058877,-5.9218655,6.4484663
1500077857632,2.408002,-5.2707953,6.668681
1500077857695,1.1824582,-5.6633525,4.9739842
1500077857759,1.6133134,-6.0080366,5.3952646
1500077857823,1.6133134,-8.305931,3.1165195
1500077857887,5.366541,-9.809137,2.8388572
1500077857950,5.950589,-11.28362,1.0771381
1500077858014,10.6134,-8.526146,-0.9430942
1500077858078,9.569773,-5.9218655,-2.5037475
1500077858141,5.634629,-5.6154795,0.062234644
1500077858205,5.845269,-4.7920675,1.8143792
1500077858269,8.937852,-5.6154795,1.6611862
1500077858333,1.9101248,-6.3814445,2.5516202
1500077858396,1.469695,-10.919786,1.2207564
1500077858460,4.7537694,-11.302769,0.63670826
1500077858524,2.187787,-12.451715,1.5079932
1500077858588,7.0995364,-13.801729,1.862252
1500077858651,1.7473572,-7.4250717,1.6133134
1500077858715,4.993133,-5.567607,5.414414
1500077858779,6.2761245,-7.396348,7.1091113
1500077858842,1.0196906,-11.896391,2.867581
1500077858906,1.0101161,-10.651698,4.169721
1500077858970,1.4409714,-6.7931504,4.0356774
1500077859034,-3.5760984,-9.550624,7.4059224
1500077859097,-3.9399316,0.56011176,6.6495323
1500077859161,0.93351966,-3.2601378,4.6005764
1500077859225,-1.3165021,-3.7484405,5.567607
1500077859288,-2.34098,-2.4654493,8.487848
1500077859353,-0.2441513,-3.844186,7.6740103
1500077859416,3.2792869,-2.4367256,14.069817
1500077859480,-4.8303657,-2.1399143,13.811303
1500077859543,-0.5792609,-7.702734,5.9697385
1500077859607,0.17712937,-9.732541,2.5899186
1500077859671,-0.19627848,-0.665432,2.8580062
1500077859734,3.6239712,-2.9346027,6.831449
1500077859798,3.9495063,-6.0080366,7.8176284
1500077859862,1.1824582,-7.12826,7.9708214
1500077859926,2.5994933,-9.904882,7.8655014
1500077859989,1.9388485,-5.0505805,12.25065
1500077860053,-4.045252,-3.4133308,5.0601554
1500077860117,0.6271337,-3.7484405,2.3888528
1500077860180,10.326163,-5.4048395,6.8793216
1500077860244,-1.4984187,-5.002708,5.500585
1500077860308,5.4048395,-7.329326,9.110194
1500077860372,7.003791,-2.9346027,6.7740016
1500077860435,8.803808,-6.4293175,4.926111
1500077860499,11.379365,-7.2623043,3.4899273
1500077860563,3.9399316,-10.871913,2.7909844
1500077860627,0.2920241,-5.9314404,2.580344
1500077860690,-1.3739494,-7.4442205,1.5175679
1500077860754,-0.9526688,-9.043172,4.8973875
1500077860817,-2.408002,-8.870831,6.4484663
1500077860881,-0.99096704,-9.407005,7.137835
1500077860945,-2.2165108,-8.076141,6.5537868
1500077861009,-3.1835413,-7.5591154,6.4293175
1500077861072,-1.5845897,-3.4037561,6.563361
1500077861136,-2.7909844,-2.819708,6.1995277
1500077861201,-4.926111,-2.3026817,4.0739756
1500077861264,2.4654493,-1.7282082,11.36979
1500077861327,2.6952388,-5.692076,9.54105
1500077861391,-2.3314054,-3.2697124,10.134672
1500077861455,-0.49308985,-3.059072,10.40276
1500077861519,-0.8473486,-1.1058618,10.910212
1500077861582,-0.751603,0.3111732,8.143164
1500077861646,1.4122477,-1.0675635,7.2623043
1500077861710,-0.83777404,-0.665432,8.564445
1500077861773,-1.2877784,-1.0579889,8.832532
1500077861837,0.32074776,-3.059072,9.454879
1500077861902,-3.0877957,0.19627848,11.522984
1500077861964,-2.9441774,-1.0962871,9.924032
1500077862028,-1.8431029,1.0484143,8.688913
1500077862092,-1.6707608,0.09095833,8.00912
1500077862155,1.0962871,-0.44521707,7.2527294
1500077862220,2.254809,-1.4409714,7.549541
1500077862283,2.1399143,-1.4218222,9.809137
1500077862347,1.2590547,-2.580344,11.475111
1500077862410,-1.3548003,0.14840569,12.67193
1500077862474,-0.0718092,-2.4367256,9.579348
1500077862538,-0.47394073,-3.384607,8.478273
1500077862601,-0.8473486,-2.8388572,7.8846507
1500077862665,-0.33032233,0.34947145,7.788905
1500077862729,0.23457673,-1.9867213,8.076141
1500077862792,0.85692316,-3.2505634,10.307014
1500077862856,-2.0250196,-1.2207564,10.814466
1500077862920,-3.0303483,-0.44521707,6.592085
1500077862985,-1.1058618,-1.6133134,8.928278
1500077863048,-1.2782038,-0.40691882,7.961247
1500077863112,-0.110107444,-0.110107444,7.204857
1500077863175,-0.18670394,-1.0101161,8.191036
1500077863239,-0.19627848,-1.3643749,10.153821
1500077863302,-0.83777404,-2.0633178,10.498506
1500077863366,-0.2441513,-0.8281995,12.336822
1500077863430,-0.33032233,-3.758015,10.795317
1500077863493,-1.709059,-3.7101421,6.678256
1500077863557,-0.34947145,0.76117754,4.8782387
1500077863621,-1.2494801,0.4835153,4.322914
1500077863685,-0.6845811,-2.2643836,8.641041
1500077863748,-7.894225,-7.2910275,7.3197513
1500077863812,-8.487848,-7.702734,10.460207
1500077863876,-8.966576,-5.806971,6.2091026
1500077863939,-10.584677,-1.2207564,4.5144053
1500077864003,-8.851681,-3.1165195,1.2973529
1500077864067,-5.5963306,-6.2091026,1.7282082
1500077864131,-4.5718527,-8.822957,6.027186
1500077864194,-6.256975,-1.3452257,9.512326
1500077864259,-3.777164,-3.7867386,7.9516726
1500077864322,-1.2494801,-8.296356,5.672927
1500077864386,1.4122477,-13.677259,-1.2399056
1500077864458,-0.83777404,-9.110194,0.90479594
1500077864513,-2.88673,-9.158067,3.825037
1500077864576,-0.14840569,-8.047418,4.389936
1500077864640,2.0920415,-9.138918,0.83777404
1500077864704,3.9686553,-10.795317,-6.630383
1500077864768,4.8590894,-7.5782647,-5.644203
1500077864831,6.027186,-7.1474094,-4.6293
1500077864895,2.972901,-10.2016945,-4.284616
1500077864959,-0.05266008,-9.493176,-4.131423
1500077865022,-0.5505372,-8.985725,-1.6994845
1500077865086,0.3877697,-5.462287,-2.7814097
1500077865150,3.5760984,-3.3750327,-3.4420545
1500077865214,5.8835673,-2.6186423,-6.5537868
1500077865277,6.3431463,-0.98139244,-9.75169
1500077865341,2.7431116,-2.0920415,-13.792154
1500077865405,-1.0292653,-6.7069798,-11.226172
1500077865468,-0.11968201,-12.892146,-8.181462
1500077865532,-2.321831,-8.018694,-4.1888704
1500077865596,-4.6867476,-4.610151,-1.0292653
1500077865659,-5.481436,-4.4473834,-0.27287498
1500077865723,-9.215514,-4.1888704,-1.9962958
1500077865787,-14.577269,-4.351638,-4.8590894
1500077865851,-14.09854,-6.285699,-1.8431029
1500077865914,-11.628304,-3.4420545,2.5228968
1500077865978,-8.066567,0.13883112,-0.27287498
1500077866042,-8.411251,-0.42606795,-2.494173
1500077866106,-9.272962,-3.671844,-1.8526775
1500077866169,-10.479357,-8.526146,1.6803354
1500077866233,-11.15915,-8.497422,0.69415563
1500077866297,-13.600663,-7.693159,-2.408002
1500077866360,-14.242159,-4.121848,-3.0303483
1500077866425,-13.792154,-2.7048132,-2.0537431
1500077866489,-10.5080805,-2.187787,-0.8760723
1500077866552,-10.5080805,-1.7186337,-0.9622433
1500077866615,-11.140001,-1.4122477,-1.6516117
1500077866679,-10.910212,1.0005416,-1.862252
1500077866743,-8.382527,2.3314054,-0.11968201
1500077866807,-9.464453,-0.8090504,-0.00478728
1500077866870,-13.629387,-2.2643836,-1.9675722
1500077866935,-13.677259,-2.8484318,-1.469695
1500077866998,-12.633633,-1.9867213,-2.1207652
1500077867062,-13.457045,-2.34098,-1.1920328
1500077867126,-13.935773,-5.2037735,0.17712937
1500077867189,-12.279374,-9.071896,0.0
1500077867254,-12.25065,-5.0505805,-0.98139244
1500077867316,-12.518738,-1.8239537,-2.5324712
1500077867380,-13.696408,-1.6803354,-3.758015
1500077867443,-12.011286,-2.561195,-1.1920328
1500077867507,-13.543216,-2.647366,-0.46436617
1500077867571,-15.343233,-2.580344,-3.173967
1500077867635,-13.332576,0.9430942,-3.6622694
1500077867698,-8.794233,1.3165021,-1.469695
1500077867762,-8.392102,-0.9430942,-0.56011176
1500077867826,-11.590006,-2.321831,-1.3165021
1500077867890,-13.179382,-2.7909844,-1.6899099
1500077867953,-12.375119,-2.6282167,-2.8292825
1500077868017,-13.744282,-3.0016246,-1.3643749
1500077868081,-15.295361,-5.605905,0.54096264
1500077868144,-14.146413,-7.396348,-0.44521707
1500077868208,-12.422992,-8.372953,-1.4122477
1500077868272,-9.675094,-4.801642,-0.30159867
1500077868335,-12.135756,-3.777164,-1.8431029
1500077868399,-12.049584,-2.1303396,-2.0058703
1500077868463,-12.748528,-1.2207564,-1.6420372
1500077868527,-12.920869,-2.2835326,-2.0058703
1500077868590,-13.112361,0.26330042,-2.2739582
1500077868654,-11.015532,2.5037475,-2.3697038
1500077868718,-9.148493,-0.32074776,-1.3548003
1500077868781,-11.05383,-2.0728924,-0.4835153
1500077868845,-10.862339,-2.867581,-1.3356512
1500077868909,-10.575102,-2.2739582,-3.1069448
1500077868973,-13.725132,-1.3739494,-0.7420284
1500077869036,-15.659194,-2.2452345,1.9675722
1500077869100,-13.878325,-5.002708,0.014361841
1500077869164,-14.778334,-5.108028,-0.36862057
1500077869228,-12.576185,-4.0931244,-1.9579976
1500077869291,-13.571939,-4.121848,-3.997379
1500077869355,-11.676176,-1.8335283,-2.101616
1500077869420,-10.498506,-0.14840569,0.12925656
1500077869483,-10.345312,-2.9633265,-0.7420284
1500077869555,-12.633633,-0.7994758,-2.6569405
1500077869610,-9.703817,2.4654493,-1.776081
1500077869674,-7.702734,-0.14840569,-0.4835153
1500077869737,-12.509163,-1.2111819,-1.3930986
1500077869801,-13.00704,-3.0686467,-0.8281995
1500077869865,-11.130426,-2.494173,0.61755913
1500077869928,-12.403843,-1.5079932,1.6037389
1500077869992,-15.707067,-3.4899273,2.4175766
1500077870056,-14.519821,-8.037844,1.7186337
1500077870120,-13.00704,-6.525063,0.8856468
1500077870183,-12.815549,-4.715471,-1.6994845
1500077870247,-14.385777,-2.8101335,-2.6090677
1500077870311,-13.275128,-1.7665064,-2.2069361
1500077870375,-12.231501,-0.91437054,-2.034594
1500077870438,-12.174053,-1.709059,-1.9579976
1500077870502,-11.666602,1.5654407,-1.7856555
1500077870566,-9.033598,2.187787,-1.9196993
1500077870630,-8.2676325,0.45479164,-2.867581
1500077870693,-11.9346895,-2.149489,-3.9016335
1500077870757,-11.9346895,-4.1122737,-3.3750327
1500077870820,-11.944264,-2.34098,-1.929274
1500077870884,-13.409172,-2.5994933,1.1154363
1500077870948,-16.243242,-4.198445,2.3505547
1500077871012,-15.3049345,-6.0750585,2.905879
1500077871075,-13.562365,-8.535721,2.2165108
1500077871139,-11.522984,-5.7303743,0.49308985
1500077871203,-14.347479,-4.0548263,-0.9526688
1500077871266,-13.6676855,-2.867581,-2.1782124
1500077871330,-13.1602335,-1.4888442,-1.8526775
1500077871394,-13.485768,-1.2111819,-2.6760898
1500077871458,-12.231501,0.6079846,-2.3505547
1500077871521,-9.119769,3.0303483,-2.168638
1500077871585,-10.230418,2.733537,-3.3367343
1500077871649,-15.726215,-3.6239712,-3.777164
1500077871712,-13.437896,-3.6239712,-1.5558661
1500077871776,-11.915541,-0.8760723,0.70373017
1500077871840,-13.878325,-0.98139244,2.6377914
1500077871904,-15.295361,-4.916537,1.8431029
1500077871967,-13.562365,-6.9559183,2.4463003
1500077872032,-11.044255,-9.043172,2.3697038
1500077872096,-12.719804,-6.47719,0.42606795
1500077872159,-14.759185,-3.3558834,0.37819514
1500077872224,-14.127264,-2.905879,-1.7569319
1500077872286,-14.357054,-2.1111906,-2.2835326
1500077872350,-15.151742,-2.752686,-1.8143792
1500077872413,-13.840027,0.83777404,-2.6186423
1500077872477,-8.851681,5.644203,-3.4707782
1500077872541,-7.8367777,-0.11968201,-0.16755481
1500077872605,-14.299606,-1.5558661,-1.1824582
1500077872668,-13.868751,-4.954835,-5.38569
1500077872732,-11.82937,-2.0058703,-5.634629
1500077872796,-17.813469,2.7239625,0.5313881
1500077872860,-16.501755,-0.78032666,4.5718527
1500077872923,-13.485768,-8.32508,-2.2835326
1500077872987,-11.207023,-6.5346375,-3.9782298
1500077873051,-15.228338,-0.8952214,-5.8644185
1500077873114,-12.164479,-0.05266008,-0.09095833
1500077873178,-10.220843,-1.9005502,1.2494801
1500077873251,-11.666602,-3.4803526,-1.8909757
1500077873306,-15.257062,-2.8771553,-4.7058964
1500077873369,-11.111278,4.887813,-2.972901
1500077873433,-8.66019,1.0771381,-2.8292825
1500077873497,-10.622974,-4.3707867,0.7420284
1500077873560,-10.517654,-2.5420458,-0.7420284
1500077873624,-10.709146,-2.6760898,-5.261221
1500077873688,-13.907049,-1.3930986,-3.604822
1500077873752,-16.674097,-1.0484143,4.236743
1500077873815,-15.324084,-1.5750152,4.428234
1500077873879,-15.237913,-6.2282515,-1.4888442
1500077873943,-13.591088,-4.4856815,-4.887813
1500077874006,-15.601747,-0.9718179,-3.4612036
1500077874070,-11.905966,-1.2686293,0.4164934
1500077874134,-10.833615,-1.9388485,-0.6845811
1500077874198,-13.543216,-3.4803526,-3.2984362
1500077874261,-12.384694,1.4984187,-4.016528
1500077874325,-9.474028,3.2792869,-2.408002
1500077874390,-9.272962,-1.2494801,-1.3260766
1500077874452,-14.175137,-2.513322,-2.5707695
1500077874516,-13.141085,-4.0356774,-3.5090764
1500077874580,-13.543216,-1.5462915,-3.3175852
1500077874643,-16.30069,0.98139244,2.5994933
1500077874707,-16.166645,-2.4654493,3.2026904
1500077874771,-11.972988,-8.564445,1.2782038
1500077874835,-12.0400095,-8.2676325,2.168638
1500077874898,-15.697492,-3.4037561,0.023936402
1500077874962,-15.534724,-3.2888615,-1.6037389
1500077875026,-13.964497,-2.494173,-1.5558661
1500077875090,-14.577269,-2.800559,-1.6899099
1500077875153,-14.0793915,-0.081383765,-1.5941644
1500077875217,-11.436812,4.0931244,-0.014361841
1500077875281,-8.631466,4.581427,-1.7856555
1500077875344,-11.7049,-0.8186249,-3.6143966
1500077875408,-14.404926,-3.020774,-2.494173
1500077875472,-13.035764,-2.8771553,-1.3260766
1500077875535,-14.251733,-3.5665238,-0.2154276
1500077875599,-15.266637,-2.88673,1.3452257
1500077875663,-14.988975,-5.5771813,2.9633265
1500077875727,-12.767676,-9.225089,0.00478728
1500077875790,-12.940019,-5.873993,-2.101616
1500077875854,-16.903887,-1.8239537,-4.8782387
1500077875918,-14.816632,-0.359046,-2.2165108
1500077875982,-11.963413,-0.63670826,0.30159867
1500077876045,-13.121935,-3.3175852,-1.3930986
1500077876109,-13.638962,-0.7420284,-4.303765
1500077876173,-9.5889225,3.8346114,-2.819708
1500077876236,-8.286782,1.0196906,-1.4505459
1500077876300,-13.514492,0.0,-3.384607
1500077876364,-15.860259,-5.1176023,-2.9154537
1500077876428,-13.792154,-3.7675896,-1.2877784
1500077876492,-13.974071,-3.6814184,-0.17712937
1500077876555,-16.540052,-3.604822,1.0867126
1500077876620,-15.582597,-5.1846247,1.3165021
1500077876683,-13.217681,-5.7495236,1.3452257
1500077876746,-13.102786,-5.2707953,-3.5090764
1500077876810,-15.975154,-1.8431029,-5.414414
1500077876873,-14.175137,-0.54096264,-0.92394507
1500077876937,-13.332576,-1.3930986,0.03351096
1500077877002,-13.983645,-0.50266445,-3.0686467
1500077877065,-11.685751,2.5228968,-4.495256
1500077877129,-9.8953085,3.039923,-2.1399143
1500077877193,-11.302769,-0.9526688,-3.4133308
1500077877256,-13.093211,-3.5282254,-1.622888
1500077877328,-11.791071,-2.752686,-3.604822
1500077877383,-13.016615,-1.0771381,-1.7665064
1500077877447,-16.645372,0.751603,2.0441687
1500077877511,-16.09005,-3.825037,0.42606795
1500077877575,-12.9591675,-11.341067,-2.2643836
1500077877638,-11.714475,-5.7495236,-1.2494801
1500077877702,-14.529395,-1.5750152,-2.7718353
1500077877766,-13.399597,-2.1207652,-2.427151
1500077877829,-12.758101,-1.8718265,-0.64628285
1500077877893,-14.347479,-2.8484318,-1.622888
1500077877957,-13.323001,-0.37819514,-3.039923
1500077878021,-9.263388,2.647366,-2.475024
1500077878084,-8.028269,-0.9718179,-2.7239625
1500077878148,-11.762347,-3.0016246,-3.2218397
1500077878212,-11.685751,-5.328243,-1.9196993
1500077878275,-10.316589,-2.9633265,-3.384607
1500077878339,-14.031518,-0.56011176,-1.9005502
1500077878403,-17.28687,0.85692316,2.4367256
1500077878467,-17.009207,-4.6675982,2.9920502
1500077878530,-16.147495,-10.058076,-2.0537431
1500077878594,-13.945347,-2.647366,-6.3431463
1500077878658,-16.271965,-1.3069274,-7.051664
1500077878721,-12.968742,-1.0388398,2.2356598
1500077878785,-11.26447,-1.4792696,1.4409714
1500077878849,-12.193203,-2.9633265,-4.236743
1500077878913,-11.867668,0.9718179,-4.83994
1500077878976,-8.296356,1.6994845,-1.7665064
1500077879040,-9.100619,-1.0675635,-1.5941644
1500077879104,-14.270883,-6.8027253,-2.6952388
1500077879168,-14.835781,-5.347392,-2.8292825
1500077879231,-15.821961,0.3398969,-4.1792955
1500077879295,-18.97199,3.2601378,0.26330042
1500077879359,-16.788992,-4.495256,-1.2016073
1500077879422,-10.527229,-13.102786,-4.169721
1500077879486,-11.522984,-7.8272033,-2.7048132
1500077879550,-17.03793,-2.034594,-3.4229054
1500077879614,-17.296444,-1.5175679,-1.948423
1500077879677,-14.041093,-2.972901,-0.5792609
1500077879741,-14.366628,-3.5856729,-2.1782124
1500077879805,-14.385777,-2.0633178,-3.4899273
1500077879868,-10.996383,3.2888615,-3.059072
1500077879932,-7.204857,0.8186249,-1.4888442
1500077879996,-9.196365,-3.4324799,-3.2697124
1500077880060,-12.442142,-5.692076,-2.187787
1500077880123,-13.265553,-5.06973,-1.948423
1500077880188,-14.941102,-0.9718179,-5.49101
1500077880252,-18.713478,-0.26330042,1.0867126
1500077880316,-15.927281,-3.346309,2.3697038
1500077880378,-12.375119,-10.776168,-2.4463003
1500077880442,-11.350641,-7.5303917,-3.9495063
1500077880506,-15.821961,-1.7856555,-3.997379
1500077880570,-14.136839,-0.71330476,-1.1345854
1500077880633,-12.69108,-1.6324625,0.05266008
1500077880697,-14.797483,-3.173967,-2.561195
1500077880761,-15.333658,-3.3941817,-4.3995104
1500077880824,-12.413418,-4.08355,-0.19627848
1500077880888,-7.35805,-7.482519,4.610151
1500077880952,-3.7197168,-10.680422,1.1633091
1500077881015,0.13883112,-7.9133744,-2.187787
1500077881079,4.131423,-6.6495323,-2.6282167
1500077881143,5.0601554,-6.8888965,-0.665432
1500077881207,3.3367343,-6.333572,0.33032233
1500077881270,3.8729098,-10.575102,-0.93351966
1500077881334,3.9686553,-17.353891,-4.4090853
1500077881398,-0.5313881,-11.484685,-5.3378177
1500077881462,0.30159867,-7.3389006,-2.6090677
1500077881526,-1.0484143,-5.797396,0.7324539
1500077881598,1.0484143,-7.1665583,-0.7228793
1500077881653,-0.26330042,-7.664436,-0.25372586
1500077881716,-0.78990126,-9.818711,0.39734426
1500077881780,-2.0728924,-12.202777,0.70373017
1500077881844,-1.7856555,-10.766593,-0.40691882
1500077881908,-0.39734426,-10.689997,-1.9388485
1500077881972,-1.3069274,-9.828286,-1.4601204
1500077882036,1.5750152,-8.066567,-1.8909757
1500077882100,2.7718353,-4.648449,0.70373017
