1500080187231,-4.504831,-6.8793216,4.9069624
1500080187295,-4.9739842,-6.6208086,4.5144053
1500080187359,-5.519734,-6.486765,4.782493
1500080187423,-5.672927,-6.486765,4.5718527
1500080187486,-6.0846334,-6.3622956,5.002708
1500080187551,-5.739949,-4.715471,5.0984535
1500080187622,-5.797396,-3.2026904,6.094208
1500080187677,-9.54105,-5.9218655,6.1899533
1500080187741,-6.4484663,-5.0601554,6.9176197
1500080187805,-5.414414,-3.4803526,8.047418
1500080187869,-5.452712,-1.6420372,9.512326
1500080187932,-4.7920675,0.69415563,9.64637
1500080187996,-2.7718353,1.2973529,8.23891
1500080188060,-1.3548003,0.7994758,6.9080453
1500080188123,-1.4505459,-0.22500217,6.3527207
1500080188187,-2.8101335,-1.948423,6.544212
1500080188251,-6.9559183,-3.825037,7.3006024
1500080188315,-8.497422,-1.2590547,6.9271946
1500080188378,-7.4729443,0.3877697,5.739949
1500080188442,-7.176133,-0.18670394,4.954835
1500080188506,-12.786825,0.6558574,8.55487
1500080188570,-7.4442205,-9.742115,2.7718353
1500080188633,-5.2037735,1.2399056,6.3431463
1500080188697,-8.727212,-0.23457673,4.7058964
1500080188761,-7.7984796,-0.19627848,5.8931417
1500080188825,-8.21976,1.2111819,5.0505805
1500080188888,-7.9899707,2.6856642,4.7058964
1500080188952,-8.583593,2.905879,3.5282254
1500080189016,-8.593168,2.9154537,2.9250283
1500080189079,-8.535721,3.1643922,3.059072
1500080189143,-8.439975,3.3271596,3.2984362
1500080189207,-8.401677,3.212265,3.5569491
1500080189271,-8.411251,3.0303483,3.671844
1500080189334,-8.401677,2.580344,3.8058877
1500080189398,-8.353804,1.9579976,4.1122737
1500080189462,-8.133589,1.3739494,4.715471
1500080189525,-7.6740103,0.6750065,5.38569
1500080189589,-7.0708127,-1.0867126,5.9314404
1500080189653,-6.3431463,-1.3260766,6.9176197
1500080189716,-5.835695,-2.3984275,6.975067
1500080189780,-5.3952646,-2.7909844,7.741032
1500080189844,-3.9686553,-2.1111906,8.439975
1500080189908,-3.844186,-2.8101335,8.248484
1500080189971,-3.2792869,-3.1452432,8.363379
1500080190035,-2.867581,-2.9824755,8.6697645
1500080190099,-2.5516202,-2.6952388,9.014449
1500080190163,-2.3122563,-4.1122737,8.44955
1500080190226,-2.360129,-4.0356774,8.411251
1500080190290,-2.3505547,-3.5760984,8.621892
1500080190354,-2.4175766,-3.690993,8.4686985
1500080190418,-2.1303396,-3.777164,8.641041
1500080190482,-2.1207652,-4.2080193,8.430401
1500080190545,-2.0537431,-5.155901,7.9516726
1500080190609,-2.0633178,-4.715471,8.104865
1500080190673,-2.101616,-4.6867476,8.018694
1500080190736,-1.79523,-4.0548263,8.526146
1500080190800,-1.8143792,-3.3271596,8.803808
1500080190863,-1.5750152,-2.7239625,9.407005
1500080190927,-2.034594,-3.6335456,8.727212
1500080190991,-1.9579976,-5.155901,7.894225
1500080191056,-2.2069361,-4.3324885,8.095291
1500080191119,-2.8580062,-3.2888615,7.9708214
1500080191182,-3.212265,-1.3739494,9.359133
1500080191246,-6.410168,0.61755913,8.9761505
1500080191310,-5.653778,-2.8292825,6.304848
1500080191373,-2.6856642,-4.0739756,8.248484
1500080191437,-3.7292912,-2.2260852,9.837861
1500080191501,-3.2792869,-3.4133308,9.407005
1500080191564,-3.9399316,-2.6090677,8.842107
1500080191628,-4.1888704,-2.321831,8.392102
1500080191692,-3.2505634,-2.5994933,8.593168
1500080191755,-2.6856642,-2.647366,8.5740185
1500080191819,-1.6324625,-2.4175766,9.215514
1500080191883,-2.972901,-2.149489,8.583593
1500080191947,-3.193116,-2.0633178,8.277207
1500080192010,-2.7718353,-1.8718265,7.1186857
1500080192074,-2.5516202,-3.1452432,8.124015
1500080192138,-2.7814097,-0.9622433,10.345312
1500080192202,-2.905879,-0.30159867,8.957002
1500080192265,-4.495256,-2.9441774,7.0133657
1500080192329,-2.7239625,-1.5941644,8.928278
1500080192394,-3.9399316,-2.7048132,9.608071
1500080192457,-3.4420545,-3.0303483,7.8846507
1500080192520,-3.451629,-2.9154537,9.244238
1500080192584,-3.5090764,-3.0973704,9.004874
1500080192648,-2.7814097,-2.7239625,8.296356
1500080192712,-2.9346027,-2.2643836,8.34423
1500080192775,-2.6569405,-0.71330476,11.245321
1500080192839,-0.512239,-3.758015,9.914457
1500080192902,-2.1207652,-0.15798025,9.636795
1500080192966,-1.5845897,-4.3612123,7.156984
1500080193030,-1.8431029,-5.06973,7.501668
1500080193094,-3.4324799,-6.1995277,8.056993
1500080193157,-0.39734426,-9.167642,7.4920936
1500080193221,-0.63670826,-0.0718092,8.899554
1500080193285,-3.3750327,-4.495256,7.396348
1500080193348,-3.1165195,-2.8771553,8.9761505
1500080193412,-2.714388,-3.9495063,8.966576
1500080193476,-2.9441774,-3.777164,8.880404
1500080193540,-2.475024,-3.3558834,8.621892
1500080193603,-3.3367343,-3.059072,8.736787
1500080193667,-3.2409887,-3.2505634,8.928278
1500080193731,-3.3080106,-3.020774,9.799562
1500080193795,-1.0101161,-3.5665238,9.359133
1500080193858,-1.6133134,-3.2218397,5.912291
1500080193922,-4.389936,-0.512239,7.769756
1500080193986,-4.2271686,-3.5473747,8.842107
1500080194049,-0.63670826,-4.08355,8.277207
1500080194113,-1.5654407,-4.954835,8.650616
1500080194177,-1.8143792,-5.634629,8.353804
1500080194241,-1.1728836,-4.2558923,8.880404
1500080194304,-0.92394507,-4.782493,9.043172
1500080194368,-1.7186337,-4.5527034,9.378282
1500080194432,-0.8473486,-3.193116,8.191036
1500080194495,-1.2494801,-3.5952475,8.095291
1500080194559,-2.2165108,-4.0356774,7.664436
1500080194623,-1.2303311,-3.6622694,8.813383
1500080194687,-1.2686293,-3.451629,7.9899707
1500080194750,-2.6856642,-4.3803616,9.359133
1500080194814,-2.6760898,-2.580344,6.0080366
1500080194878,-3.8920588,-5.1654754,9.5889225
1500080194941,-2.0250196,-5.2707953,8.420826
1500080195005,-3.844186,-2.0824668,9.253813
1500080195069,-4.275041,-0.4164934,9.6942425
1500080195133,-1.3643749,-2.0824668,8.717637
1500080195196,-3.1643922,0.7228793,9.177217
1500080195260,-3.5090764,0.93351966,8.545295
1500080195324,-3.020774,-0.56011176,7.8846507
1500080195388,-2.3122563,-1.8814012,8.478273
1500080195451,-3.8154624,-3.9782298,11.982562
1500080195515,-2.867581,-1.4505459,9.502751
1500080195579,-2.2260852,-1.1920328,6.898471
1500080195642,-2.3122563,-2.8771553,7.654861
1500080195706,-3.5569491,-3.3080106,9.110194
1500080195770,-2.494173,-4.428234,7.0803876
1500080195833,-0.6079846,-4.3803616,9.7899885
1500080195897,-2.168638,-2.360129,8.765511
1500080195961,-2.1111906,-3.7388659,9.339984
1500080196025,-1.5271424,-3.5856729,8.363379
1500080196088,-3.078221,-3.4707782,8.066567
1500080196152,-3.5952475,-4.2080193,7.9325233
1500080196216,-4.303765,-3.8824842,7.6261373
1500080196280,-4.284616,-4.1601467,7.4537954
1500080196343,-4.504831,-4.0931244,7.195282
1500080196407,-4.0261025,-4.782493,7.501668
1500080196471,-4.236743,-4.275041,7.741032
1500080196535,-3.997379,-4.428234,7.5399666
1500080196598,-4.1026993,-4.236743,7.0995364
1500080196662,-4.3707867,-4.5910015,7.7793303
1500080196726,-3.9782298,-4.543129,7.56869
1500080196789,-4.169721,-4.476107,7.4442205
1500080196853,-4.1601467,-4.504831,7.3006024
1500080196917,-4.1792955,-4.4186597,7.329326
1500080196981,-4.1409974,-4.581427,7.4442205
1500080197044,-4.2175937,-4.322914,7.434646
1500080197108,-4.2271686,-4.3803616,7.501668
1500080197172,-4.1122737,-4.3803616,7.329326
1500080197235,-4.198445,-4.5622783,7.5974135
1500080197299,-4.3707867,-4.284616,7.501668
1500080197363,-4.2463174,-4.3324885,7.2910275
1500080197426,-4.495256,-4.131423,7.3676243
1500080197490,-4.456958,-4.198445,7.3389006
1500080197554,-4.3995104,-4.169721,7.3389006
1500080197619,-4.610151,-4.1888704,7.4729443
1500080197690,-5.739949,-3.2601378,7.329326
1500080197745,-5.232497,-3.2697124,6.9463434
1500080197809,-5.960164,-3.1643922,6.984642
1500080197873,-5.787822,-3.1165195,6.9463434
1500080197936,-5.797396,-3.0303483,7.1091113
1500080198000,-5.8644185,-3.0494976,6.7548523
1500080198064,-5.806971,-3.6814184,6.8888965
1500080198128,-5.1271772,-3.911208,7.46337
1500080198191,-5.347392,-3.4420545,6.764427
1500080198255,-5.0505805,-4.6005764,6.975067
1500080198319,-4.83994,-4.198445,6.9654927
1500080198382,-4.7058964,-4.466532,7.1665583
1500080198446,-4.4856815,-4.763344,6.984642
1500080198510,-4.581427,-4.887813,6.745278
1500080198574,-4.2271686,-5.2707953,6.821874
1500080198637,-4.3803616,-5.2899446,6.984642
1500080198701,-4.0644007,-5.519734,6.6208086
1500080198765,-4.6388745,-5.529309,6.850598
1500080198829,-4.456958,-5.3378177,6.5537868
1500080198892,-4.5622783,-5.376116,6.3144226
1500080198956,-4.5718527,-5.5580325,7.1474094
1500080199020,-4.495256,-4.5239797,7.02294
1500080199083,-4.8782387,-4.543129,6.821874
1500080199147,-4.5335546,-5.0601554,6.611234
1500080199211,-4.466532,-4.6388745,7.0612383
1500080199275,-4.4186597,-4.935686,6.8601727
1500080199338,-4.342063,-5.6250544,6.5537868
1500080199402,-4.3995104,-5.38569,6.850598
1500080199466,-4.3612123,-5.567607,6.716554
1500080199529,-4.476107,-5.433563,6.5059137
1500080199593,-4.3133397,-5.5101595,6.7261286
1500080199657,-3.9590807,-5.0601554,7.003791
1500080199721,-4.121848,-4.715471,6.7261286
1500080199784,-4.954835,-5.6250544,6.8122997
1500080199848,-4.284616,-4.782493,6.9654927
1500080199912,-4.5144053,-5.108028,7.0612383
1500080199976,-4.6867476,-4.7441945,7.0612383
1500080200039,-4.5718527,-4.6771727,6.821874
1500080200103,-4.7250457,-4.581427,7.0325146
1500080200167,-4.73462,-4.3324885,7.0612383
1500080200230,-4.9069624,-4.437809,6.9463434
1500080200294,-4.8590894,-4.322914,7.176133
1500080200358,-5.28037,-3.7675896,7.3006024
1500080200423,-5.2037735,-4.1601467,7.089962
1500080200486,-5.4431376,-3.384607,6.9080453
1500080200550,-5.7686725,-3.2888615,7.0133657
1500080200613,-5.433563,-3.3175852,6.4963393
1500080200676,-5.4431376,-3.3941817,7.0708127
1500080200740,-5.1654754,-3.6431203,7.156984
1500080200805,-5.299519,-3.5378,6.984642
1500080200867,-5.4431376,-3.2409887,7.5399666
1500080200931,-5.6154795,-3.844186,6.850598
1500080200996,-5.739949,-2.867581,6.745278
1500080201060,-5.692076,-2.7431116,7.1474094
1500080201123,-5.9314404,-3.1548176,7.281453
1500080201195,-5.6633525,-3.1165195,6.6495323
1500080201250,-5.586756,-3.2792869,7.089962
1500080201314,-5.194199,-3.518651,7.654861
1500080201378,-5.194199,-3.4420545,7.2240057
1500080201441,-4.849515,-3.4420545,7.12826
1500080201505,-5.6633525,-3.9016335,7.549541
1500080201569,-4.437809,-3.4707782,7.137835
1500080201632,-4.8782387,-3.8729098,7.4250717
1500080201696,-4.658024,-3.7101421,7.4729443
1500080201760,-4.782493,-3.930357,7.3867736
1500080201824,-4.6675982,-3.8537605,7.3676243
1500080201887,-4.5144053,-3.9686553,7.5399666
1500080201951,-4.5144053,-3.911208,7.5399666
1500080202015,-4.2941904,-3.9878044,7.2910275
1500080202078,-4.1601467,-4.1601467,7.4729443
1500080202142,-4.016528,-3.9207826,7.5208173
1500080202206,-3.911208,-4.811217,7.7506065
1500080202270,-3.451629,-4.198445,7.8367777
1500080202333,-2.88673,-4.3612123,7.9803963
1500080202397,-2.494173,-4.4186597,8.181462
1500080202461,-2.101616,-4.3803616,8.334655
1500080202524,-1.9388485,-4.504831,8.21976
1500080202589,-1.469695,-4.5144053,8.487848
1500080202653,-1.2494801,-4.1888704,8.487848
1500080202716,-0.90479594,-4.428234,8.478273
1500080202788,-0.751603,-4.495256,8.6697645
1500080202843,-0.665432,-4.2941904,8.679339
1500080202907,-0.40691882,-4.389936,8.66019
1500080202970,-0.2920241,-4.342063,8.439975
1500080203034,-0.17712937,-4.3707867,8.794233
1500080203098,-0.26330042,-4.1888704,8.851681
1500080203162,-0.13883112,-4.1409974,8.420826
1500080203225,-0.3877697,-4.5527034,8.822957
1500080203289,-0.10053288,-4.2271686,9.158067
1500080203353,-0.22500217,-3.930357,8.6697645
1500080203417,-0.47394073,-3.6814184,8.6697645
1500080203480,-0.5218136,-3.7484405,9.091045
1500080203544,-0.2920241,-3.4899273,9.091045
1500080203608,-1.7473572,-5.2420716,7.654861
1500080203671,0.25372586,-2.7048132,9.5219
1500080203735,0.54096264,-5.414414,8.688913
1500080203799,0.18670394,-6.438892,7.46337
1500080203863,0.8952214,-3.3080106,9.158067
1500080203926,0.4164934,-4.6293,7.894225
1500080203990,-0.93351966,-4.715471,7.12826
1500080204054,-1.4218222,-4.1409974,8.028269
1500080204117,-1.9867213,-3.0686467,8.200611
1500080204181,-1.6420372,-4.3803616,10.632549
1500080204245,-0.37819514,-3.0303483,10.19212
1500080204309,-0.5792609,-4.1122737,8.937852
1500080204372,-2.494173,-1.7856555,8.363379
1500080204436,-0.110107444,-1.776081,7.922949
1500080204500,-0.5792609,-3.997379,9.799562
1500080204563,-1.0484143,-3.1452432,8.794233
1500080204627,-1.6707608,-3.0494976,9.0814705
1500080204691,-1.1058618,-2.905879,9.024023
1500080204755,-1.7473572,-2.819708,8.985725
1500080204818,-1.6037389,-3.0494976,8.995299
1500080204882,-2.0824668,-3.3367343,8.995299
1500080204946,-1.9962958,-3.039923,8.880404
1500080205009,-2.3314054,-2.9824755,8.6697645
1500080205073,-2.666515,-3.126094,8.851681
1500080205137,-2.9537518,-3.1069448,8.698488
1500080205201,-3.2697124,-2.7814097,8.401677
1500080205265,-3.7101421,-2.4558747,8.44955
1500080205328,-3.4707782,-2.360129,8.277207
1500080205392,-3.9495063,-2.1399143,8.104865
1500080205456,-3.7005677,-2.6569405,8.602742
1500080205519,-3.4612036,-2.5707695,8.679339
1500080205583,-3.3750327,-2.5899186,8.44955
1500080205647,-3.604822,-2.4175766,8.516571
1500080205710,-3.1452432,-2.6856642,8.746361
1500080205774,-3.2792869,-2.5324712,8.727212
1500080205838,-3.193116,-2.6186423,8.535721
1500080205901,-3.193116,-2.5420458,8.679339
1500080205965,-3.2792869,-2.714388,8.6697645
1500080206029,-3.4420545,-2.580344,8.631466
1500080206093,-3.5473747,-2.321831,8.516571
1500080206156,-3.5952475,-2.5037475,8.372953
1500080206220,-3.7484405,-2.6186423,8.44955
1500080206284,-3.8920588,-2.4654493,8.506997
1500080206347,-3.6431203,-2.5228968,8.296356
1500080206411,-3.8633351,-2.3984275,8.296356
1500080206475,-3.7867386,-2.5994933,8.315506
1500080206539,-3.690993,-2.5228968,8.401677
1500080206602,-3.7484405,-2.5994933,8.363379
1500080206666,-3.5760984,-2.6090677,8.526146
1500080206730,-3.4420545,-2.5899186,8.5740185
1500080206793,-3.1356685,-2.8292825,8.650616
1500080206857,-3.2601378,-2.6282167,8.746361
1500080206921,-3.2409887,-2.5899186,8.688913
1500080206985,-3.346309,-2.7431116,8.55487
1500080207048,-3.5378,-2.733537,8.44955
1500080207112,-3.7292912,-2.714388,8.44955
1500080207176,-3.7963133,-2.666515,8.018694
1500080207239,-3.7675896,-2.6186423,8.11444
1500080207303,-3.8920588,-3.3367343,8.32508
1500080207367,-3.9399316,-3.059072,8.32508
1500080207431,-4.2271686,-2.9154537,8.612317
1500080207494,-3.4324799,-2.6569405,8.277207
1500080207558,-3.231414,-3.3750327,8.277207
1500080207622,-3.499502,-3.0494976,8.305931
1500080207686,-3.9399316,-2.972901,8.124015
1500080207750,-3.9590807,-3.1548176,8.076141
1500080207813,-3.6526947,-3.518651,7.9133744
1500080207877,-3.5282254,-3.9207826,7.7984796
1500080207940,-3.2026904,-4.0356774,8.32508
1500080208004,-3.173967,-4.08355,7.855927
1500080208068,-3.173967,-4.342063,7.702734
1500080208131,-3.7388659,-4.3324885,7.846352
1500080208195,-4.2463174,-4.08355,7.9708214
1500080208259,-3.3175852,-4.351638,8.066567
1500080208323,-3.2409887,-4.495256,8.277207
1500080208386,-3.3175852,-4.476107,8.152739
1500080208450,-2.9537518,-4.4186597,8.028269
1500080208514,-2.513322,-4.9739842,7.482519
1500080208577,-2.6377914,-4.73462,8.104865
1500080208641,-2.7622607,-4.6867476,7.9037995
1500080208705,-2.475024,-4.3995104,7.846352
1500080208769,-2.733537,-5.38569,7.1665583
1500080208832,-2.8292825,-5.567607,7.5303917
1500080208896,-2.7431116,-5.6633525,7.999545
1500080208960,-3.4133308,-5.6250544,7.4537954
1500080209023,-2.9250283,-5.500585,6.6591067
1500080209087,-3.193116,-5.644203,7.396348
1500080209151,-2.7048132,-5.5101595,7.702734
1500080209215,-3.0111992,-4.437809,8.411251
1500080209278,-3.2697124,-3.7197168,7.6835847
1500080209342,-2.8292825,-4.3324885,7.9037995
1500080209406,-3.173967,-3.9686553,8.104865
1500080209469,-3.6431203,-4.2558923,7.6452866
1500080209533,-3.5282254,-4.2941904,7.5399666
1500080209597,-3.5856729,-3.8633351,7.2623043
1500080209661,-3.231414,-4.849515,7.1474094
1500080209724,-4.1888704,-6.0080366,7.808054
1500080209788,-3.8920588,-4.5910015,7.5208173
1500080209852,-3.7005677,-4.801642,6.6591067
1500080209915,-4.504831,-4.9739842,8.545295
1500080209979,-3.451629,-4.0356774,8.104865
1500080210043,-3.690993,-3.8154624,7.5782647
1500080210107,-4.351638,-4.2080193,7.999545
1500080210170,-3.997379,-3.930357,7.855927
1500080210234,-4.4473834,-4.466532,8.191036
1500080210298,-3.5952475,-2.3122563,7.0133657
1500080210361,-4.2080193,-4.476107,7.2623043
1500080210425,-4.3324885,-4.275041,7.8272033
1500080210490,-3.6335456,-4.73462,7.788905
1500080210553,-3.758015,-5.0122824,7.8655014
1500080210616,-4.0069537,-4.7537694,7.788905
1500080210680,-3.5665238,-4.696322,7.8846507
1500080210744,-3.231414,-4.3803616,9.301685
1500080210808,-3.0016246,-4.0644007,7.051664
1500080210872,-3.1835413,-3.6622694,7.7123084
1500080210935,-4.1601467,-5.519734,3.758015
1500080210999,-5.155901,-9.54105,5.0984535
1500080211063,-4.504831,-4.5144053,7.961247
1500080211126,-3.825037,-4.7058964,7.4154973
1500080211191,-2.8484318,-6.323997,8.411251
1500080211255,-2.9250283,-3.2697124,6.256975
1500080211317,-3.8058877,-5.7112255,7.02294
1500080211381,-2.6186423,-5.538883,7.6452866
1500080211445,-2.800559,-5.5484576,7.5208173
1500080211508,-2.714388,-4.3612123,7.855927
1500080211572,-2.5994933,-4.772918,8.439975
1500080211636,-3.078221,-3.6814184,7.961247
1500080211699,-2.2835326,-4.0644007,8.583593
1500080211763,-2.101616,-4.2941904,8.372953
1500080211827,-2.0441687,-4.0069537,8.583593
1500080211891,-2.513322,-3.9016335,8.497422
1500080211954,-2.3888528,-3.5760984,8.708063
1500080212018,-2.2643836,-3.5856729,8.679339
1500080212082,-2.4654493,-3.690993,8.401677
1500080212145,-2.3314054,-2.905879,8.813383
1500080212209,-2.905879,-3.7005677,8.842107
1500080212273,-3.3558834,-2.800559,8.191036
1500080212337,-3.3271596,-2.905879,8.420826
1500080212400,-3.384607,-2.6186423,8.478273
1500080212464,-3.5473747,-3.0494976,8.372953
1500080212528,-3.365458,-2.8484318,8.44955
1500080212592,-3.4133308,-2.647366,8.55487
1500080212656,-2.9441774,-2.9537518,8.7750845
1500080212719,-3.0877957,-2.6760898,8.755936
1500080212784,-3.365458,-2.5324712,8.497422
1500080212847,-3.5760984,-3.0494976,8.439975
1500080212910,-3.7484405,-2.714388,8.152739
1500080212975,-3.8729098,-2.819708,8.248484
1500080213038,-3.5378,-3.020774,8.44955
1500080213101,-3.4803526,-2.7718353,8.258059
1500080213165,-3.2409887,-2.7718353,8.612317
1500080213229,-3.0303483,-3.173967,8.688913
1500080213293,-2.972901,-3.0303483,8.650616
1500080213356,-3.3367343,-2.6282167,8.487848
1500080213420,-3.2697124,-2.9537518,8.516571
1500080213484,-3.2409887,-3.212265,8.526146
1500080213547,-3.4612036,-2.9537518,8.382527
1500080213611,-3.5090764,-2.9346027,8.34423
1500080213675,-3.5665238,-3.2601378,8.277207
1500080213738,-3.499502,-2.9537518,8.305931
1500080213802,-3.5569491,-2.8963046,8.2676325
1500080213866,-3.384607,-2.9346027,8.430401
1500080213930,-2.9824755,-3.1165195,8.66019
1500080213993,-3.020774,-2.9920502,8.497422
1500080214057,-2.9346027,-2.8484318,8.6697645
1500080214121,-2.7622607,-3.0973704,8.784659
1500080214185,-2.6856642,-3.2888615,8.755936
1500080214248,-2.8484318,-2.972901,8.794233
1500080214312,-3.1548176,-3.0877957,8.44955
1500080214376,-3.0877957,-3.2505634,8.535721
1500080214439,-3.6143966,-3.039923,8.21976
1500080214503,-3.6335456,-2.8963046,8.191036
1500080214567,-3.6622694,-3.0111992,8.382527
1500080214630,-3.4899273,-2.9441774,8.23891
1500080214694,-3.777164,-2.8388572,8.258059
1500080214758,-3.5282254,-2.9920502,8.372953
1500080214822,-3.2505634,-2.972901,8.392102
1500080214885,-3.365458,-2.9154537,8.55487
1500080214949,-2.8292825,-3.0494976,8.727212
1500080215013,-3.126094,-2.8388572,8.526146
1500080215076,-2.8292825,-2.9537518,8.803808
1500080215140,-2.9537518,-3.0016246,8.736787
1500080215204,-3.0494976,-2.9346027,8.621892
1500080215268,-3.0686467,-2.5420458,8.487848
1500080215332,-3.059072,-2.5899186,8.679339
1500080215395,-3.4229054,-2.800559,8.621892
1500080215459,-3.7675896,-1.8526775,9.0814705
1500080215523,-4.016528,-1.2111819,7.9037995
1500080215586,-4.2271686,-1.5750152,8.286782
1500080215650,-4.456958,-2.015445,7.922949
1500080215714,-3.9016335,-2.2643836,8.880404
1500080215777,-3.777164,-1.469695,8.717637
1500080215841,-3.9590807,-1.7473572,8.277207
1500080215905,-3.5856729,-2.1207652,8.44955
1500080215969,-3.499502,-1.7282082,8.602742
1500080216032,-3.499502,-1.4026731,8.717637
1500080216096,-3.2984362,-2.2739582,8.803808
1500080216160,-3.346309,-1.9196993,8.755936
1500080216223,-3.4707782,-1.776081,8.679339
1500080216287,-3.2218397,-2.0633178,8.861256
1500080216351,-3.499502,-2.034594,8.708063
1500080216415,-3.5665238,-1.929274,8.583593
1500080216478,-3.5378,-2.34098,8.526146
1500080216542,-3.8633351,-2.3505547,8.526146
1500080216606,-3.7867386,-2.4175766,8.363379
1500080216669,-3.6431203,-2.2165108,8.382527
1500080216733,-3.6143966,-2.0537431,8.401677
1500080216797,-3.7005677,-2.34098,8.439975
1500080216861,-3.5569491,-3.1548176,8.459125
1500080216924,-3.4899273,-2.580344,8.564445
1500080216988,-3.0494976,-2.513322,8.631466
1500080217052,-3.039923,-2.2260852,8.794233
1500080217115,-3.0111992,-2.4175766,8.822957
1500080217179,-3.0303483,-2.513322,8.813383
1500080217243,-2.9824755,-2.3984275,8.851681
1500080217307,-3.1069448,-2.3026817,8.755936
1500080217370,-3.212265,-2.427151,8.717637
1500080217434,-3.2697124,-2.3792782,8.612317
1500080217498,-3.604822,-2.3122563,8.497422
1500080217561,-3.4803526,-2.494173,8.564445
1500080217625,-3.5760984,-2.3792782,8.497422
1500080217689,-3.5760984,-2.34098,8.411251
1500080217753,-3.604822,-2.254809,8.4686985
1500080217816,-3.499502,-2.3697038,8.545295
1500080217881,-3.3271596,-2.2739582,8.631466
1500080217944,-3.2697124,-2.3505547,8.679339
1500080218008,-3.1835413,-2.2835326,8.736787
1500080218072,-3.0686467,-2.408002,8.794233
1500080218135,-2.905879,-2.3314054,8.870831
1500080218199,-2.9824755,-2.3792782,8.784659
1500080218262,-3.126094,-2.4175766,8.842107
1500080218326,-3.0111992,-2.3888528,8.755936
1500080218390,-3.2026904,-2.3026817,8.679339
1500080218453,-3.4899273,-2.3792782,8.679339
1500080218517,-3.3271596,-2.561195,8.459125
1500080218581,-3.6431203,-2.408002,8.392102
1500080218645,-3.7963133,-2.3697038,8.478273
1500080218708,-3.4612036,-2.3888528,8.44955
1500080218772,-3.5569491,-2.3026817,8.430401
1500080218836,-3.6526947,-2.3984275,8.545295
1500080218899,-3.3367343,-2.3888528,8.564445
1500080218963,-3.365458,-2.2643836,8.602742
1500080219027,-3.1548176,-2.4558747,8.784659
1500080219090,-2.88673,-2.427151,8.870831
1500080219154,-3.0973704,-2.254809,8.784659
1500080219218,-3.0877957,-2.3505547,8.736787
1500080219282,-2.972901,-2.3697038,8.861256
1500080219345,-3.0686467,-2.3697038,8.727212
1500080219409,-3.1452432,-2.3984275,8.794233
1500080219473,-3.2409887,-2.254809,8.6697645
1500080219536,-3.365458,-2.4367256,8.583593
1500080219600,-3.4707782,-2.427151,8.5740185
1500080219664,-3.4899273,-2.3697038,8.506997
1500080219728,-3.7197168,-2.427151,8.401677
1500080219791,-3.5665238,-2.427151,8.439975
1500080219855,-3.5090764,-2.5516202,8.526146
1500080219919,-3.4707782,-2.5228968,8.44955
1500080219982,-3.2888615,-2.561195,8.679339
1500080220046,-3.212265,-2.5420458,8.5740185
1500080220111,-3.126094,-2.4558747,8.55487
1500080220174,-3.2984362,-2.321831,8.851681
1500080220237,-2.88673,-2.4654493,8.822957
1500080220301,-3.0494976,-2.4845984,8.822957
1500080220365,-2.88673,-2.4654493,8.813383
1500080220428,-3.1165195,-2.427151,8.650616
1500080220492,-3.1452432,-2.475024,8.688913
1500080220556,-3.212265,-2.34098,8.870831
1500080220621,-3.173967,-2.149489,8.631466
1500080220683,-3.6814184,-2.1973617,8.363379
1500080220747,-3.6814184,-2.3792782,8.459125
1500080220811,-3.690993,-2.3888528,8.55487
1500080220875,-3.5665238,-2.2452345,8.487848
1500080220938,-3.499502,-2.168638,8.545295
1500080221002,-3.5282254,-2.3314054,8.535721
1500080221066,-3.346309,-2.3122563,8.602742
1500080221130,-3.365458,-2.2739582,8.631466
1500080221194,-3.3941817,-2.321831,8.583593
1500080221258,-2.8101335,-2.2260852,8.957002
1500080221321,-3.0973704,-2.1782124,8.861256
1500080221384,-3.059072,-2.2739582,8.861256
1500080221448,-3.0016246,-2.360129,8.832532
1500080221512,-3.212265,-2.2452345,8.688913
1500080221575,-3.2697124,-2.360129,8.708063
1500080221639,-3.2505634,-2.4463003,8.641041
1500080221703,-3.499502,-2.3505547,8.526146
1500080221766,-3.671844,-2.3314054,8.487848
1500080221830,-3.6335456,-2.360129,8.401677
1500080221894,-3.5952475,-2.34098,8.439975
1500080221958,-3.7005677,-2.3984275,8.487848
1500080222021,-3.690993,-2.3888528,8.401677
1500080222085,-3.5378,-2.3888528,8.55487
1500080222149,-3.384607,-2.4463003,8.506997
1500080222213,-3.5090764,-2.3026817,8.66019
1500080222276,-3.0877957,-2.513322,8.746361
1500080222340,-3.126094,-2.3984275,8.784659
1500080222404,-3.2697124,-2.3888528,8.698488
1500080222467,-3.0303483,-2.427151,8.765511
1500080222531,-3.365458,-2.408002,8.727212
1500080222595,-3.346309,-2.427151,8.593168
1500080222659,-3.4420545,-2.4845984,8.6697645
1500080222722,-3.5665238,-2.34098,8.459125
1500080222786,-3.7963133,-2.4558747,8.4686985
1500080222850,-3.5665238,-2.5420458,8.277207
1500080222913,-3.758015,-2.4367256,8.315506
1500080222978,-3.8824842,-2.427151,8.34423
1500080223042,-3.6239712,-2.4845984,8.478273
1500080223106,-3.365458,-2.4654493,8.506997
1500080223170,-3.499502,-2.3888528,8.641041
1500080223232,-3.3750327,-2.5324712,8.535721
1500080223296,-3.2218397,-2.427151,8.6697645
1500080223359,-3.3271596,-2.561195,8.755936
1500080223423,-2.9920502,-2.494173,8.698488
1500080223487,-3.0877957,-2.0920415,8.803808
1500080223551,-3.3367343,-2.4175766,8.688913
1500080223614,-3.3080106,-2.475024,8.803808
1500080223678,-3.2984362,-2.3026817,8.631466
1500080223742,-3.4037561,-2.3122563,8.516571
1500080223805,-3.6526947,-2.4558747,8.602742
1500080223869,-3.6143966,-2.427151,8.430401
1500080223933,-3.8058877,-2.408002,8.315506
1500080223997,-3.8537605,-2.513322,8.34423
1500080224060,-3.9207826,-2.3984275,8.315506
1500080224124,-3.8537605,-2.4845984,8.34423
1500080224188,-3.5952475,-2.4367256,8.439975
1500080224252,-3.6431203,-2.513322,8.439975
1500080224315,-3.2888615,-2.4367256,8.602742
1500080224379,-3.4420545,-2.4654493,8.564445
1500080224443,-3.4037561,-2.34098,8.727212
1500080224506,-3.059072,-2.4175766,8.7750845
1500080224570,-3.3175852,-2.2739582,8.602742
1500080224634,-3.2697124,-2.3984275,8.861256
1500080224697,-3.231414,-2.3984275,8.755936
1500080224761,-3.1165195,-2.3888528,8.746361
1500080224825,-3.5282254,-2.2260852,8.631466
1500080224889,-3.4803526,-2.3026817,8.411251
1500080224952,-3.8729098,-2.3314054,8.363379
1500080225016,-3.8537605,-2.4367256,8.382527
1500080225080,-3.5665238,-2.5228968,8.487848
1500080225145,-3.9686553,-2.2739582,8.32508
1500080225208,-3.5665238,-2.3314054,8.516571
1500080225271,-3.3558834,-2.2069361,8.487848
1500080225335,-3.5473747,-2.168638,8.564445
1500080225399,-3.384607,-2.34098,8.708063
1500080225462,-2.9920502,-2.3984275,8.803808
1500080225526,-3.0973704,-2.34098,8.765511
1500080225590,-3.039923,-2.6186423,8.7750845
1500080225653,-2.9250283,-2.475024,8.880404
1500080225717,-3.0016246,-2.5228968,8.746361
1500080225781,-3.1356685,-2.1207652,8.5740185
1500080225845,-3.451629,-2.8580062,8.641041
1500080225908,-3.2026904,-2.6377914,8.765511
1500080225972,-3.3558834,-2.647366,8.506997
1500080226036,-3.518651,-2.3792782,8.430401
1500080226099,-3.518651,-2.714388,8.439975
1500080226163,-3.6431203,-2.6282167,8.392102
1500080226227,-3.5760984,-2.4654493,8.363379
1500080226291,-3.6143966,-2.6377914,8.401677
1500080226354,-3.4229054,-2.5994933,8.612317
1500080226418,-3.2218397,-2.513322,8.602742
1500080226482,-2.8292825,-2.4654493,8.746361
1500080226545,-3.2218397,-2.561195,8.813383
1500080226609,-2.9537518,-2.561195,8.851681
1500080226673,-3.0686467,-2.3505547,8.650616
1500080226737,-3.173967,-2.408002,8.755936
1500080226800,-3.212265,-2.5899186,8.822957
1500080226864,-3.2984362,-2.1782124,8.55487
1500080226928,-3.4420545,-2.4367256,8.650616
1500080226991,-3.5473747,-2.580344,8.439975
1500080227055,-3.758015,-2.1207652,8.439975
1500080227119,-3.6431203,-2.4654493,8.4686985
1500080227183,-3.7675896,-2.3314054,8.392102
1500080227246,-3.8154624,-2.3122563,8.411251
1500080227310,-3.4899273,-2.3697038,8.401677
1500080227374,-3.5952475,-2.3026817,8.487848
1500080227438,-3.5473747,-2.408002,8.535721
1500080227501,-3.5090764,-2.4463003,8.583593
1500080227565,-3.0111992,-2.3888528,8.832532
1500080227629,-3.0494976,-2.3888528,8.717637
1500080227692,-3.2601378,-2.427151,8.746361
1500080227756,-3.1356685,-2.475024,8.842107
1500080227820,-3.173967,-2.427151,8.746361
1500080227884,-3.0494976,-2.3888528,8.6697645
1500080227947,-3.518651,-2.3314054,8.526146
1500080228011,-3.4133308,-2.494173,8.631466
1500080228076,-3.671844,-2.513322,8.564445
1500080228147,-3.604822,-2.3122563,8.401677
1500080228202,-3.8154624,-2.4463003,8.258059
1500080228266,-3.825037,-2.4845984,8.392102
1500080228331,-3.7388659,-2.3888528,8.353804
1500080228394,-3.6239712,-2.4558747,8.382527
1500080228457,-3.5665238,-2.6090677,8.55487
1500080228521,-3.3367343,-2.5899186,8.631466
1500080228585,-3.1452432,-2.4654493,8.593168
1500080228648,-3.2218397,-2.5420458,8.717637
1500080228712,-3.1548176,-2.513322,8.755936
1500080228776,-3.059072,-2.475024,8.746361
1500080228839,-3.1548176,-2.4175766,8.717637
1500080228903,-3.2601378,-2.4845984,8.6697645
1500080228967,-3.212265,-2.4175766,8.602742
1500080229031,-3.365458,-2.5037475,8.602742
1500080229094,-3.3175852,-2.513322,8.583593
1500080229158,-3.3271596,-2.580344,8.612317
1500080229222,-3.3175852,-2.475024,8.583593
1500080229286,-3.2505634,-2.494173,8.545295
1500080229349,-3.451629,-2.513322,8.602742
1500080229413,-3.2505634,-2.5228968,8.602742
1500080229477,-3.1165195,-2.4558747,8.708063
1500080229540,-3.3080106,-2.494173,8.621892
1500080229604,-3.231414,-2.494173,8.650616
1500080229668,-3.346309,-2.5228968,8.650616
1500080229731,-3.2026904,-2.4558747,8.641041
1500080229796,-3.384607,-2.5228968,8.535721
1500080229859,-3.3271596,-2.5324712,8.621892
1500080229923,-3.2409887,-2.5037475,8.641041
1500080229986,-3.4133308,-2.427151,8.564445
1500080230050,-3.3080106,-2.5037475,8.621892
1500080230114,-3.2409887,-2.4463003,8.631466
1500080230178,-3.3175852,-2.4558747,8.621892
1500080230241,-3.4229054,-2.5228968,8.602742
1500080230305,-3.1643922,-2.494173,8.66019
1500080230369,-3.4899273,-2.427151,8.5740185
1500080230432,-3.2026904,-2.5228968,8.698488
1500080230496,-3.3941817,-2.3888528,8.564445
1500080230560,-3.499502,-2.408002,8.526146
1500080230624,-3.3941817,-2.4845984,8.5740185
1500080230687,-3.5282254,-2.408002,8.55487
1500080230751,-3.4229054,-2.4558747,8.564445
1500080230815,-3.3750327,-2.3984275,8.621892
1500080230878,-3.4803526,-2.494173,8.5740185
1500080230942,-3.4229054,-2.3984275,8.5740185
1500080231006,-3.4037561,-2.475024,8.5740185
1500080231069,-3.5282254,-2.475024,8.593168
1500080231133,-3.4037561,-2.4367256,8.593168
1500080231197,-3.4037561,-2.408002,8.564445
1500080231261,-3.499502,-2.3792782,8.583593
1500080231324,-3.2792869,-2.3792782,8.5740185
1500080231388,-3.5569491,-2.4367256,8.516571
1500080231452,-3.6239712,-2.5228968,8.612317
1500080231515,-3.2792869,-2.3888528,8.6697645
1500080231579,-3.2505634,-2.2931073,8.564445
1500080231643,-3.7005677,-2.5037475,8.4686985
1500080231707,-3.2888615,-2.5228968,8.698488
1500080231770,-3.5378,-2.408002,8.526146
1500080231834,-3.4707782,-2.408002,8.545295
1500080231898,-3.4707782,-2.4175766,8.612317
1500080231962,-3.4899273,-2.3505547,8.526146
1500080232025,-3.604822,-2.3792782,8.478273
1500080232089,-3.5378,-2.3314054,8.631466
1500080232153,-3.5665238,-2.4175766,8.487848
1500080232216,-3.4324799,-2.2931073,8.641041
1500080232280,-3.5665238,-2.3314054,8.506997
1500080232344,-3.451629,-2.3792782,8.593168
1500080232407,-3.4803526,-2.3697038,8.535721
1500080232471,-3.518651,-2.3697038,8.593168
1500080232535,-3.518651,-2.427151,8.535721
1500080232599,-3.4324799,-2.3697038,8.545295
1500080232662,-3.451629,-2.3697038,8.602742
1500080232726,-3.451629,-2.494173,8.631466
1500080232790,-3.3750327,-2.3314054,8.593168
1500080232853,-3.4229054,-2.3984275,8.55487
1500080232917,-3.5090764,-2.3792782,8.612317
1500080232981,-3.3750327,-2.3984275,8.612317
1500080233045,-3.4899273,-2.3505547,8.564445
1500080233108,-3.3750327,-2.360129,8.593168
1500080233172,-3.4707782,-2.4175766,8.593168
1500080233236,-3.2984362,-2.427151,8.621892
1500080233300,-3.3271596,-2.3888528,8.641041
1500080233364,-3.4899273,-2.3697038,8.602742
1500080233428,-3.346309,-2.3314054,8.564445
1500080233491,-3.365458,-2.3792782,8.66019
1500080233554,-3.4324799,-2.3792782,8.650616
1500080233618,-3.346309,-2.3888528,8.564445
1500080233682,-3.346309,-2.3505547,8.698488
1500080233745,-3.4420545,-2.4175766,8.612317
1500080233809,-3.126094,-2.34098,8.717637
1500080233873,-3.4707782,-2.3792782,8.526146
1500080233937,-3.4324799,-2.360129,8.631466
1500080234000,-3.2888615,-2.4845984,8.612317
1500080234064,-3.5090764,-2.321831,8.535721
1500080234128,-3.2888615,-2.494173,8.679339
1500080234192,-3.4133308,-2.3314054,8.602742
1500080234255,-3.3750327,-2.427151,8.55487
1500080234319,-3.346309,-2.4558747,8.593168
1500080234383,-3.4324799,-2.4367256,8.621892
1500080234446,-3.1452432,-2.4558747,8.641041
1500080234510,-3.3941817,-2.4463003,8.621892
1500080234574,-3.231414,-2.580344,8.641041
1500080234637,-3.2601378,-2.408002,8.621892
1500080234701,-3.2984362,-2.5324712,8.593168
1500080234765,-3.2888615,-2.4654493,8.641041
1500080234829,-3.2601378,-2.580344,8.641041
1500080234892,-3.231414,-2.475024,8.621892
1500080234956,-3.1643922,-2.513322,8.641041
1500080235020,-3.365458,-2.5324712,8.631466
1500080235083,-3.3367343,-2.5420458,8.641041
1500080235147,-3.1548176,-2.4175766,8.641041
1500080235211,-3.4133308,-2.4463003,8.621892
1500080235275,-3.2697124,-2.5707695,8.688913
1500080235338,-3.212265,-2.34098,8.631466
1500080235402,-3.4037561,-2.408002,8.506997
1500080235466,-3.3750327,-2.4845984,8.66019
1500080235530,-3.3558834,-2.4175766,8.55487
1500080235593,-3.4612036,-2.4367256,8.593168
1500080235657,-3.2697124,-2.5037475,8.621892
1500080235721,-3.346309,-2.4175766,8.593168
1500080235784,-3.3558834,-2.4654493,8.612317
1500080235848,-3.4037561,-2.4845984,8.593168
1500080235912,-3.3367343,-2.4558747,8.583593
1500080235975,-3.2888615,-2.4654493,8.612317
1500080236039,-3.4133308,-2.427151,8.641041
1500080236103,-3.193116,-2.513322,8.612317
1500080236167,-3.231414,-2.4558747,8.631466
1500080236230,-3.499502,-2.5228968,8.631466
1500080236294,-3.1643922,-2.4558747,8.727212
1500080236358,-3.1835413,-2.34098,8.545295
1500080236421,-3.4612036,-2.408002,8.631466
1500080236485,-3.346309,-2.5420458,8.679339
1500080236549,-3.3367343,-2.3697038,8.583593
1500080236613,-3.2409887,-2.34098,8.516571
1500080236676,-3.346309,-2.5228968,8.746361
1500080236740,-3.3271596,-2.475024,8.583593
1500080236804,-3.4133308,-2.4463003,8.593168
1500080236867,-3.1835413,-2.4845984,8.631466
1500080236931,-3.4803526,-2.475024,8.526146
1500080236995,-3.2697124,-2.4654493,8.631466
1500080237059,-3.2697124,-2.5228968,8.650616
1500080237122,-3.3175852,-2.5420458,8.612317
1500080237186,-3.1548176,-2.427151,8.708063
1500080237250,-3.3750327,-2.494173,8.516571
1500080237313,-3.3175852,-2.494173,8.755936
1500080237377,-3.2026904,-2.4845984,8.583593
1500080237441,-3.5760984,-2.427151,8.5740185
1500080237505,-3.0686467,-2.427151,8.698488
1500080237568,-3.518651,-2.408002,8.478273
1500080237632,-3.346309,-2.5037475,8.650616
1500080237696,-3.2601378,-2.513322,8.66019
1500080237759,-3.5569491,-2.5324712,8.545295
1500080237823,-3.212265,-2.3984275,8.650616
1500080237887,-3.173967,-2.494173,8.717637
1500080237951,-3.5090764,-2.3888528,8.4686985
1500080238014,-3.3175852,-2.4463003,8.602742
1500080238078,-3.3175852,-2.5420458,8.602742
1500080238142,-3.3367343,-2.4558747,8.631466
1500080238206,-3.4229054,-2.4463003,8.602742
1500080238269,-3.1643922,-2.5228968,8.66019
1500080238333,-3.384607,-2.3888528,8.621892
1500080238397,-3.4133308,-2.360129,8.564445
1500080238460,-3.2697124,-2.494173,8.621892
1500080238524,-3.1356685,-2.580344,8.679339
1500080238588,-3.4420545,-2.3697038,8.641041
1500080238651,-3.3080106,-2.5324712,8.602742
1500080238715,-3.173967,-2.3697038,8.679339
1500080238779,-3.4037561,-2.3792782,8.564445
1500080238843,-3.4324799,-2.4654493,8.641041
1500080238906,-3.3175852,-2.3122563,8.545295
1500080238970,-3.3558834,-2.427151,8.55487
1500080239034,-3.4324799,-2.4845984,8.717637
1500080239097,-3.2505634,-2.4367256,8.621892
1500080239161,-3.3367343,-2.321831,8.583593
1500080239225,-3.2697124,-2.4463003,8.688913
1500080239289,-3.384607,-2.5420458,8.602742
1500080239352,-3.2697124,-2.3122563,8.583593
1500080239416,-3.1165195,-2.5324712,8.641041
1500080239480,-3.346309,-2.5420458,8.736787
1500080239543,-3.231414,-2.561195,8.5740185
1500080239607,-3.1165195,-2.4463003,8.612317
1500080239671,-3.3367343,-2.6090677,8.717637
1500080239735,-3.2601378,-2.5420458,8.6697645
1500080239798,-3.0016246,-2.3505547,8.602742
1500080239862,-3.3271596,-2.5228968,8.631466
1500080239926,-3.039923,-2.561195,8.698488
1500080239989,-3.2697124,-2.5324712,8.545295
1500080240053,-3.2218397,-2.5707695,8.736787
1500080240117,-3.0016246,-2.6760898,8.688913
1500080240181,-3.2409887,-2.494173,8.66019
1500080240244,-3.059072,-2.6090677,8.688913
1500080240308,-3.2505634,-2.4367256,8.5740185
1500080240372,-3.2697124,-2.5228968,8.593168
1500080240435,-2.972901,-2.6569405,8.803808
1500080240499,-3.173967,-2.427151,8.583593
1500080240563,-3.346309,-2.5516202,8.650616
1500080240627,-3.2984362,-2.5899186,8.708063
1500080240690,-2.9154537,-2.3505547,8.612317
1500080240754,-3.6335456,-2.5037475,8.545295
1500080240818,-3.173967,-2.714388,8.736787
1500080240881,-3.1643922,-2.3888528,8.487848
1500080240945,-3.2984362,-2.5994933,8.650616
1500080241009,-3.4037561,-2.5228968,8.602742
1500080241073,-3.231414,-2.1111906,8.679339
1500080241136,-3.2409887,-2.3697038,8.564445
1500080241200,-3.5090764,-2.561195,8.631466
1500080241264,-2.9633265,-2.475024,8.688913
1500080241327,-3.4229054,-2.5420458,8.631466
1500080241391,-3.2409887,-2.475024,8.650616
1500080241455,-3.3175852,-2.5420458,8.631466
1500080241518,-3.604822,-2.427151,8.4686985
1500080241582,-2.733537,-2.3984275,8.784659
1500080241646,-3.4420545,-2.7622607,8.650616
1500080241710,-2.9920502,-2.5899186,8.679339
1500080241773,-3.346309,-2.5228968,8.4686985
1500080241837,-3.4803526,-2.6760898,8.765511
1500080241901,-3.2026904,-2.5707695,8.583593
1500080241965,-3.1835413,-2.3984275,8.516571
1500080242028,-3.4133308,-2.513322,8.631466
1500080242092,-3.4133308,-2.647366,8.564445
1500080242156,-3.212265,-2.427151,8.602742
1500080242219,-3.4229054,-2.5324712,8.535721
1500080242283,-3.346309,-2.4845984,8.564445
1500080242347,-3.3367343,-2.5420458,8.593168
1500080242410,-3.1356685,-2.5037475,8.66019
1500080242474,-3.518651,-2.6377914,8.621892
1500080242538,-3.1069448,-2.3792782,8.5740185
1500080242602,-3.212265,-2.561195,8.679339
1500080242665,-3.4133308,-2.6090677,8.583593
1500080242729,-3.2984362,-2.4367256,8.631466
1500080242793,-3.1356685,-2.5516202,8.593168
1500080242856,-3.3558834,-2.5324712,8.641041
1500080242920,-3.2888615,-2.561195,8.612317
1500080242984,-3.3750327,-2.5420458,8.593168
1500080243048,-3.2697124,-2.4845984,8.593168
1500080243111,-3.3271596,-2.4367256,8.545295
1500080243175,-3.231414,-2.5707695,8.708063
1500080243239,-3.346309,-2.5707695,8.593168
1500080243302,-3.1835413,-2.513322,8.602742
1500080243366,-3.3941817,-2.513322,8.746361
1500080243431,-3.0016246,-2.4367256,8.459125
1500080243494,-3.758015,-2.5324712,8.612317
1500080243557,-3.3367343,-2.6377914,8.602742
1500080243621,-3.0686467,-2.2931073,8.5740185
1500080243685,-3.6143966,-2.561195,8.545295
1500080243748,-3.3175852,-2.494173,8.6697645
1500080243812,-3.3558834,-2.360129,8.545295
1500080243876,-3.365458,-2.5707695,8.688913
1500080243940,-3.518651,-2.4654493,8.506997
1500080244003,-3.173967,-2.3984275,8.612317
1500080244067,-3.4420545,-2.5420458,8.535721
1500080244131,-3.4707782,-2.5707695,8.621892
1500080244195,-3.3558834,-2.513322,8.621892
1500080244258,-3.4420545,-2.5037475,8.55487
1500080244322,-3.4612036,-2.4558747,8.621892
1500080244386,-3.384607,-2.513322,8.593168
1500080244449,-3.6431203,-2.4175766,8.516571
1500080244513,-3.604822,-2.427151,8.459125
1500080244577,-3.6526947,-2.580344,8.612317
1500080244640,-3.7867386,-2.475024,8.401677
1500080244704,-3.844186,-2.4175766,8.363379
1500080244768,-3.9590807,-2.4558747,8.353804
1500080244832,-4.016528,-2.561195,8.200611
1500080244895,-4.1792955,-2.5420458,8.11444
1500080244959,-4.2463174,-2.8101335,8.076141
1500080245023,-4.0739756,-2.8963046,8.085716
1500080245086,-4.466532,-3.126094,8.095291
1500080245150,-3.8824842,-3.6814184,7.922949
1500080245214,-3.4707782,-3.9495063,7.8176284
1500080245278,-3.4420545,-4.543129,7.9708214
1500080245342,-3.4707782,-4.1792955,7.6452866
1500080245405,-3.2984362,-4.303765,7.788905
1500080245469,-3.1069448,-4.3324885,7.635712
1500080245533,-2.867581,-4.495256,7.808054
1500080245596,-2.3984275,-5.2516465,7.9325233
1500080245660,-2.2643836,-5.299519,8.085716
1500080245724,-1.622888,-4.9739842,8.028269
1500080245787,-1.4409714,-5.2420716,8.430401
1500080245851,-0.8281995,-5.06973,8.5740185
1500080245915,-1.4026731,-4.5335546,7.9325233
1500080245978,-1.3356512,-4.9069624,8.143164
1500080246042,-1.1058618,-5.1176023,8.392102
1500080246106,-1.2494801,-4.811217,8.382527
1500080246170,-1.0675635,-4.8303657,7.9803963
1500080246233,-1.2590547,-4.619725,7.9420977
1500080246297,-1.3165021,-4.0739756,7.1857076
1500080246361,-1.6420372,-6.3814445,7.501668
1500080246425,-2.3505547,-6.3527207,8.851681
1500080246488,-2.4845984,-4.8782387,7.7506065
1500080246552,-2.0633178,-5.2037735,7.9037995
1500080246616,-2.1973617,-5.041006,8.047418
1500080246679,-2.101616,-4.9452605,7.788905
1500080246743,-2.360129,-5.194199,8.066567
1500080246807,-2.2739582,-5.0505805,7.846352
1500080246871,-2.2739582,-5.1367517,7.9133744
1500080246934,-2.321831,-5.0601554,7.846352
1500080246998,-2.2452345,-5.0505805,7.922949
1500080247062,-2.2165108,-5.0314317,7.9420977
1500080247126,-2.187787,-5.002708,7.9708214
1500080247189,-2.0824668,-5.0505805,7.999545
1500080247253,-2.1207652,-5.146326,8.037844
1500080247317,-1.9962958,-5.041006,7.8272033
1500080247380,-1.8143792,-5.1846247,7.922949
1500080247444,-1.5845897,-5.155901,8.200611
1500080247508,-1.5271424,-4.811217,8.181462
1500080247571,-1.622888,-4.9739842,8.171887
1500080247635,-1.7377827,-5.079304,8.315506
1500080247699,-1.6611862,-5.1654754,8.1623125
1500080247762,-1.4792696,-5.0505805,7.741032
1500080247826,-1.5750152,-4.993133,7.7601814
1500080247890,-1.5175679,-5.2516465,7.9803963
1500080247954,-1.6611862,-5.06973,7.8272033
1500080248017,-1.4792696,-5.2516465,7.7123084
1500080248081,-1.4409714,-5.4239883,7.788905
1500080248145,-1.5462915,-5.4718614,7.9899707
1500080248209,-1.4792696,-5.682502,8.32508
1500080248272,-1.2207564,-5.605905,7.9325233
1500080248336,-1.3165021,-5.17505,7.6740103
