1500080311730,-9.474028,-1.2590547,1.2494801
1500080311794,-9.454879,-1.3356512,1.2494801
1500080311858,-9.445304,-1.2590547,1.3643749
1500080311921,-9.483603,-1.1537346,1.2686293
1500080311985,-9.474028,-1.1058618,1.3356512
1500080312049,-9.474028,-1.1345854,1.2973529
1500080312113,-9.483603,-1.1154363,1.2782038
1500080312176,-9.483603,-1.0771381,1.3069274
1500080312241,-9.474028,-1.0867126,1.3260766
1500080312304,-9.474028,-1.1537346,1.2877784
1500080312367,-9.464453,-1.2207564,1.2782038
1500080312431,-9.464453,-1.2399056,1.2782038
1500080312495,-9.464453,-1.2207564,1.2686293
1500080312559,-9.464453,-1.2303311,1.2494801
1500080312622,-9.454879,-1.2782038,1.2494801
1500080312686,-9.483603,-1.2782038,1.1633091
1500080312750,-9.493176,-1.2016073,1.1633091
1500080312813,-9.483603,-1.2686293,1.14416
1500080312877,-9.493176,-1.2111819,1.1154363
1500080312941,-9.483603,-1.2782038,1.1250108
1500080313005,-9.474028,-1.3165021,1.1345854
1500080313068,-9.464453,-1.3260766,1.1633091
1500080313132,-9.483603,-1.2686293,1.14416
1500080313196,-9.483603,-1.2494801,1.1345854
1500080313259,-9.474028,-1.3165021,1.1633091
1500080313323,-9.474028,-1.3069274,1.1633091
1500080313387,-9.502751,-1.1920328,1.1345854
1500080313450,-9.464453,-1.3260766,1.2016073
1500080313514,-9.464453,-1.3452257,1.2111819
1500080313578,-9.474028,-1.1920328,1.3452257
1500080313642,-9.454879,-1.2399056,1.383524
1500080313705,-9.41658,-1.2016073,1.5845897
1500080313769,-9.397431,-1.1633091,1.7186337
1500080313833,-9.3878565,-1.0484143,1.8431029
1500080313896,-9.359133,-1.0388398,1.9675722
1500080313960,-9.301685,-1.0867126,2.1782124
1500080314024,-9.167642,-1.2877784,2.475024
1500080314088,-9.196365,-1.2016073,2.8292825
1500080314151,-9.608071,-0.90479594,2.6952388
1500080314215,-9.780414,-0.6558574,3.690993
1500080314279,-11.015532,-0.90479594,4.581427
1500080314342,-9.952756,-0.9526688,4.5622783
1500080314406,-8.870831,-2.714388,0.13883112
1500080314470,-9.598496,-2.0824668,-1.8814012
1500080314534,-10.134672,-1.1250108,-1.0005416
1500080314597,-8.229335,-0.61755913,3.5569491
1500080314661,-6.1612296,-1.3452257,3.1835413
1500080314725,-5.739949,-2.7622607,4.5527034
1500080314788,-10.479357,-11.647452,6.170804
1500080314852,-10.316589,-2.321831,2.580344
1500080314916,-9.64637,2.101616,-0.10053288
1500080314980,-8.947427,0.15798025,0.9718179
1500080315044,-10.077225,0.13883112,2.6760898
1500080315107,-9.703817,-0.9718179,1.4409714
1500080315170,-9.359133,-0.8952214,-0.28244954
1500080315235,-9.665519,-0.665432,0.83777404
1500080315299,-9.742115,-0.77075213,0.9718179
1500080315362,-9.54105,-1.7282082,1.5079932
1500080315425,-9.368708,1.0388398,0.61755913
1500080315490,-9.85701,-0.27287498,1.1824582
1500080315553,-10.19212,-1.1058618,0.42606795
1500080315616,-9.3878565,-1.2399056,1.776081
1500080315680,-8.459125,-2.2260852,2.2069361
1500080315744,-9.320834,-2.2931073,2.3314054
1500080315808,-9.799562,0.9622433,2.5516202
1500080315872,-10.450633,-2.4558747,1.8431029
1500080315935,-9.96233,-1.6994845,2.6282167
1500080315999,-9.770839,-0.44521707,3.0303483
1500080316063,-9.5889225,-0.39734426,1.5941644
1500080316126,-8.803808,-1.469695,-2.168638
1500080316190,-9.8953085,0.15798025,-4.1409974
1500080316254,-8.813383,-0.5792609,-1.5271424
1500080316317,-8.9761505,-2.867581,0.83777404
1500080316381,-10.2016945,-1.8718265,2.6090677
1500080316445,-10.881488,-2.5324712,2.6569405
1500080316509,-11.149575,-3.231414,1.5367169
1500080316572,-11.05383,-1.0771381,1.6516117
1500080316636,-10.307014,-0.8952214,0.59841
1500080316700,-9.502751,0.023936402,-0.71330476
1500080316763,-9.110194,0.13883112,-1.0005416
1500080316827,-8.430401,0.6558574,-0.8664977
1500080316892,-8.889979,0.33032233,-1.6324625
1500080316955,-9.579348,0.54096264,-1.4888442
1500080317019,-9.330409,0.5218136,-1.3356512
1500080317091,-9.263388,0.23457673,-1.5462915
1500080317145,-9.598496,-0.110107444,-1.469695
1500080317209,-9.713391,0.2154276,-1.2782038
1500080317273,-9.244238,0.665432,-1.0867126
1500080317337,-8.794233,0.751603,-0.8473486
1500080317400,-9.75169,0.26330042,-2.3505547
1500080317464,-10.211268,0.6750065,-3.173967
1500080317528,-9.770839,1.1154363,-2.6569405
1500080317592,-9.062322,1.2590547,-1.5367169
1500080317655,-9.799562,-0.32074776,-2.2835326
1500080317719,-9.924032,0.110107444,-1.4984187
1500080317783,-9.359133,0.043085523,-1.6037389
1500080317846,-9.550624,-0.26330042,-1.4122477
1500080317910,-9.885734,-0.70373017,-0.36862057
1500080317974,-9.675094,-0.18670394,-0.20585304
1500080318038,-9.866585,-0.2920241,-0.8090504
1500080318101,-9.397431,-0.20585304,-1.5845897
1500080318165,-9.483603,-0.3398969,-1.3356512
1500080318229,-10.029352,-0.69415563,-0.5888355
1500080318292,-9.809137,-0.6271337,-0.71330476
1500080318356,-9.5219,-0.4356425,-0.6845811
1500080318420,-9.368708,-0.512239,-0.8090504
1500080318484,-9.426155,-0.56011176,-0.8186249
1500080318547,-9.6942425,-0.54096264,-0.61755913
1500080318611,-9.8953085,-0.7324539,-0.54096264
1500080318675,-9.684668,-0.59841,-0.4835153
1500080318738,-9.952756,-0.8281995,-0.77075213
1500080318802,-9.713391,-0.33032233,-0.70373017
1500080318866,-9.531475,-0.7324539,-0.98139244
1500080318930,-9.512326,-1.2494801,-1.0579889
1500080318993,-9.665519,-1.1633091,-0.77075213
1500080319057,-9.675094,-0.56011176,-0.8186249
1500080319121,-9.866585,-0.9718179,-0.512239
1500080319185,-10.000628,-0.9430942,-0.8090504
1500080319248,-9.818711,-0.6558574,-1.2207564
1500080319312,-9.675094,-0.18670394,-0.77075213
1500080319376,-9.54105,-0.50266445,-0.6079846
1500080319439,-9.014449,-0.90479594,-1.2111819
1500080319503,-9.924032,-1.6037389,-1.0579889
1500080319567,-10.680422,-0.6750065,-0.14840569
1500080319630,-9.8953085,0.2920241,-0.90479594
1500080319694,-8.794233,2.0633178,-1.2207564
1500080319758,-8.459125,-0.3877697,-3.1643922
1500080319821,-8.650616,-0.93351966,-3.2409887
1500080319885,-10.077225,0.8856468,-2.8484318
1500080319949,-10.307014,1.4601204,0.9718179
1500080320013,-10.5080805,-0.33032233,-0.3111732
1500080320076,-9.933606,-1.2782038,-2.187787
1500080320140,-10.326163,-0.081383765,-0.2441513
1500080320204,-10.680422,1.0962871,0.44521707
1500080320268,-10.94851,1.3260766,-1.1154363
1500080320331,-10.757019,0.8473486,-0.6271337
1500080320396,-9.809137,0.3877697,0.26330042
1500080320459,-8.870831,-0.3877697,-0.3111732
1500080320522,-9.2825365,-2.0920415,-0.9526688
1500080320586,-9.177217,0.10053288,0.78032666
1500080320650,-9.225089,1.2973529,2.1303396
1500080320713,-8.698488,1.1250108,1.383524
1500080320777,-8.171887,1.4409714,0.9622433
1500080320841,-8.392102,0.56968635,0.5792609
1500080320905,-8.688913,0.16755481,-0.3398969
1500080320968,-9.924032,-0.081383765,-0.2441513
1500080321032,-10.2016945,0.17712937,0.54096264
1500080321096,-9.904882,1.4888442,0.7420284
1500080321159,-10.105948,1.4888442,0.64628285
1500080321223,-10.584677,0.4835153,1.2303311
1500080321287,-9.770839,1.1728836,1.0101161
1500080321351,-8.708063,0.665432,0.359046
1500080321414,-8.55487,-0.7228793,0.26330042
1500080321478,-8.957002,-0.8186249,0.25372586
1500080321542,-9.426155,-0.4164934,0.32074776
1500080321605,-9.569773,-0.11968201,0.26330042
1500080321669,-9.493176,-0.25372586,0.10053288
1500080321733,-9.177217,0.09095833,0.03351096
1500080321797,-9.253813,0.56011176,0.062234644
1500080321860,-9.732541,0.71330476,-0.46436617
1500080321924,-11.092129,0.8473486,-0.8952214
1500080321989,-10.527229,1.3165021,-0.5792609
1500080322052,-9.148493,1.0005416,-0.63670826
1500080322116,-9.684668,1.0388398,-0.78990126
1500080322188,-10.0868,0.4835153,-0.6271337
1500080322242,-9.550624,0.6558574,-0.8473486
1500080322306,-9.272962,0.28244954,-1.2973529
1500080322370,-9.435729,1.1537346,-1.5079932
1500080322434,-10.134672,-0.30159867,-1.6994845
1500080322497,-9.98148,0.043085523,0.40691882
1500080322561,-10.172971,-0.40691882,0.5218136
1500080322625,-9.780414,-0.4164934,-0.47394073
1500080322688,-9.41658,-0.56968635,-0.6079846
1500080322752,-9.129343,-0.37819514,-0.5218136
1500080322816,-9.799562,-0.2920241,-1.2111819
1500080322879,-9.75169,0.3398969,-1.4218222
1500080322943,-9.85701,-0.00478728,-0.9622433
1500080323007,-10.06765,-0.023936402,0.30159867
1500080323071,-9.665519,-0.42606795,1.0388398
1500080323134,-9.349558,-0.34947145,0.0718092
1500080323198,-9.253813,-0.4164934,0.11968201
1500080323262,-9.320834,-0.18670394,0.03351096
1500080323326,-9.272962,0.20585304,-0.7420284
1500080323389,-10.82404,-0.40691882,-1.5558661
1500080323453,-9.943181,0.665432,-0.5218136
1500080323517,-9.761265,0.2154276,-0.8090504
1500080323580,-9.933606,-0.13883112,0.26330042
1500080323644,-9.579348,-0.6750065,0.062234644
1500080323708,-9.569773,-1.1537346,0.15798025
1500080323771,-9.703817,-0.6271337,0.03351096
1500080323835,-9.885734,-0.359046,-0.081383765
1500080323899,-9.665519,-0.4164934,-0.05266008
1500080323963,-9.31126,-0.54096264,0.05266008
1500080324026,-9.454879,-0.28244954,0.17712937
1500080324090,-9.866585,-0.5505372,0.34947145
1500080324154,-9.62722,-0.40691882,0.18670394
1500080324217,-9.502751,-0.8664977,0.03351096
1500080324281,-9.5889225,-0.5313881,0.2154276
1500080324345,-9.7899885,-0.6271337,0.40691882
1500080324408,-9.818711,-0.359046,0.50266445
1500080324472,-9.665519,-0.56011176,0.2920241
1500080324536,-9.64637,-0.8473486,0.45479164
1500080324600,-9.780414,-0.7228793,0.2920241
1500080324663,-9.722966,-0.665432,0.2920241
1500080324727,-9.579348,-0.7420284,0.3398969
1500080324791,-9.6942425,-0.6079846,0.36862057
1500080324854,-9.866585,-0.64628285,0.30159867
1500080324918,-9.818711,-0.6558574,0.56011176
1500080324982,-9.426155,-0.40691882,0.4835153
1500080325046,-9.339984,-0.20585304,0.5505372
1500080325110,-9.464453,-0.26330042,0.27287498
1500080325173,-9.301685,-0.47394073,-0.014361841
1500080325237,-9.598496,-0.5505372,0.110107444
1500080325301,-9.924032,-0.45479164,0.12925656
1500080325364,-9.531475,-0.45479164,0.2154276
1500080325428,-9.110194,-0.8760723,0.03351096
1500080325493,-10.259142,-1.2303311,0.12925656
1500080325556,-9.876159,0.16755481,-0.59841
1500080325620,-9.665519,0.16755481,-0.50266445
1500080325684,-9.569773,-0.6845811,-0.33032233
1500080325747,-9.20594,-0.45479164,-0.9622433
1500080325810,-9.464453,-0.32074776,-0.46436617
1500080325874,-10.105948,-0.15798025,-1.2207564
1500080325938,-9.914457,-0.359046,0.09095833
1500080326001,-10.575102,1.0675635,-2.1303396
1500080326065,-10.0868,-0.13883112,-2.321831
1500080326129,-9.426155,-0.0718092,-1.1728836
1500080326193,-8.641041,-0.9622433,-0.9526688
1500080326256,-8.9761505,-1.1058618,-0.5505372
1500080326320,-9.234664,-0.512239,-0.5505372
1500080326384,-9.445304,-0.00478728,-1.3356512
1500080326447,-10.287866,0.512239,-1.3356512
1500080326511,-9.943181,0.8186249,-0.63670826
1500080326575,-9.531475,0.12925656,-0.71330476
1500080326638,-9.85701,-0.05266008,-0.91437054
1500080326702,-9.713391,0.39734426,-1.1728836
1500080326766,-9.483603,0.47394073,-1.2111819
1500080326830,-9.608071,0.14840569,-0.9526688
1500080326893,-9.636795,0.2154276,-0.7994758
1500080326957,-9.675094,-0.023936402,-0.8473486
1500080327021,-9.426155,0.023936402,-0.665432
1500080327085,-10.115523,0.4356425,-2.0441687
1500080327148,-10.335738,1.4409714,-1.3739494
1500080327213,-9.330409,0.7994758,-2.5324712
1500080327284,-9.052747,0.9526688,-1.8143792
1500080327339,-9.483603,-0.27287498,-0.77075213
1500080327403,-9.3878565,0.10053288,-1.1537346
1500080327467,-9.598496,0.014361841,-1.1058618
1500080327531,-9.837861,0.6271337,-1.1633091
1500080327594,-9.971905,0.8473486,-1.1345854
1500080327658,-9.722966,0.78032666,-1.2399056
1500080327722,-9.608071,0.59841,-1.2686293
1500080327785,-9.675094,0.28244954,-0.90479594
1500080327849,-9.885734,0.2154276,-0.9622433
1500080327913,-9.703817,0.91437054,-1.3260766
1500080327976,-9.62722,1.0196906,-1.3643749
1500080328040,-9.483603,0.7228793,-1.0675635
1500080328104,-9.29211,0.18670394,-0.8281995
1500080328168,-9.560199,-0.11968201,-0.56011176
1500080328231,-9.828286,0.25372586,-0.5792609
1500080328295,-9.713391,0.4835153,-0.46436617
1500080328359,-9.598496,0.44521707,-0.5313881
1500080328422,-9.426155,0.6750065,-0.9718179
1500080328486,-9.368708,0.37819514,-0.93351966
1500080328550,-9.5219,0.32074776,-0.6558574
1500080328614,-9.502751,0.4356425,-0.6558574
1500080328677,-9.684668,0.39734426,-0.9718179
1500080328741,-9.5889225,0.77075213,-0.6558574
1500080328805,-9.598496,0.19627848,-1.2399056
1500080328868,-9.675094,0.64628285,-0.99096704
1500080328932,-9.617646,0.39734426,-0.7994758
1500080328996,-9.5889225,0.42606795,-0.70373017
1500080329060,-9.598496,0.5792609,-0.7228793
1500080329123,-9.62722,-0.26330042,-0.751603
1500080329187,-10.019777,0.33032233,-0.7324539
1500080329251,-10.220843,0.8952214,-1.14416
1500080329314,-9.54105,0.16755481,-1.0388398
1500080329378,-9.493176,-0.2441513,-0.71330476
1500080329442,-9.665519,0.110107444,-1.0771381
1500080329506,-9.75169,0.25372586,-1.4792696
1500080329569,-9.454879,0.76117754,-1.469695
1500080329633,-9.64637,0.2154276,-1.4313968
1500080329697,-9.675094,0.36862057,-1.5175679
1500080329760,-9.560199,0.30159867,-1.14416
1500080329824,-9.713391,-1.2207564,-0.05266008
1500080329888,-9.62722,-0.76117754,-0.26330042
1500080329952,-9.866585,-0.59841,-0.18670394
1500080330015,-9.598496,-0.36862057,-0.4356425
1500080330079,-9.675094,-0.61755913,-0.2154276
1500080330143,-9.675094,-1.0675635,-0.20585304
1500080330207,-9.512326,-0.90479594,-0.014361841
1500080330270,-9.5219,-0.8473486,-0.2154276
1500080330334,-9.703817,-0.9526688,0.22500217
1500080330398,-9.636795,-0.78990126,-0.00478728
1500080330461,-9.684668,-0.2154276,-0.85692316
1500080330525,-9.837861,-0.014361841,-0.76117754
1500080330589,-9.75169,-0.30159867,-0.47394073
1500080330652,-9.64637,-0.37819514,-0.30159867
1500080330716,-9.636795,-0.45479164,-0.17712937
1500080330780,-9.54105,-0.3877697,-0.4164934
1500080330843,-9.445304,-0.26330042,-0.15798025
1500080330907,-9.2825365,-0.83777404,-0.40691882
1500080330971,-9.158067,-0.54096264,-0.6845811
1500080331035,-10.115523,0.50266445,-1.0771381
1500080331098,-9.914457,1.2303311,-1.6611862
1500080331162,-9.98148,0.90479594,-1.2686293
1500080331226,-9.608071,-0.12925656,-1.1058618
1500080331290,-9.54105,0.14840569,-1.1728836
1500080331353,-9.742115,-0.10053288,-0.5792609
1500080331417,-9.531475,-0.25372586,-0.5792609
1500080331481,-9.6942425,-0.081383765,-0.8856468
1500080331545,-9.8953085,0.61755913,-1.4218222
1500080331608,-9.5889225,-0.26330042,-0.99096704
1500080331672,-9.502751,-0.22500217,-0.99096704
1500080331736,-9.713391,0.20585304,-1.383524
1500080331799,-9.876159,0.18670394,-1.2016073
1500080331863,-9.54105,0.14840569,-0.56968635
1500080331927,-9.876159,-1.4888442,0.2154276
1500080331990,-9.483603,-0.5792609,-0.37819514
1500080332054,-9.5219,-1.2303311,-0.2154276
1500080332118,-9.41658,-1.383524,-0.03351096
1500080332182,-9.722966,-1.3069274,0.03351096
1500080332245,-9.722966,-1.2399056,-0.081383765
1500080332309,-9.54105,-1.4026731,0.09095833
1500080332374,-9.339984,-1.7856555,-0.00478728
1500080332436,-9.435729,-1.5462915,-0.09095833
1500080332500,-9.684668,-1.6133134,-0.014361841
1500080332564,-9.531475,-1.6994845,0.10053288
1500080332627,-9.253813,-1.776081,0.0718092
1500080332691,-9.5219,-1.7856555,0.16755481
1500080332755,-9.742115,-1.8048047,-0.03351096
1500080332819,-9.493176,-1.5941644,0.014361841
1500080332882,-9.493176,-1.7665064,0.03351096
1500080332946,-9.445304,-1.7473572,-0.023936402
1500080333010,-9.837861,-1.6611862,-0.023936402
1500080333073,-9.598496,-1.3643749,-0.16755481
1500080333137,-9.617646,-1.14416,-0.11968201
1500080333201,-9.64637,-1.3069274,-0.11968201
1500080333265,-9.2825365,-1.2782038,-0.14840569
1500080333328,-9.655944,-1.5941644,-0.12925656
1500080333392,-9.608071,-1.3069274,-0.12925656
1500080333456,-9.5219,-0.8090504,-0.0718092
1500080333519,-9.675094,-0.78032666,-0.30159867
1500080333583,-9.780414,-0.7324539,-0.26330042
1500080333647,-10.058076,-0.85692316,-0.42606795
1500080333711,-9.6942425,-0.665432,-0.13883112
1500080333774,-9.215514,-0.91437054,0.16755481
1500080333838,-9.75169,-1.8335283,0.39734426
1500080333902,-9.550624,-1.4218222,0.32074776
1500080333965,-9.263388,-1.5175679,0.110107444
1500080334029,-9.301685,-1.9579976,0.081383765
1500080334093,-9.426155,-2.0441687,-0.00478728
1500080334157,-9.828286,-1.6994845,1.1728836
1500080334220,-9.3878565,-1.5654407,0.91437054
1500080334284,-9.2825365,-2.0920415,0.40691882
1500080334348,-9.330409,-2.1973617,0.5313881
1500080334411,-9.722966,-1.9675722,0.44521707
1500080334475,-9.560199,-2.0537431,0.6750065
1500080334539,-9.2825365,-2.4558747,1.0867126
1500080334602,-9.148493,-2.2260852,1.2590547
1500080334666,-9.29211,-2.3122563,0.99096704
1500080334730,-9.301685,-2.1973617,1.0292653
1500080334794,-9.225089,-2.1590633,0.90479594
1500080334857,-9.349558,-2.1590633,0.93351966
1500080334921,-9.3878565,-1.8048047,0.7324539
1500080334985,-9.483603,-1.929274,0.76117754
1500080335049,-9.110194,-2.2260852,0.93351966
1500080335112,-9.732541,-1.9962958,0.9718179
1500080335176,-10.115523,-0.50266445,-0.8856468
1500080335240,-9.636795,-1.9771467,0.36862057
1500080335304,-9.339984,-0.92394507,-0.39734426
1500080335368,-9.64637,-1.3548003,0.64628285
1500080335431,-9.512326,-1.1537346,0.16755481
1500080335494,-9.703817,-0.8186249,-0.30159867
1500080335559,-9.914457,-0.5313881,-0.15798025
1500080335623,-9.952756,-0.23457673,-0.3111732
1500080335686,-9.397431,-0.2441513,-0.25372586
1500080335749,-9.85701,-1.4888442,0.17712937
1500080335813,-9.004874,-1.709059,-0.09095833
1500080335877,-9.8953085,-0.8281995,-0.023936402
1500080335940,-9.636795,0.0,-0.6750065
1500080336004,-9.5219,-0.54096264,-0.50266445
1500080336068,-9.665519,-1.0962871,-0.014361841
1500080336131,-9.474028,-1.0867126,-0.13883112
1500080336195,-9.493176,-1.0196906,0.014361841
1500080336259,-9.6942425,-0.6845811,0.0
1500080336323,-9.924032,-0.71330476,-0.3111732
1500080336386,-9.598496,-0.77075213,-0.27287498
1500080336450,-9.703817,-0.8090504,-0.17712937
1500080336514,-9.6942425,-0.45479164,-0.5505372
1500080336578,-9.780414,-0.7420284,-0.19627848
1500080336641,-9.454879,-0.37819514,-0.4164934
1500080336705,-9.608071,-0.9718179,-0.00478728
1500080336769,-9.636795,-1.0101161,-0.00478728
1500080336832,-9.655944,-0.6845811,-0.18670394
1500080336896,-9.761265,-0.5792609,-0.2441513
1500080336960,-9.684668,-0.6079846,-0.2920241
1500080337024,-9.435729,-0.54096264,-0.3398969
1500080337087,-9.75169,-1.0196906,0.043085523
1500080337151,-9.675094,-0.5888355,-0.14840569
1500080337215,-9.684668,-0.23457673,-0.4164934
1500080337279,-9.703817,-0.5888355,-0.12925656
1500080337342,-9.665519,-0.61755913,-0.14840569
1500080337407,-9.675094,-0.71330476,-0.110107444
1500080337469,-9.64637,-0.49308985,-0.13883112
1500080337533,-9.722966,-0.6271337,-0.081383765
1500080337597,-9.64637,-0.54096264,-0.12925656
1500080337660,-9.54105,-0.7420284,-0.014361841
1500080337724,-9.665519,-0.7324539,-0.023936402
1500080337788,-9.579348,-0.5218136,-0.17712937
1500080337852,-9.876159,-0.63670826,0.03351096
1500080337915,-9.579348,-0.5218136,-0.023936402
1500080337979,-9.560199,-0.70373017,0.13883112
1500080338043,-9.722966,-0.78990126,0.16755481
1500080338106,-9.924032,-0.8473486,0.42606795
1500080338170,-9.818711,-0.5792609,0.45479164
1500080338234,-9.722966,-0.20585304,-0.043085523
1500080338297,-9.531475,-0.18670394,-0.33032233
1500080338361,-9.684668,-0.2920241,0.00478728
1500080338425,-9.636795,-0.09095833,0.0
1500080338489,-9.512326,-0.0718092,-0.22500217
1500080338552,-9.761265,-0.28244954,-0.19627848
1500080338616,-9.560199,-0.081383765,-0.22500217
1500080338680,-9.5219,-0.081383765,-0.15798025
1500080338743,-9.636795,-0.10053288,-0.18670394
1500080338807,-9.598496,-0.16755481,-0.2441513
1500080338871,-9.464453,-0.0718092,-0.18670394
1500080338935,-9.531475,-0.03351096,0.062234644
1500080338998,-9.5219,-0.33032233,0.0
1500080339062,-9.512326,-0.0718092,0.09095833
1500080339126,-9.780414,-0.11968201,0.665432
1500080339189,-9.579348,-0.4164934,0.18670394
1500080339253,-9.435729,-0.33032233,-0.110107444
1500080339317,-9.512326,-0.11968201,-0.2154276
1500080339380,-10.335738,-0.043085523,0.062234644
1500080339444,-9.75169,0.110107444,-0.17712937
1500080339508,-9.550624,0.37819514,-0.39734426
1500080339572,-9.828286,-0.42606795,-0.17712937
1500080339635,-9.837861,-0.25372586,-0.023936402
1500080339699,-9.608071,-0.25372586,-0.014361841
1500080339763,-9.617646,-0.11968201,-0.05266008
1500080339826,-9.454879,-0.25372586,-0.19627848
1500080339890,-9.598496,-0.91437054,-0.00478728
1500080339954,-9.971905,0.27287498,-0.043085523
1500080340018,-9.837861,0.30159867,-1.0675635
1500080340081,-9.684668,0.09095833,-0.4835153
1500080340145,-9.722966,-0.16755481,-0.33032233
1500080340209,-9.684668,-0.5218136,-0.3398969
1500080340272,-9.770839,-0.3398969,-0.45479164
1500080340337,-9.665519,0.03351096,-0.512239
1500080340400,-9.675094,-0.110107444,-0.5218136
1500080340464,-9.924032,-0.18670394,-0.36862057
1500080340527,-9.85701,0.05266008,-0.26330042
1500080340591,-9.703817,0.0718092,-0.27287498
1500080340655,-9.54105,-0.22500217,-0.36862057
1500080340719,-9.636795,0.043085523,-0.61755913
1500080340782,-9.799562,-0.043085523,-0.6750065
1500080340847,-9.885734,0.6558574,-0.9430942
1500080340910,-9.31126,0.023936402,-0.6271337
1500080340973,-9.330409,-0.7420284,-0.7324539
1500080341037,-9.684668,0.56968635,-1.5845897
1500080341101,-9.943181,0.16755481,0.18670394
1500080341166,-10.441058,-0.37819514,-0.93351966
1500080341228,-9.64637,0.20585304,-1.0005416
1500080341292,-9.20594,-0.26330042,-1.0388398
1500080341356,-8.995299,-0.062234644,-2.0058703
1500080341419,-9.703817,0.5313881,-1.2494801
1500080341483,-9.971905,0.39734426,-0.25372586
1500080341547,-9.780414,-0.15798025,-0.512239
1500080341610,-9.2825365,-0.11968201,-1.2686293
1500080341674,-9.320834,0.7324539,-1.5558661
1500080341738,-9.847435,0.78032666,-0.61755913
1500080341802,-9.770839,-0.71330476,0.19627848
1500080341865,-9.435729,0.00478728,-0.8760723
1500080341929,-9.8953085,0.5888355,-0.5792609
1500080341993,-9.971905,0.30159867,-0.7228793
1500080342056,-9.6942425,-0.5218136,-0.6558574
1500080342120,-9.18679,0.4835153,1.0005416
1500080342184,-9.062322,-0.18670394,1.6707608
1500080342248,-9.474028,-0.56011176,1.4122477
1500080342311,-10.19212,-0.0718092,1.79523
1500080342375,-9.828286,0.023936402,1.2590547
1500080342440,-9.18679,0.13883112,0.7324539
1500080342503,-9.253813,0.5505372,0.5792609
1500080342575,-9.85701,0.11968201,-0.30159867
1500080342630,-11.216598,-0.014361841,-0.45479164
1500080342693,-9.052747,0.78990126,1.8143792
1500080342757,-8.957002,-0.359046,0.78990126
1500080342821,-9.64637,-0.85692316,1.5271424
1500080342885,-10.096374,0.64628285,1.948423
1500080342948,-9.579348,1.1058618,1.6707608
1500080343012,-8.822957,-0.45479164,0.3398969
1500080343076,-8.909128,-1.7856555,0.34947145
1500080343139,-9.426155,1.2686293,0.17712937
1500080343203,-10.92936,0.7420284,1.3260766
1500080343267,-9.885734,0.59841,2.5516202
1500080343331,-8.918703,-1.5367169,0.85692316
1500080343394,-9.129343,0.5505372,-0.50266445
1500080343458,-9.703817,0.93351966,0.39734426
1500080343522,-9.675094,-0.49308985,0.78990126
1500080343585,-9.62722,-0.5218136,0.5218136
1500080343649,-9.684668,0.59841,-0.77075213
1500080343713,-9.828286,0.5792609,-0.49308985
1500080343776,-9.991054,1.3643749,-0.8473486
1500080343840,-10.019777,-0.40691882,-0.2154276
1500080343913,-9.608071,-0.23457673,-0.7994758
1500080343968,-9.655944,0.26330042,-0.6750065
1500080344031,-10.249567,0.5792609,0.0
1500080344095,-9.799562,0.4835153,0.22500217
1500080344159,-9.445304,-0.46436617,-0.00478728
1500080344222,-9.359133,-0.33032233,-0.2441513
1500080344286,-9.809137,0.09095833,0.83777404
1500080344350,-10.010203,0.78990126,1.14416
1500080344413,-8.889979,-0.44521707,0.014361841
1500080344477,-8.602742,-1.1058618,-0.11968201
1500080344541,-8.842107,0.54096264,0.33032233
1500080344605,-10.364462,1.469695,-0.54096264
1500080344668,-8.305931,0.16755481,4.6771727
1500080344732,-6.4005938,-3.2601378,7.961247
1500080344796,-6.7548523,-1.2016073,7.243155
1500080344859,-8.439975,-0.56011176,2.9537518
1500080344923,-11.034681,2.187787,-9.330409
1500080344987,-13.284702,0.98139244,7.348475
1500080345050,-8.842107,-3.1452432,3.5856729
1500080345114,-8.995299,-1.383524,2.6282167
1500080345178,-8.937852,-0.10053288,3.690993
1500080345242,-8.842107,-2.0058703,3.0686467
1500080345306,-8.889979,-1.7856555,3.1069448
1500080345369,-9.004874,-1.622888,2.8963046
1500080345433,-9.024023,-1.9101248,2.733537
1500080345496,-8.602742,-2.9920502,3.0973704
1500080345560,-8.727212,-2.800559,2.972901
1500080345624,-8.918703,-2.5228968,2.6760898
1500080345688,-8.755936,-2.9346027,2.6760898
1500080345753,-8.928278,-2.6090677,2.5707695
1500080345815,-8.918703,-2.7239625,2.4175766
1500080345879,-8.736787,-3.1835413,2.6569405
1500080345943,-9.119769,-2.34098,2.0633178
1500080346006,-8.909128,-3.0111992,2.0728924
1500080346070,-8.813383,-2.867581,2.513322
1500080346134,-8.842107,-2.8580062,2.6186423
1500080346197,-8.813383,-3.0111992,2.4845984
1500080346261,-8.995299,-2.5994933,2.2931073
1500080346325,-9.215514,-2.2452345,1.8814012
1500080346388,-8.746361,-3.126094,2.5420458
1500080346452,-8.7750845,-2.8963046,2.752686
1500080346516,-9.014449,-2.4558747,2.3792782
1500080346579,-8.842107,-2.6952388,2.6282167
1500080346643,-8.755936,-2.513322,2.9824755
1500080346707,-8.928278,-2.5516202,2.5228968
1500080346770,-8.985725,-2.1111906,2.6186423
1500080346834,-9.138918,-1.9579976,2.2739582
1500080346898,-9.20594,-1.7569319,2.168638
1500080346962,-9.29211,-1.3930986,2.1399143
1500080347025,-9.359133,-1.2973529,2.015445
1500080347089,-9.138918,-1.3739494,2.5228968
1500080347153,-8.995299,-1.2016073,3.0494976
1500080347216,-9.225089,-1.2494801,2.360129
1500080347280,-9.349558,-0.98139244,2.0728924
1500080347344,-9.301685,-0.64628285,2.3314054
1500080347408,-9.244238,-0.6558574,2.5324712
1500080347472,-9.426155,-0.56011176,2.4463003
1500080347544,-10.709146,0.0718092,1.776081
1500080347599,-14.357054,-2.5228968,6.984642
1500080347662,-4.3803616,-0.6558574,-2.6569405
1500080347726,-2.1303396,1.9962958,-2.647366
1500080347790,-9.991054,1.4984187,2.2835326
1500080347853,-8.315506,-2.7239625,2.9154537
1500080347917,-9.0814705,-0.5888355,3.4612036
1500080347981,-8.794233,-1.5367169,3.4899273
1500080348045,-8.851681,-1.9962958,3.0686467
1500080348108,-8.803808,-1.8431029,3.4133308
1500080348172,-8.947427,-1.8909757,2.800559
1500080348236,-9.071896,-1.776081,2.666515
1500080348300,-9.071896,-1.79523,2.7431116
1500080348363,-8.947427,-1.3643749,3.5282254
1500080348428,-8.727212,-1.4026731,3.9878044
1500080348490,-8.708063,-3.1356685,2.5420458
1500080348554,-8.641041,-2.8101335,2.7718353
1500080348618,-8.765511,-2.3888528,3.2409887
1500080348682,-8.717637,-3.0016246,2.7622607
1500080348745,-8.918703,-1.5462915,3.5569491
1500080348809,-8.851681,-2.321831,2.8388572
1500080348873,-8.899554,-3.2218397,2.0920415
1500080348936,-8.899554,-3.365458,1.9867213
1500080349000,-8.909128,-2.6856642,2.4845984
1500080349064,-8.880404,-2.8101335,2.4367256
1500080349127,-8.985725,-2.5516202,2.3505547
1500080349191,-9.033598,-2.8388572,1.8526775
1500080349255,-8.966576,-2.6377914,2.3505547
1500080349319,-8.957002,-2.5228968,2.5420458
1500080349382,-8.851681,-2.9441774,2.427151
1500080349446,-8.851681,-2.6090677,2.6760898
1500080349510,-8.813383,-3.0494976,2.5324712
1500080349573,-8.813383,-2.9441774,2.5707695
1500080349637,-8.765511,-2.7814097,2.867581
1500080349701,-8.688913,-3.1643922,2.752686
1500080349765,-8.688913,-3.0016246,2.8771553
1500080349828,-8.746361,-2.6952388,2.9346027
1500080349892,-8.765511,-2.6856642,2.867581
1500080349956,-8.832532,-2.714388,2.733537
1500080350019,-8.909128,-2.5899186,2.5707695
1500080350083,-8.947427,-2.5707695,2.4654493
1500080350147,-9.024023,-2.580344,2.2069361
1500080350211,-9.004874,-2.6377914,2.2643836
1500080350274,-8.937852,-2.561195,2.475024
1500080350338,-8.957002,-2.494173,2.5228968
1500080350402,-8.995299,-2.5228968,2.321831
1500080350465,-9.024023,-2.321831,2.3984275
1500080350529,-9.071896,-2.4558747,2.168638
1500080350593,-9.062322,-2.4463003,2.168638
1500080350656,-9.071896,-2.3505547,2.168638
1500080350720,-9.052747,-2.408002,2.2260852
1500080350784,-9.0814705,-2.494173,2.0537431
1500080350847,-9.110194,-2.3984275,2.0920415
1500080350911,-9.033598,-2.4463003,2.2452345
1500080350975,-9.052747,-2.2356598,2.3792782
1500080351039,-9.052747,-2.3888528,2.2643836
1500080351102,-9.033598,-2.4175766,2.3026817
1500080351166,-8.995299,-2.3792782,2.4845984
1500080351230,-8.966576,-2.2835326,2.6186423
1500080351293,-8.909128,-2.1973617,2.819708
1500080351357,-8.918703,-1.9867213,2.9154537
1500080351421,-8.918703,-2.0537431,2.9441774
1500080351485,-8.765511,-2.2643836,3.1835413
1500080351548,-8.621892,-1.4601204,3.9878044
1500080351612,-8.583593,-1.8143792,3.911208
1500080351676,-8.612317,-2.2260852,3.5569491
1500080351739,-8.535721,-1.948423,3.9399316
1500080351803,-8.5740185,-1.9771467,3.7963133
1500080351867,-8.698488,-1.7856555,3.5952475
1500080351930,-8.6697645,-1.6994845,3.6814184
1500080351994,-8.4686985,-1.469695,4.1792955
1500080352058,-8.353804,-1.5367169,4.389936
1500080352122,-7.769756,-3.0973704,5.376116
1500080352185,-3.8824842,0.03351096,8.870831
1500080352249,-5.787822,-2.1782124,7.9803963
1500080352313,-6.5729356,-0.16755481,7.9803963
1500080352376,-7.003791,-2.800559,5.17505
1500080352440,-5.2420716,0.15798025,8.4686985
1500080352504,-4.83994,-2.408002,7.195282
1500080352568,-5.8835673,-3.020774,7.654861
1500080352632,-7.8367777,-4.1601467,6.4293175
1500080352696,-7.855927,-1.3069274,5.998462
1500080352759,-6.2378263,1.0388398,7.2718787
1500080352822,-6.1612296,0.19627848,7.176133
1500080352886,-6.47719,-1.2494801,5.538883
1500080352950,-6.4963393,-1.0005416,5.4718614
1500080353013,-7.5208173,-1.0675635,6.9559183
1500080353077,-8.152739,-0.11968201,6.5537868
1500080353141,-7.9325233,0.00478728,5.0314317
1500080353204,-8.6697645,-0.63670826,6.745278
1500080353269,-7.9037995,-0.6079846,2.5994933
1500080353333,-8.966576,-0.18670394,4.7058964
1500080353396,-8.842107,-0.110107444,4.428234
1500080353459,-8.918703,-0.5218136,3.2888615
1500080353523,-8.593168,-2.3026817,3.020774
1500080353587,-8.602742,-2.2452345,4.0069537
1500080353650,-8.21976,-5.49101,2.408002
1500080353714,-6.831449,-6.8601727,1.776081
1500080353778,-6.113357,-7.635712,1.5941644
1500080353842,-5.7686725,-6.936769,1.6324625
1500080353905,-5.4431376,-7.5974135,1.1920328
1500080353969,-5.146326,-7.8846507,2.0537431
1500080354033,-5.28037,-7.9708214,2.2165108
1500080354096,-4.954835,-7.9803963,2.034594
1500080354160,-4.935686,-8.229335,2.321831
1500080354224,-5.0314317,-8.095291,2.9824755
1500080354287,-4.763344,-7.501668,3.6143966
1500080354351,-3.9207826,-6.6878304,3.4133308
1500080354415,-4.801642,-4.935686,4.7250457
1500080354479,-6.323997,-5.2420716,6.065484
1500080354542,-4.6771727,-9.426155,5.1271772
1500080354606,-5.5101595,-10.000628,1.9675722
1500080354670,-8.200611,-7.0803876,-0.54096264
1500080354733,-8.708063,-4.916537,-0.19627848
1500080354797,-10.766593,-4.322914,-0.4835153
1500080354861,-12.365545,-1.9867213,-1.2877784
1500080354925,-10.82404,-0.0718092,-3.039923
1500080354989,-8.200611,0.93351966,-2.4558747
1500080355052,-7.8846507,1.9388485,-2.6952388
1500080355116,-7.2623043,1.5079932,-3.0973704
1500080355180,-9.119769,2.3505547,-4.322914
1500080355243,-11.005958,1.6420372,-4.437809
1500080355307,-9.359133,1.8143792,-2.714388
1500080355371,-9.091045,1.4218222,-3.059072
1500080355434,-9.809137,-1.0962871,-1.948423
1500080355498,-10.038927,-2.1590633,-0.16755481
1500080355562,-9.3878565,-1.8335283,0.6558574
1500080355625,-10.029352,-0.70373017,2.0920415
1500080355689,-10.307014,-0.59841,2.905879
1500080355753,-10.268716,-1.9388485,1.929274
1500080355817,-12.662356,-2.5516202,0.3398969
1500080355880,-12.059159,-1.8048047,-1.3739494
1500080355944,-11.15915,-0.40691882,-0.043085523
1500080356008,-10.125097,-3.6622694,-1.7569319
1500080356071,-8.516571,-4.3707867,-1.2016073
1500080356135,-7.616563,-5.7303743,-0.9430942
1500080356199,-6.515488,-5.9218655,0.751603
1500080356262,-6.0846334,-6.8793216,1.6994845
1500080356326,-5.672927,-6.898471,3.193116
1500080356390,-5.644203,-5.452712,5.4431376
1500080356454,-5.328243,-3.604822,6.333572
1500080356517,-4.7441945,-5.155901,5.6250544
1500080356581,-4.4856815,-6.975067,5.5484576
1500080356645,-4.1122737,-7.02294,5.873993
1500080356708,-4.0261025,-6.6495323,5.739949
1500080356772,-4.045252,-7.051664,5.28037
1500080356836,-4.08355,-6.678256,5.4718614
1500080356899,-4.4473834,-6.5537868,5.9697385
1500080356963,-4.3133397,-6.7261286,5.8835673
1500080357027,-4.131423,-6.8027253,6.410168
1500080357091,-3.4133308,-5.988888,6.8410234
1500080357154,-2.800559,-5.2037735,7.3006024
1500080357218,-3.6814184,-5.299519,7.5974135
1500080357282,-4.045252,-4.476107,7.02294
1500080357346,-6.1995277,-3.1165195,7.875076
1500080357409,-6.4676156,-3.844186,5.3378177
1500080357473,-8.583593,-1.4026731,5.1176023
1500080357537,-6.630383,-3.365458,6.611234
1500080357600,-7.2527294,-2.2739582,6.132506
1500080357665,-7.310177,-1.8239537,5.4239883
1500080357729,-4.504831,-2.4367256,6.678256
1500080357792,-8.095291,-1.2590547,8.104865
1500080357856,-6.6016593,-2.4654493,6.563361
1500080357919,-5.787822,-1.7665064,7.3197513
1500080357983,-7.02294,-0.8952214,6.9559183
1500080358046,-6.486765,-1.2877784,6.611234
1500080358110,-5.2899446,-1.9388485,6.9080453
1500080358174,-5.002708,-2.4175766,8.32508
1500080358237,-6.8122997,-1.4505459,6.678256
1500080358301,-7.9133744,-1.1154363,5.692076
1500080358365,-6.592085,-0.28244954,5.567607
1500080358428,-7.243155,-2.494173,7.396348
1500080358492,-5.2133484,-1.929274,7.6069884
1500080358556,-5.3952646,-0.7324539,6.9080453
1500080358620,-7.4920936,-1.1824582,6.850598
1500080358683,-7.9037995,-0.70373017,5.873993
1500080358747,-8.066567,-0.33032233,6.323997
1500080358811,-7.0803876,-0.014361841,6.4484663
1500080358874,-7.501668,0.19627848,7.3771987
1500080358938,-5.366541,0.4164934,4.3707867
1500080359002,-6.678256,2.4654493,4.121848
1500080359065,-8.708063,1.862252,6.3814445
1500080359129,-8.037844,1.3165021,5.108028
1500080359193,-8.258059,1.5462915,5.088879
1500080359257,-7.9133744,1.1250108,4.9739842
1500080359320,-7.1186857,0.49308985,6.2282515
1500080359384,-6.898471,0.56968635,6.5346375
1500080359448,-6.639958,0.71330476,6.7357035
1500080359511,-6.821874,0.98139244,6.850598
1500080359575,-6.6016593,0.359046,6.984642
1500080359639,-6.1995277,0.16755481,7.2240057
1500080359702,-6.3527207,0.76117754,6.936769
1500080359766,-6.2474008,0.77075213,6.984642
1500080359830,-6.323997,0.6079846,7.3676243
1500080359894,-6.333572,0.512239,7.1091113
1500080359957,-6.410168,0.49308985,6.9080453
1500080360021,-6.544212,0.78032666,6.764427
1500080360085,-6.458041,0.6558574,7.051664
1500080360148,-6.333572,0.6558574,7.156984
1500080360212,-6.2761245,0.5888355,7.2144313
1500080360276,-6.3144226,0.3398969,6.783576
1500080360339,-6.6591067,0.47394073,6.3622956
1500080360403,-6.9654927,0.92394507,6.323997
1500080360467,-6.8122997,1.0867126,6.639958
1500080360531,-6.323997,0.46436617,7.2335806
1500080360594,-6.103782,0.37819514,7.3006024
1500080360658,-6.2474008,0.28244954,7.46337
1500080360722,-5.9314404,-0.14840569,7.0995364
1500080360785,-6.0367603,-0.3877697,6.8601727
1500080360849,-6.285699,-1.9579976,7.9516726
1500080360913,-8.133589,-6.1420803,10.105948
1500080360976,-6.8793216,-1.8814012,10.144247
1500080361040,-4.0739756,-3.078221,9.454879
1500080361104,0.93351966,-5.452712,8.363379
1500080361168,3.5760984,-3.2409887,3.0686467
1500080361231,1.3356512,-1.2111819,2.5324712
1500080361295,-3.5952475,-7.549541,2.752686
1500080361359,-8.21976,-6.4197426,5.1367517
1500080361422,-10.441058,-2.6377914,5.021857
1500080361486,-10.536804,-4.715471,5.6250544
1500080361550,-10.795317,-2.0441687,5.912291
1500080361614,-11.551707,2.015445,6.2091026
1500080361677,-11.609155,2.5516202,3.518651
1500080361741,-7.7123084,4.619725,5.6633525
1500080361805,-5.146326,3.6622694,7.9516726
1500080361868,-5.0505805,6.0846334,7.243155
1500080361932,-3.6622694,6.103782,8.296356
1500080361996,-3.451629,5.672927,8.11444
1500080362059,-3.2218397,4.96441,7.2240057
1500080362123,-2.015445,5.021857,7.396348
1500080362187,-1.6707608,5.146326,8.478273
1500080362250,-1.862252,5.9314404,9.29211
1500080362314,-0.76117754,5.4048395,9.263388
1500080362378,0.14840569,5.1367517,8.727212
1500080362441,0.751603,4.9835587,7.788905
1500080362505,1.6420372,4.5144053,6.8793216
1500080362582,2.3888528,4.0931244,6.5059137
1500080362585,3.365458,2.9346027,6.639958
1500080362601,3.4037561,2.9154537,6.6495323
1500080362617,3.518651,3.2888615,6.47719
1500080362633,3.9495063,3.7101421,6.3622956
1500080362649,4.342063,3.3175852,6.6495323
1500080362664,4.715471,2.6090677,6.6878304
1500080362680,4.9452605,2.3505547,6.592085
1500080362696,5.0984535,2.7718353,6.4005938
1500080362712,5.1654754,2.867581,6.4676156
1500080362728,5.519734,2.6282167,6.3431463
1500080362744,5.682502,2.3026817,6.0367603
1500080362760,5.82612,2.3505547,5.529309
1500080362776,6.1420803,2.34098,5.4048395
1500080362792,6.4005938,2.0537431,5.49101
1500080362808,6.668681,1.9005502,5.452712
1500080362824,6.7548523,1.8526775,5.328243
1500080362839,6.745278,2.0250196,5.155901
1500080362856,6.7548523,1.7665064,5.4048395
1500080362871,6.7357035,1.469695,5.194199
1500080362887,6.7740016,1.6133134,5.0601554
1500080362903,6.7261286,1.5654407,5.261221
1500080362919,6.7740016,1.4122477,5.5101595
1500080362935,6.8410234,1.6707608,5.261221
1500080362951,6.821874,1.6420372,5.2899446
1500080362967,6.7931504,1.622888,4.935686
1500080362983,7.1474094,1.7282082,4.658024
1500080362999,7.3676243,1.2782038,4.8590894
1500080363015,7.2527294,1.3165021,4.8782387
1500080363031,7.4920936,2.1207652,4.887813
1500080363046,7.8272033,2.2739582,4.916537
1500080363062,7.693159,1.79523,4.8782387
1500080363078,7.5974135,1.4984187,4.8207912
1500080363094,7.8272033,1.5175679,4.5622783
1500080363110,8.133589,2.187787,4.476107
1500080363126,8.152739,2.5707695,4.6388745
1500080363142,8.018694,2.321831,4.5239797
1500080363158,8.018694,1.9579976,4.4090853
1500080363174,8.104865,1.776081,4.303765
1500080363190,8.353804,2.168638,3.9016335
1500080363206,8.526146,2.6760898,3.6143966
1500080363222,8.392102,2.0920415,3.499502
1500080363238,8.4686985,1.4888442,3.2792869
1500080363254,8.5740185,1.2973529,2.9250283
1500080363269,8.545295,1.2973529,2.6856642
1500080363286,8.688913,1.3260766,2.714388
1500080363301,8.880404,0.98139244,2.9154537
1500080363317,8.861256,0.6271337,2.819708
1500080363333,8.995299,0.54096264,2.7239625
1500080363349,9.41658,0.3398969,2.752686
1500080363365,9.397431,0.11968201,2.752686
1500080363381,9.244238,-0.023936402,2.8963046
1500080363397,9.349558,-0.11968201,2.9824755
1500080363413,9.330409,-0.014361841,3.020774
1500080363429,9.20594,0.19627848,2.9441774
1500080363445,9.148493,0.0,3.2792869
1500080363461,9.110194,-0.34947145,3.7197168
1500080363477,9.062322,-0.512239,3.8633351
1500080363492,9.301685,-0.32074776,3.8633351
1500080363508,9.244238,-0.13883112,3.9878044
1500080363524,8.928278,-0.00478728,4.1888704
1500080363540,8.822957,-0.110107444,4.476107
1500080363557,8.870831,-0.3111732,4.7250457
1500080363572,8.822957,-0.15798025,4.782493
1500080363588,8.717637,0.49308985,4.73462
1500080363604,8.813383,0.8856468,4.811217
1500080363620,8.641041,0.8281995,4.9452605
1500080363636,8.363379,0.6271337,4.9739842
1500080363652,8.2676325,0.7324539,4.6005764
1500080363668,8.641041,0.9526688,4.4186597
1500080363684,8.688913,0.78990126,4.4473834
1500080363700,8.152739,0.56011176,4.5527034
1500080363716,8.085716,0.7324539,4.4090853
1500080363731,8.564445,0.9430942,4.3803616
1500080363748,8.5740185,0.6750065,4.4090853
1500080363764,8.334655,0.359046,4.2271686
1500080363779,8.32508,0.27287498,4.0739756
1500080363795,8.506997,0.34947145,3.9878044
1500080363811,8.478273,0.56011176,3.8920588
1500080363827,8.4686985,0.50266445,3.997379
1500080363843,8.5740185,0.27287498,3.997379
1500080363859,8.612317,0.2441513,3.8824842
1500080363875,8.765511,0.23457673,3.8346114
1500080363891,8.813383,0.03351096,3.8154624
1500080363906,8.717637,-0.023936402,3.9495063
1500080363922,8.583593,-0.05266008,3.930357
1500080363938,8.631466,-0.17712937,4.08355
1500080363954,8.937852,-0.36862057,4.236743
1500080363970,8.918703,-0.54096264,4.284616
1500080363986,9.330409,-0.42606795,4.543129
1500080364002,9.330409,-0.50266445,4.9835587
1500080364018,8.545295,-0.7324539,5.2037735
1500080364034,8.727212,-0.8090504,5.17505
1500080364050,9.426155,-0.5218136,4.8303657
1500080364066,9.29211,-0.44521707,4.437809
1500080364082,8.822957,-0.27287498,3.8537605
1500080364098,9.014449,-0.14840569,3.758015
1500080364114,8.870831,0.11968201,3.0973704
1500080364129,8.717637,0.56011176,2.5420458
1500080364146,8.459125,1.0196906,1.776081
1500080364162,9.29211,1.0388398,1.948423
1500080364178,9.043172,-0.014361841,2.8484318
1500080364194,7.654861,-0.6845811,3.0111992
1500080364210,7.0708127,-0.6271337,3.0111992
1500080364225,6.0463347,-0.5505372,2.2931073
1500080364241,5.2037735,-0.59841,1.1345854
1500080364257,4.236743,-0.25372586,0.5792609
1500080364273,3.4899273,-0.45479164,0.78032666
1500080364289,2.4367256,-1.6037389,0.8760723
1500080364305,0.90479594,-2.6090677,0.91437054
1500080364321,-0.44521707,-2.9920502,1.2877784
1500080364337,-0.71330476,-2.2931073,2.015445
1500080364353,-0.11968201,0.18670394,2.3792782
1500080364369,0.6079846,3.365458,2.6856642
1500080364385,1.776081,6.0846334,3.5665238
1500080364401,3.4229054,7.999545,5.0601554
1500080364416,4.045252,8.612317,6.113357
1500080364432,3.9590807,10.5080805,5.960164
1500080364448,3.7484405,14.165563,5.5771813
1500080364464,4.801642,14.424075,8.353804
1500080364480,5.653778,15.199615,11.49426
1500080364496,3.1835413,16.817715,10.996383
1500080364512,1.5750152,16.214518,10.757019
1500080364528,1.8526775,14.682589,10.393186
1500080364544,1.6516117,13.533641,9.991054
1500080364560,0.8760723,12.231501,9.033598
1500080364576,-0.26330042,9.655944,8.535721
1500080364592,-0.92394507,6.984642,8.028269
1500080364607,-0.64628285,5.2707953,7.999545
1500080364624,0.11968201,4.1888704,8.104865
1500080364639,0.64628285,3.2409887,8.037844
1500080364655,0.42606795,1.7569319,7.999545
1500080364671,-0.09095833,0.2920241,7.741032
1500080364687,-0.359046,-0.5505372,7.089962
1500080364703,0.5218136,-0.61755913,6.113357
1500080364719,2.3792782,0.03351096,5.4239883
1500080364735,4.016528,0.8856468,5.672927
1500080364751,4.3803616,1.4888442,6.1420803
1500080364767,3.825037,1.7377827,5.7112255
1500080364783,4.1601467,1.6899099,5.299519
1500080364798,5.692076,1.929274,5.3186684
1500080364815,7.195282,2.4367256,5.38569
1500080364830,8.095291,2.6569405,5.481436
1500080364846,8.679339,2.8771553,5.49101
1500080364862,9.0814705,3.5282254,5.5484576
1500080364878,9.7899885,4.3133397,5.912291
1500080364894,10.498506,5.222923,5.998462
1500080364910,10.843189,6.113357,5.634629
1500080364926,11.072979,6.6495323,5.1271772
1500080364942,11.446387,6.898471,4.428234
1500080364958,11.360216,7.176133,3.825037
1500080364974,10.94851,7.4537954,3.1165195
1500080364990,10.862339,7.587839,2.7814097
1500080365006,10.833615,7.5303917,2.8484318
1500080365021,10.546378,7.56869,2.9824755
1500080365038,10.105948,7.3676243,3.020774
1500080365053,9.866585,6.8601727,2.8388572
1500080365069,9.684668,6.391019,2.6952388
1500080365085,9.435729,6.1229315,2.7814097
1500080365101,8.918703,5.960164,2.8963046
1500080365117,8.353804,5.797396,2.9824755
1500080365133,8.037844,5.5771813,2.9824755
1500080365149,7.855927,5.232497,2.9441774
1500080365165,7.5208173,4.763344,2.8771553
1500080365180,7.089962,4.504831,2.800559
1500080365196,6.8027253,4.5622783,2.7622607
1500080365213,6.592085,4.8590894,2.7622607
1500080365229,6.1612296,4.9739842,2.561195
1500080365245,5.8165455,4.7058964,2.187787
1500080365261,5.4048395,4.4186597,2.101616
1500080365276,5.0314317,4.1409974,2.666515
1500080365292,4.811217,4.045252,3.690993
1500080365309,4.456958,4.4856815,4.2558923
1500080365324,3.8824842,4.236743,4.428234
1500080365340,3.5952475,3.4037561,4.696322
1500080365356,3.2792869,2.7622607,5.376116
1500080365372,2.647366,1.8909757,5.4718614
1500080365388,2.168638,0.5888355,5.845269
1500080365404,1.9101248,-0.15798025,7.5208173
1500080365420,1.709059,-0.16755481,7.348475
1500080365436,1.7186337,-1.0675635,6.4963393
1500080365452,1.862252,-2.714388,6.5825105
1500080365468,1.7665064,-3.4037561,7.4537954
1500080365484,1.7282082,-2.0728924,8.334655
1500080365499,1.9962958,-0.5888355,7.9803963
1500080365515,2.475024,-0.5792609,7.6069884
1500080365531,2.4654493,-1.5558661,8.305931
1500080365547,1.5654407,-1.9388485,8.66019
1500080365563,1.1345854,-1.4792696,8.191036
1500080365579,1.5654407,-1.4218222,7.9037995
1500080365595,1.79523,-1.6324625,8.755936
1500080365611,1.0579889,-1.776081,9.493176
1500080365627,-0.12925656,-2.6377914,9.933606
1500080365643,-0.8186249,-3.173967,9.397431
1500080365659,-0.8090504,-2.733537,8.6697645
1500080365675,-1.1058618,-2.0250196,8.7750845
1500080365691,-2.0058703,-1.9388485,9.3878565
1500080365707,-3.231414,-2.5324712,9.5219
1500080365722,-4.0261025,-2.7814097,8.899554
1500080365738,-4.3612123,-2.9920502,8.602742
1500080365754,-4.954835,-3.3941817,8.794233
1500080365770,-5.7112255,-3.6431203,8.870831
1500080365786,-6.2282515,-3.4133308,8.602742
1500080365802,-6.5537868,-2.9154537,8.286782
1500080365818,-6.9176197,-2.475024,7.8176284
1500080365834,-7.0995364,-2.0537431,7.635712
1500080365850,-7.2623043,-1.6133134,7.5208173
1500080365866,-7.7506065,-1.2782038,7.2910275
1500080365881,-8.4686985,-1.0196906,6.984642
1500080365898,-8.889979,-0.6558574,6.821874
1500080365913,-9.339984,-0.15798025,6.869747
1500080365929,-9.904882,0.062234644,6.8027253
1500080365945,-10.488931,-0.10053288,6.611234
1500080365961,-10.699572,0.11968201,5.8835673
1500080365977,-10.469782,0.78990126,5.194199
1500080365993,-10.0868,1.6516117,4.926111
1500080366009,-10.144247,1.7665064,5.041006
1500080366025,-10.125097,1.2877784,4.9069624
1500080366041,-9.7899885,0.93351966,4.504831
1500080366057,-9.29211,1.1058618,4.150572
1500080366073,-9.110194,1.5462915,3.7867386
1500080366089,-9.349558,1.7186337,2.972901
1500080366104,-9.732541,1.8335283,2.2452345
1500080366121,-9.96233,1.7377827,2.1207652
1500080366136,-9.617646,1.3452257,2.360129
1500080366152,-8.918703,1.6994845,2.254809
1500080366168,-9.043172,2.0058703,2.2165108
1500080366184,-9.54105,2.2165108,1.8335283
1500080366200,-9.3878565,2.3792782,1.2590547
1500080366216,-8.7750845,2.6186423,1.0292653
1500080366232,-8.736787,2.321831,1.4026731
1500080366248,-9.244238,2.1111906,1.3452257
1500080366264,-9.20594,2.4175766,0.8186249
1500080366280,-8.392102,2.752686,0.50266445
1500080366296,-7.721883,1.948423,0.8090504
1500080366312,-8.171887,1.1058618,1.4505459
1500080366327,-9.41658,1.9675722,1.1250108
1500080366343,-9.904882,2.9154537,0.83777404
1500080366359,-9.368708,2.4845984,0.83777404
1500080366375,-8.506997,1.8431029,0.081383765
1500080366391,-7.9803963,1.4792696,-0.05266008
1500080366407,-7.961247,1.469695,0.512239
1500080366423,-8.717637,1.6516117,0.8664977
1500080366439,-9.847435,1.79523,0.665432
1500080366455,-10.249567,2.0441687,0.15798025
1500080366471,-9.98148,2.0728924,0.0718092
1500080366487,-9.608071,1.9771467,0.11968201
1500080366503,-9.636795,1.9101248,0.47394073
1500080366519,-9.952756,1.929274,0.8281995
1500080366535,-10.220843,2.1590633,0.5888355
1500080366550,-10.239992,2.4558747,0.110107444
1500080366566,-9.75169,2.5994933,0.03351096
1500080366582,-9.033598,2.7048132,0.3111732
1500080366598,-8.755936,2.0058703,0.32074776
1500080366614,-8.9761505,0.9526688,-0.3877697
1500080366630,-9.368708,1.0771381,-0.92394507
1500080366646,-9.847435,1.6324625,-0.9526688
1500080366662,-10.364462,1.2973529,-0.64628285
1500080366678,-10.5080805,1.0101161,-0.6750065
1500080366694,-10.172971,0.91437054,-0.8090504
1500080366710,-9.943181,0.9526688,-0.78990126
1500080366726,-10.29744,1.0388398,-0.5218136
1500080366741,-10.737869,1.3260766,-0.71330476
1500080366758,-10.479357,1.5558661,-1.0292653
1500080366773,-9.703817,2.2452345,-1.3260766
1500080366789,-9.483603,2.6186423,-1.2303311
1500080366805,-9.866585,1.383524,-0.99096704
1500080366821,-10.517654,0.39734426,-0.56011176
1500080366837,-10.651698,0.2441513,-0.7228793
1500080366853,-10.546378,0.78032666,-2.819708
1500080366869,-11.743198,2.4558747,-2.7909844
1500080366885,-11.714475,1.6324625,-0.8186249
1500080366901,-9.904882,2.8580062,0.56011176
1500080366917,-10.728295,2.6377914,2.8388572
1500080366933,-10.029352,0.77075213,0.7994758
1500080366949,-10.105948,-0.69415563,0.50266445
1500080366965,-9.703817,1.2590547,-0.18670394
1500080366981,-9.608071,2.1111906,-0.6750065
1500080366996,-9.98148,2.187787,-0.8473486
1500080367012,-10.249567,0.13883112,-1.3069274
1500080367028,-9.799562,-2.3505547,-1.5175679
1500080367044,-7.5974135,-2.0537431,-5.0122824
1500080367060,-13.00704,7.089962,0.6271337
1500080367076,-19.603912,11.226172,10.096374
1500080367092,-12.25065,5.500585,1.1058618
1500080367108,-7.2910275,-4.5335546,-0.665432
1500080367124,-6.410168,-5.5580325,-1.4984187
1500080367140,-7.6261373,-2.1399143,-2.4654493
1500080367156,-9.5219,-0.0718092,-2.2643836
1500080367171,-10.249567,1.3260766,-1.622888
1500080367187,-9.75169,0.512239,-0.023936402
1500080367203,-9.272962,-1.3165021,1.2016073
1500080367219,-9.914457,-1.862252,0.512239
1500080367235,-10.153821,-0.2920241,-0.42606795
1500080367251,-10.029352,1.6037389,-0.25372586
1500080367267,-9.85701,0.92394507,0.3877697
1500080367283,-9.722966,-0.33032233,-0.61755913
1500080367347,-9.608071,0.26330042,-0.70373017
1500080367411,-9.684668,0.12925656,-0.28244954
1500080367475,-9.665519,0.3111732,-0.3111732
1500080367539,-9.75169,0.0,-0.36862057
1500080367601,-9.6942425,0.37819514,-0.13883112
1500080367665,-9.5889225,0.6271337,-0.36862057
1500080367730,-9.5889225,1.2590547,-0.45479164
1500080367794,-9.732541,1.1824582,-0.40691882
1500080367856,-9.493176,1.1920328,-0.014361841
1500080367921,-9.665519,0.7994758,0.081383765
1500080367984,-9.62722,1.0388398,-0.20585304
1500080368047,-9.359133,1.7282082,-0.09095833
1500080368111,-9.722966,1.0771381,-0.014361841
1500080368175,-9.6942425,0.9430942,-0.27287498
1500080368239,-9.75169,1.0101161,-0.18670394
1500080368302,-9.359133,1.7473572,-0.3111732
1500080368366,-9.493176,1.6707608,-0.3111732
1500080368431,-9.809137,1.0196906,-0.09095833
1500080368493,-9.474028,1.4026731,-0.062234644
1500080368557,-9.5219,1.5941644,-0.2154276
1500080368621,-9.5219,1.5558661,-0.4164934
1500080368685,-9.569773,1.383524,-0.3398969
1500080368748,-9.684668,1.1728836,-0.4356425
1500080368812,-9.608071,1.2494801,-0.45479164
1500080368876,-9.560199,1.4601204,-0.4356425
1500080368939,-9.665519,1.3356512,-0.40691882
1500080369004,-9.512326,1.5079932,-0.7228793
1500080369067,-9.138918,2.168638,-1.3260766
1500080369131,-9.445304,1.2877784,-0.7420284
1500080369195,-10.019777,1.2207564,-0.3877697
1500080369258,-9.3878565,2.1399143,-0.93351966
1500080369322,-9.809137,0.45479164,-0.49308985
1500080369385,-9.732541,0.22500217,-0.47394073
1500080369449,-9.64637,1.1633091,-0.70373017
1500080369513,-9.991054,0.043085523,-0.45479164
1500080369577,-11.207023,-2.168638,0.00478728
1500080369640,-11.877242,2.2835326,-1.4792696
1500080369704,-12.67193,2.561195,-0.4835153
1500080369768,-14.136839,2.5037475,1.4888442
1500080369831,-12.068733,-1.6420372,0.12925656
1500080369895,-12.5474615,0.28244954,-0.63670826
1500080369959,-10.852764,-3.1548176,3.604822
1500080370022,-8.6697645,-5.4718614,4.0644007
1500080370086,-6.2282515,-5.328243,3.3175852
1500080370150,-5.5101595,-3.3367343,4.5622783
1500080370214,-5.605905,-3.4899273,4.351638
1500080370277,-6.6878304,-2.905879,4.0548263
1500080370341,-6.668681,-0.42606795,4.6771727
1500080370405,-6.764427,1.2399056,5.634629
1500080370468,-7.7793303,4.4186597,7.7506065
1500080370532,-6.151655,1.9962958,7.511243
1500080370596,-1.8526775,1.4026731,8.34423
1500080370660,1.6420372,1.2303311,8.641041
1500080370723,3.346309,3.758015,7.1474094
1500080370787,3.8824842,3.5090764,6.458041
1500080370851,4.811217,2.580344,6.9559183
1500080370914,4.2558923,1.2686293,6.6878304
1500080370978,4.9835587,-0.5218136,3.1548176
1500080371042,7.2335806,-1.0675635,0.61755913
1500080371105,8.210186,-2.1111906,-0.46436617
1500080371169,9.349558,-3.1356685,-3.0686467
1500080371233,9.407005,-3.3941817,-4.811217
1500080371297,8.966576,-2.2835326,-3.499502
1500080371360,9.167642,-3.3750327,-2.2260852
1500080371424,9.148493,-4.437809,-1.9101248
1500080371488,9.713391,-4.887813,-1.3165021
1500080371551,8.612317,-4.6005764,-0.47394073
1500080371615,8.966576,-4.4856815,-1.0101161
1500080371679,9.20594,-3.911208,-0.77075213
1500080371742,9.071896,-3.9016335,-1.14416
1500080371806,9.119769,-3.3080106,-1.6611862
1500080371870,9.655944,-3.1165195,-1.622888
1500080371934,9.636795,-2.800559,-1.2111819
1500080371997,9.550624,-2.7814097,-0.9526688
1500080372061,9.330409,-2.6090677,-0.49308985
1500080372125,9.407005,-2.5994933,-0.6271337
1500080372189,9.378282,-2.6377914,-1.14416
1500080372252,9.272962,-2.4175766,-0.9622433
1500080372316,9.3878565,-2.88673,-0.5505372
1500080372380,9.435729,-3.3750327,-0.42606795
1500080372445,9.54105,-3.499502,-0.61755913
1500080372507,9.41658,-3.173967,-0.85692316
1500080372571,9.474028,-2.9250283,-0.45479164
1500080372635,9.158067,-3.0303483,-0.8760723
1500080372698,9.20594,-3.6335456,-1.4218222
1500080372762,9.18679,-3.5473747,-1.5462915
1500080372826,9.2825365,-3.518651,-1.3452257
1500080372889,9.378282,-3.6431203,-1.2303311
1500080372953,9.301685,-3.6622694,-1.0005416
1500080373017,9.138918,-3.212265,-0.6845811
1500080373080,9.272962,-3.5665238,-1.4218222
1500080373144,9.272962,-3.3558834,-1.6420372
1500080373208,9.3878565,-3.1452432,-1.5271424
1500080373272,9.339984,-3.059072,-1.1824582
1500080373335,9.368708,-3.2026904,-1.4792696
1500080373399,9.110194,-3.173967,-1.5845897
1500080373464,9.167642,-3.1643922,-1.2207564
1500080373526,9.263388,-3.126094,-0.91437054
1500080373590,9.330409,-3.5952475,-0.59841
1500080373654,9.320834,-3.2984362,-0.56011176
1500080373717,9.866585,-3.059072,-1.0484143
1500080373781,9.454879,-2.8963046,-1.6133134
1500080373845,8.995299,-3.039923,-1.8526775
1500080373909,9.071896,-3.2792869,-1.8048047
1500080373972,9.043172,-3.7675896,-1.2973529
