1500132730384,-2.6377914,-9.31126,-1.709059
1500132730447,-2.666515,-9.320834,-1.7282082
1500132730511,-2.6952388,-9.244238,-1.709059
1500132730576,-2.714388,-9.244238,-1.7377827
1500132730640,-2.647366,-9.301685,-1.7473572
1500132730703,-2.647366,-9.320834,-1.7569319
1500132730767,-2.6377914,-9.339984,-1.776081
1500132730830,-2.6282167,-9.320834,-1.8526775
1500132730894,-2.6760898,-9.31126,-1.776081
1500132730957,-2.666515,-9.2825365,-1.7665064
1500132731021,-2.6760898,-9.244238,-1.7569319
1500132731085,-2.6760898,-9.2825365,-1.8526775
1500132731149,-2.6569405,-9.339984,-1.8814012
1500132731212,-2.647366,-9.330409,-1.862252
1500132731277,-2.6760898,-9.301685,-1.79523
1500132731341,-2.733537,-9.215514,-1.7665064
1500132731403,-2.7431116,-9.234664,-1.7856555
1500132731467,-2.7431116,-9.253813,-1.8239537
1500132731531,-2.733537,-9.272962,-1.8431029
1500132731595,-2.752686,-9.263388,-1.8143792
1500132731658,-2.752686,-9.225089,-1.776081
1500132731722,-2.7239625,-9.253813,-1.8143792
1500132731786,-2.7239625,-9.272962,-1.79523
1500132731849,-2.6952388,-9.301685,-1.8143792
1500132731913,-2.647366,-9.339984,-1.8143792
1500132731977,-2.6856642,-9.320834,-1.8048047
1500132732041,-2.6760898,-9.301685,-1.8718265
1500132732105,-2.752686,-9.215514,-1.8431029
1500132732168,-2.7622607,-9.225089,-1.8048047
1500132732232,-2.7718353,-9.244238,-1.7665064
1500132732295,-2.7431116,-9.2825365,-1.8143792
1500132732359,-2.7622607,-9.2825365,-1.8814012
1500132732423,-2.8292825,-9.20594,-1.8909757
1500132732487,-2.819708,-9.196365,-1.8718265
1500132732550,-2.8292825,-9.177217,-1.8143792
1500132732614,-2.7909844,-9.301685,-1.79523
1500132732678,-2.7718353,-9.272962,-1.7856555
1500132732741,-2.8292825,-9.177217,-1.8239537
1500132732805,-2.800559,-9.177217,-1.8335283
1500132732869,-2.6952388,-9.263388,-1.6899099
1500132732933,-2.6282167,-9.339984,-1.7856555
1500132732996,-2.5899186,-9.3878565,-1.7856555
1500132733060,-2.5994933,-9.339984,-1.7569319
1500132733124,-2.561195,-9.339984,-1.776081
1500132733187,-2.5899186,-9.2825365,-1.7186337
1500132733251,-2.6186423,-9.272962,-1.79523
1500132733315,-2.5994933,-9.29211,-1.9388485
1500132733378,-2.5037475,-9.407005,-1.8431029
1500132733442,-2.4654493,-9.493176,-1.8526775
1500132733506,-2.5899186,-9.339984,-1.8526775
1500132733570,-2.666515,-9.177217,-1.862252
1500132733633,-2.733537,-9.158067,-1.8526775
1500132733697,-2.6856642,-9.253813,-1.8526775
1500132733762,-2.6569405,-9.29211,-1.8239537
1500132733825,-2.6377914,-9.349558,-1.862252
1500132733888,-2.6282167,-9.349558,-1.8239537
1500132733952,-2.666515,-9.272962,-1.8526775
1500132734017,-2.6760898,-9.225089,-1.8431029
1500132734079,-2.6760898,-9.272962,-1.8526775
1500132734143,-2.647366,-9.301685,-1.8718265
1500132734207,-2.6282167,-9.330409,-1.8814012
1500132734271,-2.6569405,-9.301685,-1.8335283
1500132734334,-2.6569405,-9.2825365,-1.8143792
1500132734398,-2.6377914,-9.31126,-1.8143792
1500132734462,-2.6760898,-9.272962,-1.9101248
1500132734525,-2.7239625,-9.339984,-1.9196993
1500132734589,-2.7622607,-9.215514,-1.862252
1500132734653,-2.7239625,-9.272962,-1.8526775
1500132734717,-2.8101335,-9.253813,-1.7377827
1500132734780,-2.8484318,-9.225089,-1.7282082
1500132734844,-2.8292825,-9.20594,-1.8814012
1500132734908,-2.8388572,-9.167642,-1.8431029
1500132734971,-2.800559,-9.272962,-1.862252
1500132735035,-2.8292825,-9.177217,-1.862252
1500132735099,-2.8388572,-9.225089,-1.8814012
1500132735163,-2.8771553,-9.196365,-1.6611862
1500132735227,-2.7622607,-9.129343,-1.7282082
1500132735290,-2.6760898,-9.29211,-1.7377827
1500132735354,-2.580344,-9.454879,-1.8335283
1500132735417,-2.427151,-9.502751,-1.7665064
1500132735481,-2.4654493,-9.531475,-1.5462915
1500132735545,-2.5516202,-9.167642,-1.5175679
1500132735610,-2.3888528,-9.397431,-1.6611862
1500132735672,-2.5037475,-9.569773,-1.6994845
1500132735736,-2.4558747,-9.474028,-1.5845897
1500132735800,-2.6569405,-9.349558,-1.7377827
1500132735864,-2.867581,-9.052747,-1.776081
1500132735927,-2.88673,-9.100619,-1.9388485
1500132735991,-2.88673,-9.0814705,-1.8718265
1500132736055,-2.8388572,-9.177217,-1.9101248
1500132736118,-2.733537,-9.20594,-2.0633178
1500132736182,-2.6377914,-9.3878565,-2.0537431
1500132736246,-2.647366,-9.493176,-2.0250196
1500132736310,-2.800559,-9.550624,-2.0058703
1500132736374,-3.126094,-9.512326,-1.7377827
1500132736437,-3.4133308,-9.5219,-1.8335283
1500132736501,-3.0111992,-9.215514,-1.79523
1500132736564,-2.1590633,-9.225089,-1.3643749
1500132736629,-2.0633178,-9.014449,-0.8281995
1500132736692,-1.6803354,-7.9899707,-0.3398969
1500132736756,-1.6803354,-8.545295,-0.8856468
1500132736819,-2.321831,-10.421909,-1.9196993
1500132736883,-3.0686467,-10.6134,-2.149489
1500132736948,-2.8771553,-8.593168,-1.7665064
1500132737010,-2.5228968,-9.110194,-1.2111819
1500132737074,-2.6282167,-9.445304,-0.46436617
1500132737138,-2.561195,-10.096374,-0.98139244
1500132737202,-1.4984187,-9.885734,-1.1058618
1500132737265,-1.8718265,-9.742115,-1.1633091
1500132737329,-2.0441687,-9.301685,-0.83777404
1500132737393,-2.5420458,-9.359133,-1.2207564
1500132737456,-2.4845984,-9.339984,-1.1250108
1500132737520,-2.2165108,-9.636795,-0.8952214
1500132737584,-2.0537431,-9.579348,-0.3877697
1500132737648,-2.149489,-9.598496,-0.56968635
1500132737711,-2.1973617,-9.5889225,-0.64628285
1500132737775,-2.168638,-9.608071,-0.46436617
1500132737839,-2.1207652,-9.598496,-0.2154276
1500132737902,-2.0824668,-9.598496,-0.10053288
1500132737967,-2.0537431,-9.5889225,-0.05266008
1500132738030,-2.0250196,-9.655944,-0.17712937
1500132738094,-2.015445,-9.636795,-0.13883112
1500132738157,-2.0441687,-9.64637,-0.2441513
1500132738221,-2.0633178,-9.617646,-0.23457673
1500132738286,-2.015445,-9.675094,-0.19627848
1500132738348,-2.034594,-9.598496,-0.16755481
1500132738412,-2.1303396,-9.502751,-0.062234644
1500132738476,-1.9579976,-9.6942425,-0.25372586
1500132738540,-1.862252,-9.713391,-0.09095833
1500132738605,-1.8431029,-9.655944,-0.00478728
1500132738667,-1.8526775,-9.665519,-0.043085523
1500132738731,-1.8814012,-9.598496,0.10053288
1500132738795,-1.8526775,-9.6942425,-0.10053288
1500132738858,-1.7473572,-9.761265,-0.18670394
1500132738923,-1.862252,-9.665519,-0.12925656
1500132738986,-1.8909757,-9.655944,-0.13883112
1500132739050,-1.8718265,-9.636795,0.0
1500132739114,-1.8239537,-9.713391,-0.0718092
1500132739177,-1.8048047,-9.703817,-0.00478728
1500132739241,-1.8909757,-9.636795,0.05266008
1500132739304,-1.9196993,-9.62722,0.043085523
1500132739368,-1.9101248,-9.636795,0.0718092
1500132739432,-1.8718265,-9.608071,0.11968201
1500132739495,-1.8335283,-9.703817,-0.12925656
1500132739559,-1.8526775,-9.722966,-0.32074776
1500132739623,-1.8431029,-9.6942425,-0.20585304
1500132739687,-1.8909757,-9.62722,-0.081383765
1500132739750,-1.948423,-9.617646,-0.19627848
1500132739815,-1.8143792,-9.684668,-0.081383765
1500132739878,-1.7569319,-9.732541,-0.014361841
1500132739941,-1.7569319,-9.703817,0.062234644
1500132740005,-1.8431029,-9.636795,0.14840569
1500132740069,-1.8526775,-9.617646,0.16755481
1500132740133,-1.7856555,-9.6942425,0.12925656
1500132740196,-1.7569319,-9.742115,0.043085523
1500132740260,-1.8048047,-9.665519,0.16755481
1500132740324,-1.8431029,-9.64637,0.16755481
1500132740388,-1.8431029,-9.64637,0.20585304
1500132740451,-1.8143792,-9.684668,0.14840569
1500132740515,-1.79523,-9.665519,0.22500217
1500132740579,-1.7665064,-9.6942425,0.22500217
1500132740643,-1.7856555,-9.665519,0.23457673
1500132740706,-1.7473572,-9.684668,0.27287498
1500132740771,-1.7569319,-9.684668,0.2441513
1500132740834,-1.7569319,-9.6942425,0.23457673
1500132740897,-1.776081,-9.665519,0.22500217
1500132740961,-1.776081,-9.6942425,0.18670394
1500132741025,-1.7856555,-9.732541,0.10053288
1500132741088,-1.79523,-9.608071,0.44521707
1500132741152,-1.7569319,-9.713391,0.2920241
1500132741216,-1.8239537,-9.62722,0.34947145
1500132741280,-1.8526775,-9.655944,0.30159867
1500132741343,-1.79523,-9.703817,0.30159867
1500132741407,-1.8143792,-9.636795,0.4164934
1500132741471,-1.8239537,-9.655944,0.39734426
1500132741534,-1.8335283,-9.64637,0.4164934
1500132741598,-1.8239537,-9.675094,0.3398969
1500132741662,-1.8431029,-9.684668,0.22500217
1500132741726,-1.8718265,-9.684668,0.2920241
1500132741789,-1.9101248,-9.579348,0.40691882
1500132741853,-1.8431029,-9.684668,0.33032233
1500132741917,-1.8526775,-9.655944,0.32074776
1500132741980,-1.8718265,-9.675094,0.22500217
1500132742044,-1.9005502,-9.64637,0.22500217
1500132742108,-1.9101248,-9.64637,0.22500217
1500132742172,-1.8718265,-9.636795,0.2920241
1500132742235,-1.8431029,-9.703817,0.25372586
1500132742299,-1.862252,-9.655944,0.30159867
1500132742363,-1.8909757,-9.665519,0.22500217
1500132742428,-1.9005502,-9.655944,0.2441513
1500132742490,-1.9101248,-9.655944,0.26330042
1500132742554,-1.8718265,-9.665519,0.3111732
1500132742618,-1.8718265,-9.64637,0.34947145
1500132742681,-1.8814012,-9.655944,0.3398969
1500132742745,-1.9005502,-9.64637,0.359046
1500132742809,-1.9005502,-9.655944,0.36862057
1500132742872,-1.8814012,-9.64637,0.42606795
1500132742936,-1.9101248,-9.636795,0.44521707
1500132743000,-1.9005502,-9.62722,0.4835153
1500132743064,-1.8718265,-9.655944,0.46436617
1500132743127,-1.8718265,-9.665519,0.46436617
1500132743191,-1.9196993,-9.62722,0.42606795
1500132743255,-1.9101248,-9.62722,0.46436617
1500132743319,-1.862252,-9.684668,0.4356425
1500132743382,-1.8909757,-9.64637,0.49308985
1500132743446,-1.9196993,-9.62722,0.46436617
1500132743510,-1.9101248,-9.636795,0.512239
1500132743573,-1.9196993,-9.62722,0.49308985
1500132743637,-1.9101248,-9.636795,0.512239
1500132743701,-1.9005502,-9.64637,0.5218136
1500132743764,-1.9388485,-9.62722,0.49308985
1500132743828,-1.9388485,-9.62722,0.50266445
1500132743892,-1.9388485,-9.636795,0.50266445
1500132743956,-1.929274,-9.62722,0.5313881
1500132744019,-1.929274,-9.62722,0.56011176
1500132744083,-1.9388485,-9.62722,0.50266445
1500132744147,-1.948423,-9.636795,0.49308985
1500132744210,-1.9196993,-9.636795,0.5313881
1500132744274,-1.929274,-9.608071,0.6271337
1500132744338,-1.8909757,-9.636795,0.6271337
1500132744402,-1.8909757,-9.665519,0.5888355
1500132744467,-1.948423,-9.608071,0.6079846
1500132744529,-1.9101248,-9.64637,0.6271337
1500132744593,-1.8909757,-9.655944,0.665432
1500132744657,-1.929274,-9.62722,0.751603
1500132744720,-1.9675722,-9.569773,0.8473486
1500132744785,-1.9771467,-9.569773,0.8856468
1500132744848,-1.948423,-9.5889225,0.91437054
1500132744911,-1.929274,-9.608071,0.9430942
1500132744975,-1.9675722,-9.569773,1.0101161
1500132745039,-1.9101248,-9.5889225,1.0675635
1500132745103,-1.9101248,-9.579348,1.1728836
1500132745166,-1.9101248,-9.560199,1.1920328
1500132745230,-1.9005502,-9.579348,1.2207564
1500132745294,-1.929274,-9.550624,1.2877784
1500132745357,-1.9579976,-9.54105,1.2877784
1500132745421,-1.9388485,-9.531475,1.3548003
1500132745485,-1.9388485,-9.531475,1.4026731
1500132745549,-1.9579976,-9.54105,1.3452257
1500132745612,-1.9962958,-9.54105,1.2877784
1500132745676,-1.9579976,-9.617646,1.2590547
1500132745740,-1.9867213,-9.550624,1.469695
1500132745804,-2.0537431,-9.41658,1.6994845
1500132745867,-2.0728924,-9.320834,2.034594
1500132745931,-2.0633178,-9.29211,2.1782124
1500132745995,-2.0250196,-9.378282,2.1207652
1500132746058,-1.9962958,-9.426155,2.0920415
1500132746122,-2.0633178,-9.359133,2.0633178
1500132746186,-2.1399143,-9.349558,2.0250196
1500132746249,-2.1207652,-9.349558,2.0633178
1500132746313,-2.1111906,-9.368708,2.0633178
1500132746377,-2.0920415,-9.378282,2.0537431
1500132746441,-2.1111906,-9.368708,2.034594
1500132746504,-2.1399143,-9.378282,1.9771467
1500132746568,-2.1111906,-9.3878565,1.9962958
1500132746633,-2.1303396,-9.359133,2.0537431
1500132746696,-2.1111906,-9.368708,2.015445
1500132746759,-2.149489,-9.378282,1.9771467
1500132746823,-2.149489,-9.368708,1.9867213
1500132746887,-2.1303396,-9.368708,1.9962958
1500132746950,-2.1111906,-9.359133,2.0537431
1500132747014,-2.1399143,-9.368708,2.0058703
1500132747078,-2.1590633,-9.3878565,1.9388485
1500132747142,-2.168638,-9.359133,1.9675722
1500132747205,-2.1399143,-9.359133,2.015445
1500132747269,-2.1303396,-9.368708,2.0250196
1500132747333,-2.149489,-9.378282,1.9771467
1500132747396,-2.1782124,-9.349558,1.9867213
1500132747460,-2.1399143,-9.368708,2.0058703
1500132747524,-2.1399143,-9.3878565,2.0058703
1500132747588,-2.1399143,-9.378282,1.9771467
1500132747652,-2.149489,-9.397431,1.948423
1500132747715,-2.1782124,-9.349558,1.948423
1500132747779,-2.149489,-9.339984,2.034594
1500132747842,-2.1207652,-9.397431,2.015445
1500132747906,-2.1111906,-9.368708,2.034594
1500132747971,-2.1782124,-9.397431,1.8909757
1500132748033,-2.1782124,-9.225089,2.0824668
1500132748097,-2.1590633,-9.368708,2.0633178
1500132748161,-2.101616,-9.464453,1.8909757
1500132748225,-2.2165108,-9.359133,1.8526775
1500132748290,-2.2356598,-9.378282,1.7665064
1500132748352,-2.2069361,-9.378282,1.8814012
1500132748416,-2.1399143,-9.435729,1.8335283
1500132748480,-2.1782124,-9.378282,1.862252
1500132748543,-2.2069361,-9.378282,1.8048047
1500132748607,-2.187787,-9.41658,1.7856555
1500132748671,-2.2069361,-9.397431,1.7665064
1500132748734,-2.187787,-9.368708,1.79523
1500132748798,-2.1782124,-9.41658,1.7665064
1500132748862,-2.149489,-9.426155,1.776081
1500132748926,-2.1782124,-9.407005,1.7856555
1500132748989,-2.1782124,-9.3878565,1.8143792
1500132749053,-2.1973617,-9.378282,1.8526775
1500132749117,-2.2069361,-9.407005,1.7665064
1500132749181,-2.2069361,-9.41658,1.7377827
1500132749244,-2.2165108,-9.3878565,1.776081
1500132749309,-2.187787,-9.397431,1.79523
1500132749372,-2.1973617,-9.407005,1.7856555
1500132749435,-2.2165108,-9.397431,1.7473572
1500132749499,-2.2165108,-9.3878565,1.776081
1500132749563,-2.1973617,-9.407005,1.776081
1500132749628,-2.2260852,-9.397431,1.7569319
1500132749690,-2.2165108,-9.3878565,1.7473572
1500132749754,-2.2069361,-9.41658,1.7473572
1500132749818,-2.187787,-9.41658,1.7569319
1500132749882,-2.1973617,-9.407005,1.7282082
1500132749945,-2.2165108,-9.407005,1.7282082
1500132750009,-2.2165108,-9.397431,1.709059
1500132750073,-2.2069361,-9.41658,1.7377827
1500132750137,-2.1973617,-9.407005,1.7569319
1500132750200,-2.2452345,-9.378282,1.776081
1500132750264,-2.2260852,-9.397431,1.7473572
1500132750328,-2.2165108,-9.41658,1.7473572
1500132750391,-2.2165108,-9.397431,1.7665064
1500132750455,-2.2356598,-9.378282,1.7665064
1500132750519,-2.2356598,-9.397431,1.7569319
1500132750583,-2.2165108,-9.407005,1.7473572
1500132750647,-2.2260852,-9.397431,1.7665064
1500132750710,-2.2165108,-9.378282,1.7856555
1500132750773,-2.2452345,-9.407005,1.7282082
1500132750837,-2.2165108,-9.41658,1.7186337
1500132750901,-2.254809,-9.339984,1.7569319
1500132750966,-2.1973617,-9.41658,1.7665064
1500132751028,-2.149489,-9.454879,1.8143792
1500132751092,-2.1590633,-9.3878565,1.8718265
1500132751156,-2.2069361,-9.407005,1.8143792
1500132751220,-2.2452345,-9.359133,1.79523
1500132751283,-2.2165108,-9.41658,1.7665064
1500132751347,-2.1973617,-9.397431,1.8143792
1500132751411,-2.2069361,-9.426155,1.7473572
1500132751474,-2.254809,-9.349558,1.7473572
1500132751538,-2.2165108,-9.426155,1.7377827
1500132751602,-2.187787,-9.3878565,1.8718265
1500132751666,-2.2260852,-9.359133,1.8239537
1500132751730,-2.2165108,-9.397431,1.7569319
1500132751793,-2.1782124,-9.435729,1.7665064
1500132751857,-2.1973617,-9.3878565,1.79523
1500132751920,-2.2069361,-9.359133,1.8526775
1500132751984,-2.187787,-9.426155,1.776081
1500132752048,-2.2069361,-9.3878565,1.8143792
1500132752111,-2.2260852,-9.349558,1.8431029
1500132752175,-2.2165108,-9.3878565,1.8143792
1500132752239,-2.2165108,-9.41658,1.8048047
1500132752303,-2.254809,-9.359133,1.8048047
1500132752366,-2.2452345,-9.3878565,1.8048047
1500132752430,-2.2452345,-9.378282,1.8143792
1500132752494,-2.2356598,-9.397431,1.7665064
1500132752558,-2.2260852,-9.397431,1.7569319
1500132752621,-2.2069361,-9.3878565,1.7856555
1500132752685,-2.1973617,-9.407005,1.7856555
1500132752749,-2.187787,-9.407005,1.7856555
1500132752812,-2.2069361,-9.41658,1.7665064
1500132752876,-2.2260852,-9.397431,1.79523
1500132752940,-2.2260852,-9.407005,1.776081
1500132753004,-2.254809,-9.339984,1.8048047
1500132753067,-2.3026817,-9.359133,1.7856555
1500132753131,-2.2739582,-9.3878565,1.7665064
1500132753195,-2.2165108,-9.41658,1.7856555
1500132753259,-2.2356598,-9.397431,1.776081
1500132753322,-2.2452345,-9.359133,1.8431029
1500132753386,-2.254809,-9.359133,1.7856555
1500132753450,-2.2069361,-9.426155,1.7473572
1500132753513,-2.2165108,-9.435729,1.7186337
1500132753577,-2.1973617,-9.426155,1.6899099
1500132753641,-2.2260852,-9.368708,1.7473572
1500132753704,-2.1782124,-9.426155,1.79523
1500132753768,-2.187787,-9.426155,1.7665064
1500132753832,-2.2452345,-9.368708,1.8431029
1500132753897,-2.2260852,-9.339984,1.9005502
1500132753959,-2.2069361,-9.378282,1.8526775
1500132754023,-2.2643836,-9.407005,1.7569319
1500132754087,-2.2739582,-9.349558,1.7665064
1500132754150,-2.2835326,-9.349558,1.776081
1500132754214,-2.2931073,-9.3878565,1.7665064
1500132754278,-2.254809,-9.397431,1.8335283
1500132754341,-2.2643836,-9.359133,1.8909757
1500132754405,-2.2452345,-9.368708,1.8909757
1500132754469,-2.3026817,-9.3878565,1.7665064
1500132754533,-2.3314054,-9.349558,1.6899099
1500132754596,-2.34098,-9.359133,1.7282082
1500132754660,-2.3026817,-9.378282,1.8431029
1500132754724,-2.254809,-9.368708,1.9196993
1500132754787,-2.2931073,-9.378282,1.862252
1500132754851,-2.2835326,-9.378282,1.8335283
1500132754915,-2.3122563,-9.41658,1.79523
1500132754979,-2.360129,-9.301685,1.776081
1500132755042,-2.3888528,-9.29211,1.776081
1500132755106,-2.3792782,-9.31126,1.7377827
1500132755170,-2.3505547,-9.41658,1.7665064
1500132755235,-2.3505547,-9.397431,1.7665064
1500132755297,-2.3505547,-9.301685,1.7856555
1500132755361,-2.3697038,-9.330409,1.776081
1500132755425,-2.3505547,-9.368708,1.7473572
1500132755488,-2.3314054,-9.407005,1.7186337
1500132755553,-2.34098,-9.407005,1.7377827
1500132755616,-2.3697038,-9.320834,1.7473572
1500132755679,-2.3888528,-9.320834,1.7282082
1500132755743,-2.3697038,-9.368708,1.7665064
1500132755807,-2.360129,-9.359133,1.7856555
1500132755871,-2.360129,-9.349558,1.7569319
1500132755934,-2.3505547,-9.378282,1.7377827
1500132755998,-2.3505547,-9.397431,1.709059
1500132756062,-2.360129,-9.378282,1.7473572
1500132756125,-2.408002,-9.301685,1.7186337
1500132756189,-2.3984275,-9.29211,1.7282082
1500132756254,-2.34098,-9.378282,1.7186337
1500132756317,-2.3026817,-9.445304,1.776081
1500132756381,-2.3026817,-9.3878565,1.7282082
1500132756445,-2.360129,-9.320834,1.7473572
1500132756508,-2.3697038,-9.349558,1.7282082
1500132756571,-2.34098,-9.359133,1.7665064
1500132756635,-2.2835326,-9.3878565,1.79523
1500132756699,-2.2739582,-9.397431,1.7856555
1500132756762,-2.3026817,-9.407005,1.7569319
1500132756826,-2.3697038,-9.330409,1.7856555
1500132756890,-2.3122563,-9.397431,1.6611862
1500132756954,-2.2739582,-9.320834,1.9101248
1500132757017,-2.2452345,-9.397431,1.8048047
1500132757081,-2.2931073,-9.368708,1.7665064
1500132757145,-2.321831,-9.29211,1.7377827
1500132757208,-2.2165108,-9.3878565,1.8718265
1500132757272,-2.2452345,-9.41658,1.79523
1500132757336,-2.3026817,-9.359133,1.7377827
1500132757400,-2.3026817,-9.368708,1.7569319
1500132757463,-2.254809,-9.397431,1.7665064
1500132757527,-2.2739582,-9.378282,1.79523
1500132757591,-2.2835326,-9.349558,1.776081
1500132757654,-2.2356598,-9.41658,1.7569319
1500132757718,-2.1782124,-9.407005,1.9101248
1500132757783,-2.2260852,-9.397431,1.79523
1500132757846,-2.321831,-9.301685,1.7856555
1500132757909,-2.2739582,-9.407005,1.7665064
1500132757973,-2.254809,-9.3878565,1.7665064
1500132758037,-2.254809,-9.368708,1.7856555
1500132758101,-2.254809,-9.397431,1.7377827
1500132758164,-2.2643836,-9.397431,1.7377827
1500132758228,-2.2739582,-9.368708,1.776081
1500132758292,-2.254809,-9.3878565,1.7569319
1500132758355,-2.2739582,-9.3878565,1.7665064
1500132758419,-2.2452345,-9.397431,1.7665064
1500132758483,-2.254809,-9.41658,1.7473572
1500132758546,-2.34098,-9.31126,1.7856555
1500132758610,-2.2931073,-9.397431,1.6803354
1500132758674,-2.2835326,-9.359133,1.776081
1500132758738,-2.254809,-9.378282,1.8048047
1500132758801,-2.2452345,-9.397431,1.79523
1500132758865,-2.2931073,-9.349558,1.79523
1500132758929,-2.2835326,-9.359133,1.79523
1500132758992,-2.2643836,-9.41658,1.7186337
1500132759057,-2.2835326,-9.301685,1.8526775
1500132759120,-2.2452345,-9.407005,1.7856555
1500132759183,-2.254809,-9.41658,1.7377827
1500132759247,-2.2643836,-9.368708,1.776081
1500132759311,-2.254809,-9.359133,1.8143792
1500132759376,-2.2260852,-9.426155,1.7665064
1500132759438,-2.2452345,-9.397431,1.7569319
1500132759502,-2.2643836,-9.368708,1.7473572
1500132759566,-2.2835326,-9.3878565,1.7377827
1500132759629,-2.2739582,-9.378282,1.7665064
1500132759694,-2.2835326,-9.368708,1.7569319
1500132759757,-2.254809,-9.407005,1.7665064
1500132759821,-2.2835326,-9.3878565,1.7473572
1500132759884,-2.2931073,-9.368708,1.7473572
1500132759948,-2.2931073,-9.378282,1.7569319
1500132760013,-2.321831,-9.435729,1.6324625
1500132760075,-2.321831,-9.2825365,1.8335283
1500132760139,-2.2643836,-9.512326,1.6707608
1500132760203,-2.2931073,-9.31126,1.862252
1500132760267,-2.3122563,-9.359133,1.7856555
1500132760330,-2.2931073,-9.3878565,1.79523
1500132760394,-2.321831,-9.339984,1.79523
1500132760458,-2.321831,-9.41658,1.7282082
1500132760522,-2.2931073,-9.330409,1.79523
1500132760585,-2.2931073,-9.368708,1.8143792
1500132760649,-2.3122563,-9.3878565,1.7282082
1500132760713,-2.2931073,-9.378282,1.7569319
1500132760776,-2.3026817,-9.359133,1.7856555
1500132760840,-2.3122563,-9.378282,1.7473572
1500132760904,-2.3026817,-9.3878565,1.7377827
1500132760967,-2.3314054,-9.339984,1.7377827
1500132761031,-2.3314054,-9.339984,1.7569319
1500132761096,-2.3026817,-9.397431,1.6994845
1500132761160,-2.2931073,-9.397431,1.7473572
1500132761222,-2.321831,-9.359133,1.7377827
1500132761286,-2.321831,-9.3878565,1.6994845
1500132761350,-2.3314054,-9.378282,1.7665064
1500132761413,-2.3314054,-9.359133,1.6994845
1500132761477,-2.3792782,-9.349558,1.6611862
1500132761541,-2.34098,-9.378282,1.622888
1500132761605,-2.3697038,-9.349558,1.7282082
1500132761668,-2.3122563,-9.3878565,1.7377827
1500132761732,-2.3505547,-9.378282,1.6994845
1500132761796,-2.3888528,-9.359133,1.6516117
1500132761859,-2.3697038,-9.349558,1.7282082
1500132761923,-2.360129,-9.349558,1.7186337
1500132761987,-2.2931073,-9.407005,1.709059
1500132762051,-2.3122563,-9.378282,1.7377827
1500132762114,-2.3026817,-9.41658,1.6516117
1500132762178,-2.3026817,-9.378282,1.7186337
1500132762242,-2.3026817,-9.378282,1.7186337
1500132762305,-2.3026817,-9.368708,1.7665064
1500132762369,-2.3122563,-9.397431,1.6994845
1500132762433,-2.321831,-9.378282,1.7282082
1500132762497,-2.34098,-9.339984,1.7377827
1500132762560,-2.321831,-9.368708,1.7282082
1500132762624,-2.3122563,-9.397431,1.6899099
1500132762688,-2.3314054,-9.378282,1.709059
1500132762751,-2.321831,-9.407005,1.6516117
1500132762815,-2.34098,-9.359133,1.7377827
1500132762879,-2.3122563,-9.397431,1.709059
1500132762942,-2.3314054,-9.339984,1.7377827
1500132763006,-2.321831,-9.378282,1.7282082
1500132763070,-2.3122563,-9.3878565,1.7186337
1500132763134,-2.3122563,-9.3878565,1.6994845
1500132763197,-2.3314054,-9.359133,1.7186337
1500132763262,-2.3314054,-9.3878565,1.6994845
1500132763325,-2.321831,-9.378282,1.7186337
1500132763389,-2.3314054,-9.359133,1.7186337
1500132763452,-2.321831,-9.378282,1.7282082
1500132763516,-2.3122563,-9.397431,1.6994845
1500132763581,-2.3026817,-9.397431,1.709059
1500132763643,-2.3697038,-9.29211,1.7473572
1500132763707,-2.3888528,-9.263388,1.7282082
1500132763771,-2.0728924,-9.608071,1.622888
1500132763834,-1.9867213,-9.6942425,1.6324625
1500132763899,-2.475024,-9.320834,1.6803354
1500132763962,-2.4367256,-9.18679,1.6611862
1500132764026,-2.4175766,-9.378282,1.622888
1500132764089,-2.475024,-9.368708,1.6611862
1500132764153,-2.3792782,-9.368708,1.776081
1500132764217,-2.4175766,-9.3878565,1.8048047
1500132764281,-2.4654493,-9.320834,1.7473572
1500132764344,-2.5228968,-9.253813,1.6899099
1500132764408,-2.5324712,-9.263388,1.6994845
1500132764472,-2.513322,-9.31126,1.6707608
1500132764535,-2.475024,-9.320834,1.7186337
1500132764599,-2.4463003,-9.349558,1.7186337
1500132764663,-2.4367256,-9.378282,1.709059
1500132764726,-2.427151,-9.349558,1.709059
1500132764790,-2.4367256,-9.349558,1.6707608
1500132764854,-2.427151,-9.339984,1.6803354
1500132764918,-2.408002,-9.397431,1.6803354
1500132764981,-2.408002,-9.407005,1.6899099
1500132765045,-2.4558747,-9.301685,1.6611862
1500132765109,-2.4654493,-9.2825365,1.6324625
1500132765172,-2.4558747,-9.359133,1.6324625
1500132765236,-2.3888528,-9.426155,1.6899099
1500132765300,-2.408002,-9.359133,1.7186337
1500132765364,-2.4463003,-9.320834,1.622888
1500132765427,-2.4463003,-9.368708,1.622888
1500132765491,-2.3888528,-9.378282,1.6611862
1500132765555,-2.4175766,-9.349558,1.6994845
1500132765618,-2.4558747,-9.339984,1.622888
1500132765682,-2.4463003,-9.368708,1.5845897
1500132765746,-2.4367256,-9.359133,1.622888
1500132765810,-2.4175766,-9.349558,1.6420372
1500132765873,-2.3888528,-9.397431,1.6324625
1500132765937,-2.4463003,-9.359133,1.6133134
1500132766002,-2.4654493,-9.31126,1.6133134
1500132766064,-2.4558747,-9.359133,1.5654407
1500132766129,-2.3984275,-9.407005,1.6037389
1500132766192,-2.3984275,-9.397431,1.5750152
1500132766256,-2.427151,-9.368708,1.5654407
1500132766319,-2.427151,-9.378282,1.5271424
1500132766383,-2.427151,-9.3878565,1.4984187
1500132766447,-2.427151,-9.368708,1.5175679
1500132766510,-2.4367256,-9.3878565,1.5271424
1500132766574,-2.4367256,-9.368708,1.4888442
1500132766638,-2.4367256,-9.397431,1.4409714
1500132766701,-2.4463003,-9.3878565,1.4218222
1500132766766,-2.4367256,-9.397431,1.4313968
1500132766829,-2.4367256,-9.378282,1.4792696
1500132766893,-2.427151,-9.41658,1.4218222
1500132766956,-2.4463003,-9.407005,1.4313968
1500132767020,-2.4463003,-9.378282,1.4505459
1500132767084,-2.4463003,-9.378282,1.4505459
1500132767148,-2.4463003,-9.397431,1.4409714
1500132767211,-2.4463003,-9.378282,1.4409714
1500132767275,-2.4654493,-9.378282,1.4601204
1500132767339,-2.4463003,-9.3878565,1.4601204
1500132767402,-2.4654493,-9.397431,1.4601204
1500132767466,-2.4654493,-9.359133,1.4601204
1500132767530,-2.475024,-9.368708,1.4601204
1500132767593,-2.4463003,-9.3878565,1.4505459
1500132767657,-2.4558747,-9.397431,1.469695
1500132767721,-2.4367256,-9.407005,1.469695
1500132767784,-2.4558747,-9.368708,1.4505459
1500132767848,-2.4654493,-9.368708,1.469695
1500132767912,-2.4367256,-9.41658,1.469695
1500132767976,-2.4463003,-9.3878565,1.4888442
1500132768039,-2.4558747,-9.397431,1.469695
1500132768103,-2.4558747,-9.3878565,1.469695
1500132768167,-2.4558747,-9.368708,1.4601204
1500132768230,-2.475024,-9.359133,1.469695
1500132768294,-2.475024,-9.3878565,1.4888442
1500132768358,-2.475024,-9.3878565,1.4888442
1500132768422,-2.4654493,-9.378282,1.469695
1500132768485,-2.4845984,-9.368708,1.4888442
1500132768550,-2.494173,-9.368708,1.4792696
1500132768613,-2.4654493,-9.349558,1.4888442
1500132768676,-2.4845984,-9.368708,1.4792696
1500132768740,-2.475024,-9.368708,1.4601204
1500132768804,-2.4558747,-9.378282,1.4888442
1500132768869,-2.4367256,-9.407005,1.4888442
1500132768931,-2.4367256,-9.397431,1.5079932
1500132768995,-2.4463003,-9.3878565,1.4505459
1500132769059,-2.475024,-9.378282,1.4601204
1500132769123,-2.4558747,-9.368708,1.4792696
1500132769187,-2.4463003,-9.407005,1.469695
1500132769250,-2.4558747,-9.407005,1.469695
1500132769314,-2.4654493,-9.3878565,1.4601204
1500132769377,-2.4845984,-9.349558,1.469695
1500132769441,-2.494173,-9.359133,1.4792696
1500132769506,-2.5037475,-9.349558,1.4601204
1500132769568,-2.4845984,-9.378282,1.5079932
1500132769632,-2.4654493,-9.378282,1.4984187
1500132769696,-2.4845984,-9.368708,1.469695
1500132769760,-2.4845984,-9.339984,1.4601204
1500132769824,-2.4654493,-9.3878565,1.469695
1500132769887,-2.427151,-9.407005,1.5079932
1500132769951,-2.408002,-9.397431,1.4888442
1500132770014,-2.4367256,-9.359133,1.469695
1500132770078,-2.3792782,-9.41658,1.4026731
1500132770142,-2.34098,-9.54105,1.3548003
1500132770206,-2.3984275,-9.3878565,1.4505459
1500132770269,-2.4845984,-9.368708,1.4984187
1500132770333,-2.475024,-9.359133,1.4888442
1500132770397,-2.4463003,-9.41658,1.4984187
1500132770462,-2.475024,-9.397431,1.5845897
1500132770524,-2.513322,-9.2825365,1.469695
1500132770588,-2.513322,-9.29211,1.5462915
1500132770652,-2.4654493,-9.3878565,1.5175679
1500132770715,-2.4367256,-9.426155,1.5654407
1500132770780,-2.4558747,-9.359133,1.5654407
1500132770843,-2.4463003,-9.339984,1.5462915
1500132770906,-2.4463003,-9.349558,1.5271424
1500132770970,-2.4175766,-9.378282,1.5367169
1500132771034,-2.3984275,-9.378282,1.5367169
1500132771098,-2.3697038,-9.474028,1.4313968
1500132771161,-2.3505547,-9.474028,1.4888442
1500132771225,-2.360129,-9.474028,1.469695
1500132771290,-2.3505547,-9.2825365,1.5845897
1500132771353,-2.2739582,-9.426155,1.4792696
1500132771416,-2.2739582,-9.320834,1.5271424
1500132771481,-2.0920415,-9.5219,1.5271424
1500132771544,-2.1303396,-9.502751,1.622888
1500132771607,-2.1303396,-9.445304,1.5367169
1500132771671,-2.1399143,-9.368708,1.5941644
1500132771735,-2.1207652,-9.454879,1.5271424
1500132771798,-2.1207652,-9.493176,1.5367169
1500132771862,-2.0920415,-9.474028,1.6420372
1500132771926,-2.1207652,-9.464453,1.5941644
1500132771990,-2.168638,-9.426155,1.5654407
1500132772053,-2.1303396,-9.41658,1.5558661
1500132772117,-2.1399143,-9.454879,1.5558661
1500132772181,-2.1303396,-9.426155,1.5750152
1500132772244,-2.1111906,-9.464453,1.5750152
1500132772308,-2.101616,-9.464453,1.5367169
1500132772372,-2.101616,-9.5219,1.469695
1500132772436,-2.1303396,-9.464453,1.5558661
1500132772499,-2.101616,-9.454879,1.5654407
1500132772563,-2.1399143,-9.41658,1.5558661
1500132772627,-2.149489,-9.454879,1.5175679
1500132772691,-2.1207652,-9.493176,1.5079932
1500132772754,-2.1111906,-9.5219,1.5271424
1500132772819,-2.1207652,-9.464453,1.5367169
1500132772882,-2.1590633,-9.445304,1.5271424
1500132772945,-2.1782124,-9.445304,1.5175679
1500132773009,-2.187787,-9.464453,1.4888442
1500132773073,-2.2069361,-9.445304,1.5079932
1500132773138,-2.2069361,-9.426155,1.5845897
1500132773200,-2.2452345,-9.368708,1.5558661
1500132773264,-2.2452345,-9.359133,1.5462915
1500132773328,-2.2260852,-9.426155,1.5271424
1500132773391,-2.1303396,-9.54105,1.5558661
1500132773456,-2.1399143,-9.531475,1.622888
1500132773519,-2.1303396,-9.464453,1.6324625
1500132773582,-2.1973617,-9.407005,1.5558661
1500132773646,-2.2452345,-9.426155,1.4984187
1500132773710,-2.2260852,-9.426155,1.4984187
1500132773774,-2.2165108,-9.397431,1.5462915
1500132773837,-2.254809,-9.378282,1.5367169
1500132773901,-2.2452345,-9.368708,1.469695
1500132773965,-2.2356598,-9.435729,1.4984187
1500132774028,-2.1111906,-9.560199,1.622888
1500132774092,-2.1399143,-9.512326,1.6707608
1500132774156,-2.1590633,-9.474028,1.622888
1500132774220,-2.168638,-9.474028,1.4792696
1500132774283,-2.254809,-9.445304,1.4409714
1500132774347,-2.2643836,-9.330409,1.4313968
1500132774411,-2.254809,-9.272962,1.5271424
1500132774475,-2.149489,-9.493176,1.469695
1500132774538,-2.1207652,-9.54105,1.4984187
1500132774602,-2.1111906,-9.636795,1.5462915
1500132774666,-2.2835326,-9.454879,1.6420372
1500132774729,-2.3026817,-9.397431,1.3548003
1500132774793,-2.3888528,-9.339984,1.3260766
1500132774857,-2.3888528,-9.244238,1.3739494
1500132774920,-2.3697038,-9.349558,1.383524
1500132774984,-2.254809,-9.560199,1.4026731
1500132775048,-2.2165108,-9.54105,1.4888442
1500132775111,-2.2356598,-9.483603,1.4313968
1500132775175,-2.3026817,-9.464453,1.469695
1500132775239,-2.321831,-9.464453,1.4122477
1500132775303,-2.34098,-9.41658,1.4409714
1500132775366,-2.4175766,-9.3878565,1.4888442
1500132775430,-2.4654493,-9.301685,1.4313968
1500132775494,-2.513322,-9.253813,1.3739494
1500132775558,-2.475024,-9.349558,1.3548003
1500132775621,-2.3984275,-9.445304,1.4122477
1500132775685,-2.3314054,-9.493176,1.383524
1500132775749,-2.3697038,-9.454879,1.3930986
1500132775812,-2.3792782,-9.426155,1.3643749
1500132775876,-2.3888528,-9.397431,1.3452257
1500132775940,-2.3697038,-9.464453,1.3452257
1500132776004,-2.408002,-9.454879,1.3739494
1500132776068,-2.3984275,-9.397431,1.3356512
1500132776132,-2.427151,-9.3878565,1.3356512
1500132776195,-2.4367256,-9.378282,1.3069274
1500132776259,-2.4175766,-9.454879,1.3260766
1500132776322,-2.4175766,-9.3878565,1.4409714
1500132776386,-2.360129,-9.41658,1.5654407
1500132776450,-2.34098,-9.426155,1.5941644
1500132776513,-2.3314054,-9.2825365,1.3643749
1500132776577,-2.34098,-9.512326,1.622888
1500132776641,-2.2835326,-9.560199,1.4505459
1500132776704,-2.34098,-9.454879,1.5462915
1500132776768,-2.3792782,-9.330409,1.5079932
1500132776832,-2.34098,-9.407005,1.4888442
1500132776896,-2.3697038,-9.426155,1.6707608
1500132776959,-2.408002,-9.320834,1.469695
1500132777023,-2.3888528,-9.407005,1.4409714
1500132777087,-2.408002,-9.378282,1.4409714
1500132777151,-2.3792782,-9.397431,1.5175679
1500132777215,-2.3888528,-9.426155,1.5271424
1500132777279,-2.408002,-9.378282,1.4601204
1500132777343,-2.4175766,-9.407005,1.3930986
1500132777405,-2.408002,-9.407005,1.4505459
1500132777469,-2.4175766,-9.407005,1.4122477
1500132777533,-2.408002,-9.407005,1.4313968
1500132777596,-2.3984275,-9.41658,1.4218222
1500132777660,-2.408002,-9.407005,1.4505459
1500132777724,-2.408002,-9.3878565,1.4122477
1500132777787,-2.4175766,-9.407005,1.3930986
1500132777851,-2.408002,-9.407005,1.4026731
1500132777915,-2.3888528,-9.407005,1.4313968
1500132777979,-2.3888528,-9.426155,1.4218222
1500132778042,-2.3984275,-9.426155,1.383524
1500132778106,-2.3888528,-9.41658,1.4026731
1500132778170,-2.408002,-9.426155,1.4122477
1500132778233,-2.4175766,-9.41658,1.3739494
1500132778297,-2.4367256,-9.397431,1.4122477
1500132778361,-2.4558747,-9.368708,1.4026731
1500132778425,-2.4463003,-9.378282,1.4026731
1500132778488,-2.4654493,-9.426155,1.3739494
1500132778552,-2.4558747,-9.397431,1.3930986
1500132778616,-2.4558747,-9.349558,1.3930986
1500132778681,-2.4558747,-9.397431,1.3739494
1500132778743,-2.427151,-9.426155,1.3643749
1500132778807,-2.427151,-9.435729,1.4218222
1500132778871,-2.4463003,-9.407005,1.4122477
1500132778934,-2.475024,-9.378282,1.4122477
1500132778999,-2.494173,-9.339984,1.3643749
1500132779062,-2.4845984,-9.3878565,1.3739494
1500132779126,-2.4654493,-9.426155,1.4409714
1500132779189,-2.494173,-9.339984,1.4409714
1500132779253,-2.4654493,-9.41658,1.3069274
1500132779318,-2.427151,-9.244238,1.5750152
1500132779380,-2.3792782,-9.454879,1.5367169
1500132779444,-2.3697038,-9.41658,1.5654407
1500132779508,-2.4367256,-9.435729,1.4218222
1500132779571,-2.408002,-9.359133,1.4505459
1500132779635,-2.408002,-9.20594,1.4984187
1500132779699,-2.34098,-9.636795,1.5750152
1500132779763,-2.5228968,-9.426155,1.3069274
1500132779826,-2.5707695,-9.2825365,1.3452257
1500132779890,-2.5707695,-9.2825365,1.4313968
1500132779954,-2.561195,-9.41658,1.3548003
1500132780017,-2.5420458,-9.407005,1.3452257
1500132780081,-2.5420458,-9.349558,1.4409714
1500132780145,-2.5037475,-9.368708,1.3739494
1500132780209,-2.5037475,-9.41658,1.5271424
1500132780272,-2.513322,-9.397431,1.2111819
1500132780336,-2.4463003,-9.3878565,1.6994845
1500132780400,-2.427151,-9.29211,1.709059
1500132780463,-2.4367256,-9.368708,1.5558661
1500132780527,-2.4367256,-9.426155,1.5462915
1500132780591,-2.427151,-9.378282,1.5845897
1500132780655,-2.4175766,-9.31126,1.6133134
1500132780719,-2.427151,-9.349558,1.5271424
1500132780782,-2.3984275,-9.3878565,1.5558661
1500132780846,-2.3792782,-9.474028,1.5175679
1500132780909,-2.4367256,-9.31126,1.5845897
1500132780973,-2.408002,-9.407005,1.4984187
1500132781037,-2.4367256,-9.330409,1.5750152
1500132781101,-2.3697038,-9.378282,1.5175679
1500132781164,-2.3888528,-9.426155,1.622888
1500132781228,-2.4175766,-9.41658,1.469695
1500132781292,-2.4367256,-9.349558,1.5175679
1500132781355,-2.4463003,-9.349558,1.4888442
1500132781419,-2.427151,-9.397431,1.5558661
1500132781483,-2.4175766,-9.41658,1.5079932
1500132781547,-2.427151,-9.378282,1.4984187
1500132781610,-2.4367256,-9.397431,1.5367169
1500132781674,-2.4367256,-9.397431,1.5079932
1500132781737,-2.4367256,-9.378282,1.4984187
1500132781801,-2.4463003,-9.359133,1.5271424
1500132781866,-2.4367256,-9.41658,1.4984187
1500132781929,-2.408002,-9.339984,1.4888442
1500132781992,-2.360129,-9.330409,1.6420372
1500132782056,-2.3026817,-9.569773,1.4984187
1500132782120,-2.3314054,-9.445304,1.5367169
1500132782183,-2.4175766,-9.330409,1.4218222
1500132782247,-2.4845984,-9.378282,1.4505459
1500132782311,-2.427151,-9.378282,1.5367169
1500132782374,-2.4654493,-9.41658,1.4409714
1500132782438,-2.4558747,-9.339984,1.5175679
1500132782502,-2.4845984,-9.349558,1.5367169
1500132782566,-2.4654493,-9.368708,1.469695
1500132782629,-2.475024,-9.378282,1.5175679
1500132782693,-2.4558747,-9.3878565,1.4888442
1500132782757,-2.4654493,-9.359133,1.4984187
1500132782820,-2.4654493,-9.368708,1.5367169
1500132782884,-2.4654493,-9.378282,1.5271424
1500132782948,-2.4845984,-9.378282,1.469695
1500132783011,-2.4654493,-9.349558,1.4984187
1500132783075,-2.4558747,-9.3878565,1.5367169
1500132783139,-2.475024,-9.3878565,1.4888442
1500132783204,-2.513322,-9.31126,1.4505459
1500132783266,-2.4558747,-9.41658,1.4888442
1500132783330,-2.4463003,-9.407005,1.5175679
1500132783394,-2.494173,-9.349558,1.5845897
1500132783457,-2.4654493,-9.301685,1.7186337
1500132783522,-2.4463003,-9.3878565,1.7377827
1500132783585,-2.4175766,-9.301685,1.8814012
1500132783649,-2.4558747,-9.2825365,1.8335283
1500132783712,-2.4463003,-9.263388,1.8909757
1500132783776,-2.408002,-9.368708,1.8335283
1500132783841,-2.475024,-9.397431,1.7856555
1500132783903,-2.4558747,-9.244238,1.8814012
1500132783967,-2.475024,-9.253813,1.9388485
1500132784031,-2.4463003,-9.320834,1.9196993
1500132784094,-2.4463003,-9.378282,1.7856555
1500132784159,-2.4558747,-9.349558,1.8143792
1500132784222,-2.4463003,-9.253813,1.9388485
1500132784286,-2.4463003,-9.2825365,1.8718265
1500132784349,-2.4558747,-9.320834,1.8048047
1500132784413,-2.427151,-9.378282,1.8239537
1500132784478,-2.4558747,-9.272962,1.8239537
1500132784540,-2.5707695,-9.225089,1.9005502
1500132784604,-2.5324712,-9.349558,1.6994845
1500132784668,-2.5516202,-9.31126,1.7282082
1500132784732,-2.5516202,-9.31126,1.7377827
1500132784795,-2.5420458,-9.320834,1.7665064
1500132784859,-2.5707695,-9.29211,1.7186337
1500132784923,-2.580344,-9.301685,1.6899099
1500132784986,-2.5707695,-9.272962,1.6994845
1500132785050,-2.5516202,-9.301685,1.6803354
1500132785114,-2.513322,-9.359133,1.7186337
1500132785177,-2.5324712,-9.339984,1.709059
1500132785241,-2.5420458,-9.2825365,1.6899099
1500132785305,-2.5420458,-9.31126,1.6899099
1500132785369,-2.5037475,-9.272962,1.7569319
1500132785432,-2.475024,-9.41658,1.5750152
1500132785496,-2.4463003,-9.3878565,1.6324625
1500132785560,-2.4463003,-9.330409,1.6611862
1500132785623,-2.4175766,-9.378282,1.6899099
1500132785688,-2.4175766,-9.272962,1.6324625
1500132785751,-2.408002,-9.454879,1.6803354
1500132785815,-2.4558747,-9.263388,1.7473572
1500132785878,-2.4845984,-9.330409,1.6133134
1500132785942,-2.4558747,-9.397431,1.6324625
1500132786006,-2.427151,-9.339984,1.6899099
1500132786069,-2.408002,-9.368708,1.7186337
1500132786133,-2.34098,-9.29211,1.4601204
1500132786197,-2.254809,-9.378282,1.8526775
1500132786260,-2.1207652,-9.512326,1.776081
1500132786324,-2.1590633,-9.339984,1.622888
1500132786388,-2.1590633,-9.474028,1.6707608
1500132786452,-2.0920415,-9.435729,1.6899099
1500132786515,-2.0824668,-9.426155,1.7473572
1500132786579,-2.0633178,-9.454879,1.7282082
1500132786643,-2.0824668,-9.454879,1.709059
1500132786706,-2.0824668,-9.445304,1.6899099
1500132786770,-2.1111906,-9.397431,1.7186337
1500132786834,-2.101616,-9.41658,1.6899099
1500132786898,-2.0728924,-9.464453,1.7186337
1500132786961,-2.0633178,-9.454879,1.709059
1500132787025,-2.0920415,-9.445304,1.709059
1500132787089,-2.0920415,-9.41658,1.6899099
1500132787152,-2.0824668,-9.426155,1.6899099
1500132787216,-2.0633178,-9.474028,1.6994845
1500132787281,-2.0633178,-9.435729,1.6994845
1500132787345,-2.0920415,-9.397431,1.7377827
1500132787407,-2.0537431,-9.474028,1.6516117
1500132787471,-2.0633178,-9.464453,1.6899099
1500132787535,-2.0728924,-9.407005,1.6899099
1500132787598,-2.0824668,-9.426155,1.6803354
1500132787662,-2.0633178,-9.445304,1.6611862
1500132787726,-2.0250196,-9.684668,1.4313968
1500132787790,-2.1303396,-9.244238,1.5941644
1500132787853,-2.0728924,-9.435729,1.14416
1500132787917,-2.2739582,-9.407005,0.5218136
1500132787981,-2.1399143,-9.780414,-0.2154276
1500132788044,-2.2739582,-9.713391,-1.4218222
1500132788108,-2.714388,-9.426155,-1.5845897
1500132788173,-2.647366,-9.004874,-1.8526775
1500132788235,-2.733537,-9.368708,-2.0633178
1500132788299,-2.6090677,-9.435729,-1.8718265
1500132788363,-2.7239625,-9.397431,-1.6420372
1500132788427,-2.7431116,-8.957002,-1.6516117
1500132788491,-2.752686,-9.253813,-1.4409714
1500132788554,-2.647366,-9.330409,-1.5175679
1500132788618,-2.5899186,-9.41658,-1.5079932
1500132788681,-2.561195,-9.407005,-1.5175679
1500132788745,-2.4175766,-9.445304,-1.4218222
1500132788809,-2.475024,-9.483603,-1.6420372
1500132788873,-2.6186423,-9.339984,-1.7186337
1500132788936,-2.4845984,-9.359133,-1.5750152
1500132789000,-2.6569405,-9.320834,-1.4792696
1500132789064,-2.427151,-9.464453,-1.3260766
1500132789127,-2.408002,-9.474028,-1.4313968
1500132789191,-2.580344,-9.493176,-1.3739494
1500132789255,-2.5420458,-9.464453,-1.3452257
1500132789318,-2.714388,-9.263388,-1.2111819
1500132789382,-2.7718353,-9.29211,-1.3165021
1500132789446,-2.800559,-9.301685,-1.2973529
1500132789511,-2.8101335,-9.330409,-1.2590547
1500132789573,-2.7814097,-9.2825365,-1.4026731
1500132789637,-2.8388572,-9.31126,-1.5175679
1500132789701,-2.8771553,-9.301685,-1.4313968
1500132789764,-2.8101335,-9.272962,-1.4313968
1500132789829,-2.8484318,-9.301685,-1.3452257
1500132789892,-2.8580062,-9.215514,-1.4601204
1500132789956,-2.8580062,-9.272962,-1.4122477
1500132790019,-2.819708,-9.244238,-1.4409714
1500132790083,-2.7431116,-9.320834,-1.3643749
1500132790148,-2.752686,-9.378282,-1.469695
1500132790211,-2.6760898,-9.3878565,-1.6324625
1500132790274,-2.7431116,-9.359133,-1.5175679
1500132790338,-2.6760898,-9.378282,-1.3452257
1500132790402,-2.6760898,-9.31126,-1.2016073
1500132790465,-2.666515,-9.339984,-1.3452257
1500132790529,-2.7048132,-9.339984,-1.383524
1500132790593,-2.6760898,-9.368708,-1.3739494
1500132790657,-2.6377914,-9.41658,-1.3069274
1500132790720,-2.6186423,-9.359133,-1.2877784
1500132790784,-2.6377914,-9.41658,-1.3260766
1500132790848,-2.6569405,-9.359133,-1.4122477
1500132790911,-2.6760898,-9.339984,-1.3356512
1500132790975,-2.6377914,-9.359133,-1.3260766
1500132791039,-2.647366,-9.330409,-1.2782038
1500132791102,-2.6377914,-9.378282,-1.2877784
1500132791166,-2.6090677,-9.349558,-1.2877784
1500132791230,-2.580344,-9.41658,-1.3356512
1500132791294,-2.5516202,-9.435729,-1.3069274
1500132791357,-2.5037475,-9.435729,-1.3069274
1500132791421,-2.5516202,-9.435729,-1.3260766
1500132791485,-2.5324712,-9.426155,-1.3548003
1500132791548,-2.5420458,-9.368708,-1.3260766
1500132791613,-2.5228968,-9.41658,-1.2973529
1500132791676,-2.513322,-9.445304,-1.3260766
1500132791740,-2.513322,-9.426155,-1.3069274
1500132791803,-2.5324712,-9.426155,-1.3069274
1500132791867,-2.513322,-9.426155,-1.3260766
1500132791931,-2.5324712,-9.445304,-1.3165021
1500132791994,-2.580344,-9.359133,-1.3356512
1500132792058,-2.5707695,-9.330409,-1.3356512
1500132792122,-2.5420458,-9.407005,-1.2782038
1500132792185,-2.5037475,-9.445304,-1.3260766
1500132792250,-2.4845984,-9.435729,-1.3260766
1500132792314,-2.475024,-9.502751,-1.383524
1500132792378,-2.5037475,-9.435729,-1.2973529
1500132792440,-2.5420458,-9.339984,-1.2877784
1500132792504,-2.5324712,-9.330409,-1.2590547
1500132792568,-2.5324712,-9.397431,-1.3069274
1500132792631,-2.475024,-9.483603,-1.3452257
1500132792695,-2.4845984,-9.483603,-1.3165021
1500132792759,-2.5037475,-9.41658,-1.2782038
1500132792823,-2.5228968,-9.349558,-1.2590547
1500132792886,-2.513322,-9.378282,-1.3260766
1500132792950,-2.494173,-9.435729,-1.3356512
1500132793014,-2.494173,-9.464453,-1.3165021
1500132793077,-2.475024,-9.454879,-1.3069274
1500132793141,-2.5228968,-9.407005,-1.2686293
1500132793205,-2.5037475,-9.426155,-1.3069274
1500132793270,-2.5228968,-9.41658,-1.3165021
1500132793332,-2.5228968,-9.407005,-1.3165021
1500132793396,-2.5228968,-9.407005,-1.3165021
1500132793460,-2.5324712,-9.397431,-1.3069274
1500132793523,-2.513322,-9.426155,-1.2877784
1500132793587,-2.513322,-9.407005,-1.3165021
1500132793651,-2.5228968,-9.41658,-1.3260766
1500132793715,-2.5228968,-9.407005,-1.3260766
1500132793778,-2.5228968,-9.426155,-1.3069274
1500132793842,-2.5037475,-9.435729,-1.2973529
1500132793906,-2.513322,-9.41658,-1.3165021
1500132793969,-2.513322,-9.407005,-1.3165021
1500132794033,-2.513322,-9.426155,-1.3069274
1500132794097,-2.5037475,-9.435729,-1.2877784
1500132794161,-2.5228968,-9.397431,-1.2877784
1500132794224,-2.513322,-9.41658,-1.3165021
1500132794288,-2.513322,-9.41658,-1.2973529
1500132794353,-2.4845984,-9.435729,-1.3069274
1500132794415,-2.4845984,-9.445304,-1.2973529
1500132794479,-2.5037475,-9.407005,-1.2973529
1500132794543,-2.494173,-9.397431,-1.3165021
1500132794606,-2.494173,-9.426155,-1.3165021
1500132794670,-2.4845984,-9.445304,-1.3165021
1500132794734,-2.4845984,-9.435729,-1.3069274
1500132794798,-2.4845984,-9.426155,-1.3069274
1500132794861,-2.5037475,-9.41658,-1.3356512
1500132794925,-2.513322,-9.397431,-1.3165021
1500132794989,-2.5516202,-9.29211,-1.2399056
1500132795053,-2.4558747,-9.407005,-1.2877784
1500132795116,-2.360129,-9.655944,-1.2590547
1500132795180,-2.3122563,-9.684668,-1.3739494
1500132795244,-2.3888528,-9.531475,-1.3548003
1500132795307,-2.666515,-9.31126,-1.383524
1500132795371,-2.6856642,-9.18679,-1.2782038
1500132795435,-2.6856642,-9.234664,-1.2399056
1500132795498,-2.6952388,-9.31126,-1.2016073
1500132795562,-2.666515,-9.31126,-1.0579889
1500132795626,-2.561195,-9.31126,-1.0101161
1500132795689,-2.4463003,-9.502751,-1.1920328
1500132795754,-2.3984275,-9.655944,-1.3548003
1500132795817,-2.321831,-9.665519,-1.3260766
1500132795881,-2.3888528,-9.502751,-1.2303311
1500132795944,-2.4845984,-9.397431,-1.2494801
1500132796008,-2.5516202,-9.359133,-1.2494801
1500132796073,-2.5516202,-9.31126,-1.2494801
1500132796135,-2.5707695,-9.359133,-1.2494801
1500132796199,-2.513322,-9.378282,-1.3643749
1500132796263,-2.494173,-9.454879,-1.3930986
1500132796326,-2.475024,-9.454879,-1.3452257
1500132796391,-2.4558747,-9.3878565,-1.3643749
1500132796454,-2.4463003,-9.454879,-1.3452257
1500132796518,-2.408002,-9.474028,-1.3356512
1500132796581,-2.3888528,-9.5219,-1.2686293
1500132796645,-2.4463003,-9.378282,-1.2494801
1500132796710,-2.4367256,-9.378282,-1.2686293
1500132796773,-2.427151,-9.454879,-1.4026731
1500132796837,-2.4175766,-9.474028,-1.4601204
1500132796901,-2.4175766,-9.426155,-1.4409714
1500132796964,-2.4175766,-9.407005,-1.3643749
1500132797027,-2.3984275,-9.426155,-1.3930986
1500132797091,-2.4175766,-9.454879,-1.4601204
1500132797155,-2.3888528,-9.445304,-1.469695
1500132797218,-2.408002,-9.426155,-1.4601204
1500132797283,-2.408002,-9.407005,-1.4218222
1500132797346,-2.3888528,-9.435729,-1.469695
1500132797411,-2.3792782,-9.435729,-1.4601204
1500132797473,-2.3984275,-9.445304,-1.4601204
1500132797537,-2.3984275,-9.397431,-1.4026731
1500132797601,-2.3888528,-9.435729,-1.4218222
1500132797664,-2.34098,-9.502751,-1.469695
1500132797728,-2.427151,-9.493176,-1.4888442
1500132797792,-2.427151,-9.407005,-1.4792696
1500132797857,-2.4654493,-9.474028,-1.3739494
1500132797919,-2.475024,-9.091045,-1.0101161
1500132797983,-2.4463003,-9.445304,-1.929274
1500132798047,-2.4558747,-9.2825365,-2.2165108
1500132798110,-2.3888528,-9.301685,-2.3888528
1500132798174,-2.3697038,-9.378282,-2.3026817
1500132798238,-2.0728924,-9.301685,-1.8431029
1500132798302,-2.427151,-9.378282,-1.9388485
1500132798365,-2.2260852,-9.435729,-1.9675722
1500132798429,-2.3122563,-9.54105,-1.8909757
1500132798493,-2.3697038,-9.225089,-1.929274
1500132798556,-2.2643836,-9.598496,-1.8143792
1500132798620,-2.3697038,-9.378282,-1.7569319
1500132798684,-2.2931073,-9.349558,-1.5079932
1500132798748,-2.3697038,-9.301685,-1.622888
1500132798811,-2.3984275,-9.512326,-1.6611862
1500132798876,-2.3888528,-9.407005,-1.6516117
1500132798938,-2.3984275,-9.397431,-1.622888
1500132799002,-2.4463003,-9.41658,-1.4984187
1500132799066,-2.3984275,-9.397431,-1.5079932
1500132799130,-2.4367256,-9.435729,-1.469695
1500132799193,-2.4175766,-9.435729,-1.5079932
1500132799257,-2.4367256,-9.378282,-1.4792696
1500132799321,-2.4175766,-9.426155,-1.4313968
1500132799384,-2.4463003,-9.483603,-1.469695
1500132799448,-2.4367256,-9.3878565,-1.4792696
1500132799512,-2.4463003,-9.349558,-1.383524
1500132799575,-2.4367256,-9.3878565,-1.4601204
1500132799639,-2.408002,-9.454879,-1.3452257
1500132799703,-2.427151,-9.454879,-1.3356512
1500132799767,-2.3984275,-9.502751,-1.4218222
1500132799830,-2.494173,-9.320834,-1.4984187
1500132799894,-2.494173,-9.3878565,-1.3260766
1500132799958,-2.494173,-9.474028,-1.4984187
1500132800021,-2.5037475,-9.41658,-1.4792696
1500132800085,-2.5420458,-9.3878565,-1.469695
1500132800149,-2.561195,-9.339984,-1.4601204
1500132800213,-2.5420458,-9.349558,-1.4218222
1500132800276,-2.5228968,-9.397431,-1.4313968
1500132800340,-2.5228968,-9.435729,-1.4792696
1500132800404,-2.513322,-9.3878565,-1.4026731
1500132800468,-2.5420458,-9.3878565,-1.4218222
1500132800531,-2.5228968,-9.397431,-1.4409714
1500132800595,-2.5324712,-9.426155,-1.4409714
1500132800659,-2.5324712,-9.31126,-1.3356512
1500132800722,-2.513322,-9.359133,-1.2590547
1500132800786,-2.4558747,-9.502751,-1.2877784
1500132800850,-2.4367256,-9.464453,-1.2782038
1500132800915,-2.4845984,-9.435729,-1.3356512
1500132800977,-2.494173,-9.397431,-1.3260766
1500132801041,-2.5037475,-9.368708,-1.3069274
1500132801105,-2.4845984,-9.445304,-1.2782038
1500132801168,-2.4558747,-9.445304,-1.3165021
1500132801233,-2.475024,-9.454879,-1.2973529
1500132801296,-2.475024,-9.426155,-1.3069274
1500132801359,-2.494173,-9.397431,-1.2782038
1500132801423,-2.4845984,-9.435729,-1.3069274
1500132801487,-2.475024,-9.426155,-1.2877784
1500132801552,-2.475024,-9.445304,-1.3165021
1500132801614,-2.4558747,-9.435729,-1.2877784
1500132801678,-2.494173,-9.435729,-1.3069274
1500132801742,-2.475024,-9.41658,-1.3260766
1500132801805,-2.494173,-9.397431,-1.3165021
1500132801869,-2.4845984,-9.435729,-1.3165021
1500132801933,-2.475024,-9.426155,-1.2782038
1500132801996,-2.475024,-9.445304,-1.2877784
1500132802060,-2.4654493,-9.435729,-1.2399056
1500132802124,-2.4845984,-9.426155,-1.2782038
1500132802187,-2.4463003,-9.474028,-1.2494801
1500132802252,-2.4558747,-9.464453,-1.2494801
1500132802316,-2.494173,-9.368708,-1.2973529
1500132802380,-2.5420458,-9.330409,-1.3548003
1500132802442,-2.5037475,-9.397431,-1.3069274
1500132802506,-2.4175766,-9.454879,-1.3548003
1500132802570,-2.427151,-9.512326,-1.2686293
1500132802634,-2.408002,-9.502751,-1.3165021
1500132802697,-2.4175766,-9.445304,-1.2877784
1500132802761,-2.4367256,-9.435729,-1.3260766
1500132802825,-2.4558747,-9.407005,-1.2973529
1500132802888,-2.4654493,-9.3878565,-1.3356512
1500132802952,-2.4558747,-9.301685,-1.2686293
1500132803016,-2.3984275,-9.62722,-1.1537346
1500132803079,-2.2931073,-9.426155,-1.2207564
1500132803143,-2.3505547,-9.483603,-1.2877784
1500132803207,-2.3026817,-9.435729,-1.2782038
1500132803271,-2.2452345,-9.512326,-1.1728836
1500132803334,-2.2835326,-9.502751,-1.2877784
1500132803398,-2.2643836,-9.464453,-1.2782038
1500132803462,-2.254809,-9.531475,-1.3452257
1500132803525,-2.2356598,-9.483603,-1.3165021
1500132803589,-2.1973617,-9.54105,-1.2973529
1500132803653,-2.2069361,-9.483603,-1.2686293
1500132803717,-2.2356598,-9.560199,-1.3260766
1500132803780,-2.2260852,-9.531475,-1.2494801
1500132803844,-2.2643836,-9.435729,-1.2973529
1500132803908,-2.3122563,-9.483603,-1.2877784
1500132803971,-2.2931073,-9.445304,-1.3260766
1500132804035,-2.2931073,-9.483603,-1.2207564
1500132804099,-2.2356598,-9.493176,-1.2303311
1500132804162,-2.2356598,-9.5219,-1.1537346
1500132804226,-2.168638,-9.54105,-1.1537346
1500132804290,-2.168638,-9.579348,-1.1633091
1500132804354,-2.1973617,-9.5219,-1.1345854
1500132804417,-2.187787,-9.531475,-1.1058618
1500132804482,-2.2165108,-9.512326,-1.0579889
1500132804545,-2.2165108,-9.531475,-1.0867126
1500132804608,-2.2356598,-9.502751,-1.0484143
1500132804672,-2.2165108,-9.512326,-1.0579889
1500132804736,-2.2165108,-9.483603,-0.98139244
1500132804801,-2.2069361,-9.550624,-1.0388398
1500132804863,-2.1973617,-9.512326,-1.0292653
1500132804927,-2.168638,-9.512326,-0.99096704
1500132804991,-2.1590633,-9.617646,-1.0867126
1500132805054,-2.1590633,-9.579348,-1.1058618
1500132805118,-2.1590633,-9.550624,-1.0579889
1500132805182,-2.1782124,-9.531475,-0.9622433
1500132805245,-2.1399143,-9.569773,-0.9718179
1500132805309,-2.1782124,-9.550624,-1.0579889
1500132805373,-2.2165108,-9.512326,-1.0675635
1500132805436,-2.1973617,-9.493176,-0.99096704
1500132805500,-2.1782124,-9.5219,-0.9718179
1500132805564,-2.149489,-9.579348,-0.98139244
1500132805628,-2.1399143,-9.569773,-0.9526688
1500132805691,-2.1399143,-9.560199,-0.9718179
1500132805755,-2.149489,-9.569773,-0.91437054
1500132805819,-2.1399143,-9.550624,-0.92394507
1500132805882,-2.1590633,-9.550624,-0.9526688
1500132805946,-2.1399143,-9.560199,-0.9430942
1500132806010,-2.1303396,-9.569773,-0.91437054
1500132806074,-2.1399143,-9.560199,-0.8952214
1500132806137,-2.149489,-9.531475,-0.8856468
1500132806201,-2.1782124,-9.54105,-0.9718179
1500132806265,-2.1782124,-9.531475,-0.9622433
1500132806328,-2.2260852,-9.493176,-1.0962871
1500132806392,-2.1782124,-9.550624,-1.0196906
1500132806456,-2.2165108,-9.54105,-1.1058618
1500132806520,-2.2835326,-9.5219,-1.1920328
1500132806583,-2.2835326,-9.493176,-1.3165021
1500132806647,-2.2643836,-9.54105,-1.2973529
1500132806711,-2.2739582,-9.474028,-1.2399056
1500132806774,-2.2739582,-9.464453,-1.2494801
1500132806838,-2.2452345,-9.512326,-1.2782038
1500132806903,-2.2643836,-9.483603,-1.2303311
1500132806966,-2.2931073,-9.464453,-1.2973529
1500132807030,-2.254809,-9.464453,-1.2494801
1500132807093,-2.3026817,-9.531475,-1.2303311
1500132807157,-2.2835326,-9.483603,-1.2686293
1500132807220,-2.3122563,-9.454879,-1.2494801
1500132807284,-2.321831,-9.445304,-1.2399056
1500132807348,-2.2931073,-9.464453,-1.2590547
1500132807411,-2.2835326,-9.512326,-1.2590547
1500132807475,-2.2835326,-9.512326,-1.2303311
1500132807539,-2.2931073,-9.474028,-1.2494801
1500132807603,-2.2931073,-9.474028,-1.2494801
1500132807667,-2.2835326,-9.512326,-1.2494801
1500132807730,-2.2835326,-9.493176,-1.2399056
1500132807794,-2.2931073,-9.493176,-1.2303311
1500132807857,-2.2931073,-9.502751,-1.2303311
1500132807921,-2.321831,-9.464453,-1.2016073
1500132807986,-2.2835326,-9.54105,-1.2686293
1500132808049,-2.2260852,-9.474028,-1.0292653
1500132808112,-2.1782124,-9.5889225,-1.0101161
1500132808176,-2.1973617,-9.531475,-1.0388398
1500132808240,-2.2165108,-9.502751,-1.0292653
1500132808304,-2.2260852,-9.531475,-1.0292653
1500132808367,-2.168638,-9.550624,-0.9430942
1500132808431,-2.1590633,-9.550624,-0.9622433
1500132808494,-2.1590633,-9.5889225,-0.9526688
1500132808558,-2.1303396,-9.5219,-0.92394507
1500132808622,-2.1207652,-9.474028,-0.9526688
1500132808686,-2.1207652,-9.713391,-1.1250108
1500132808749,-2.3026817,-9.445304,-1.1250108
1500132808813,-2.2165108,-9.579348,-1.0962871
1500132808877,-2.2835326,-9.560199,-1.0675635
1500132808940,-2.4367256,-9.502751,-1.1633091
1500132809004,-2.3505547,-9.234664,-1.1633091
1500132809068,-2.2260852,-9.703817,-1.0196906
1500132809132,-2.187787,-9.454879,-1.2016073
1500132809195,-2.3314054,-9.435729,-1.0388398
1500132809259,-2.2452345,-9.598496,-1.0292653
1500132809323,-2.1111906,-9.474028,-0.70373017
1500132809386,-2.1399143,-9.617646,-0.7994758
1500132809450,-2.1399143,-9.54105,-0.98139244
1500132809514,-2.1590633,-9.617646,-0.90479594
1500132809577,-2.0250196,-9.636795,-0.7420284
1500132809641,-2.0920415,-9.5219,-0.7420284
1500132809705,-2.149489,-9.560199,-0.77075213
1500132809769,-2.0441687,-9.675094,-0.8856468
1500132809832,-2.0633178,-9.560199,-0.7228793
1500132809896,-2.0537431,-9.598496,-0.76117754
1500132809960,-2.1111906,-9.579348,-0.8090504
1500132810023,-2.101616,-9.675094,-0.7420284
1500132810087,-2.0920415,-9.550624,-0.49308985
1500132810151,-2.0537431,-9.5889225,-0.5313881
1500132810215,-2.0441687,-9.617646,-0.4356425
1500132810278,-2.0537431,-9.560199,-0.4835153
1500132810342,-2.0058703,-9.675094,-0.42606795
1500132810406,-2.0728924,-9.617646,-0.5218136
1500132810470,-2.0824668,-9.579348,-0.50266445
1500132810533,-2.0633178,-9.560199,-0.47394073
1500132810597,-2.0250196,-9.617646,-0.42606795
1500132810661,-2.034594,-9.636795,-0.4835153
1500132810724,-2.0633178,-9.64637,-0.61755913
1500132810788,-2.0633178,-9.636795,-0.39734426
1500132810852,-1.9962958,-9.713391,-0.6079846
1500132810915,-2.0537431,-9.617646,0.00478728
1500132810980,-2.2069361,-9.598496,0.03351096
1500132811043,-2.187787,-9.502751,-0.09095833
1500132811107,-2.2165108,-9.703817,0.19627848
1500132811170,-2.1399143,-9.378282,0.59841
1500132811234,-2.1782124,-9.052747,1.3643749
1500132811298,-1.9101248,-9.617646,1.2686293
1500132811361,-1.776081,-9.847435,0.64628285
1500132811425,-1.948423,-9.742115,0.5888355
1500132811489,-2.0728924,-9.407005,0.23457673
1500132811552,-2.0728924,-9.684668,0.043085523
1500132811616,-2.1207652,-9.569773,-0.359046
1500132811680,-2.2356598,-9.493176,-0.8473486
1500132811744,-2.2165108,-9.847435,-1.0867126
1500132811807,-2.3505547,-9.41658,-1.0867126
1500132811871,-2.4463003,-9.3878565,-1.0484143
1500132811934,-2.2931073,-9.531475,-0.98139244
1500132811999,-2.2835326,-9.301685,-0.85692316
1500132812063,-2.4175766,-9.569773,-0.70373017
1500132812126,-2.149489,-9.761265,-0.8473486
1500132812191,-2.3314054,-9.62722,-0.78032666
1500132812253,-2.360129,-9.445304,-0.77075213
1500132812317,-2.408002,-9.474028,-0.83777404
1500132812381,-2.5420458,-9.253813,-0.8952214
1500132812444,-2.4367256,-9.464453,-0.8760723
1500132812508,-2.3505547,-9.550624,-0.78032666
1500132812572,-2.3026817,-9.531475,-0.78032666
1500132812635,-2.3026817,-9.598496,-0.8760723
1500132812699,-2.3122563,-9.550624,-0.85692316
1500132812763,-2.3026817,-9.474028,-0.7994758
1500132812827,-2.3697038,-9.483603,-0.8856468
1500132812890,-2.3888528,-9.445304,-0.8760723
1500132812954,-2.34098,-9.502751,-0.90479594
1500132813018,-2.2739582,-9.579348,-0.71330476
1500132813081,-2.2452345,-9.64637,-0.8760723
1500132813145,-2.2931073,-9.569773,-0.8186249
1500132813209,-2.3888528,-9.493176,-0.83777404
1500132813272,-2.408002,-9.368708,-0.8473486
1500132813336,-2.427151,-9.454879,-0.92394507
1500132813400,-2.3984275,-9.474028,-0.8760723
1500132813464,-2.4175766,-9.474028,-0.93351966
1500132813527,-2.2452345,-9.732541,-0.78032666
1500132813591,-2.3888528,-9.617646,-0.8664977
1500132813655,-2.5516202,-9.483603,-0.9622433
1500132813720,-2.6952388,-9.2825365,-1.0962871
1500132813782,-2.8580062,-9.29211,-0.93351966
1500132813846,-2.819708,-9.091045,-0.77075213
1500132813910,-2.6856642,-9.454879,-0.71330476
1500132813974,-2.647366,-9.579348,-0.6558574
1500132814037,-2.752686,-9.5219,-0.93351966
1500132814101,-2.752686,-9.320834,-0.78990126
1500132814164,-2.4367256,-9.445304,-0.8473486
1500132814228,-2.5707695,-9.665519,-0.8664977
1500132814292,-2.8101335,-9.560199,-0.85692316
1500132814356,-2.7814097,-9.263388,-0.9718179
1500132814419,-2.867581,-9.397431,-1.14416
1500132814483,-3.059072,-9.560199,-1.3069274
1500132814547,-3.2026904,-9.818711,-1.7282082
1500132814610,-3.3941817,-9.31126,-1.8814012
1500132814675,-3.3175852,-9.464453,-2.4175766
1500132814738,-2.7909844,-8.947427,-2.8771553
1500132814801,-2.3792782,-8.353804,-2.3984275
1500132814865,-3.3750327,-6.821874,-2.2260852
1500132814929,-4.782493,-7.396348,-2.0920415
1500132814993,-5.692076,-5.5101595,-1.862252
1500132815056,-6.8601727,-6.0846334,-2.494173
1500132815120,-7.8655014,-5.1846247,-3.8537605
1500132815184,-8.286782,-5.1176023,-4.016528
1500132815247,-8.2676325,-5.088879,-5.021857
1500132815311,-7.9133744,-5.2037735,-5.06973
1500132815375,-7.702734,-5.6154795,-4.993133
1500132815439,-7.35805,-5.17505,-4.6293
1500132815502,-7.204857,-5.1367517,-3.7005677
1500132815566,-7.0325146,-5.28037,-3.2984362
1500132815630,-6.678256,-5.634629,-3.4612036
1500132815693,-6.850598,-5.634629,-4.466532
1500132815757,-7.089962,-5.433563,-3.9686553
1500132815821,-7.2527294,-5.7016506,-3.7963133
1500132815884,-7.12826,-5.6154795,-3.6431203
1500132815948,-6.869747,-5.797396,-3.4899273
1500132816012,-6.8410234,-5.806971,-3.9207826
1500132816076,-6.898471,-5.682502,-3.6335456
1500132816139,-6.975067,-5.692076,-3.7005677
1500132816203,-7.0325146,-5.7016506,-3.7963133
1500132816267,-6.8888965,-5.7112255,-3.7197168
1500132816330,-7.089962,-5.5484576,-3.690993
1500132816394,-7.0995364,-5.6250544,-3.8920588
1500132816458,-7.1857076,-5.347392,-3.5952475
1500132816521,-7.0995364,-5.4239883,-3.6622694
1500132816585,-7.0803876,-5.644203,-3.8058877
1500132816649,-6.984642,-5.452712,-3.997379
1500132816713,-7.1857076,-5.433563,-3.9399316
1500132816776,-7.396348,-5.222923,-3.9686553
1500132816840,-7.0708127,-5.299519,-3.5473747
1500132816904,-7.2527294,-5.3186684,-3.8729098
1500132816967,-7.243155,-5.414414,-3.9686553
1500132817031,-7.329326,-5.2899446,-3.7292912
1500132817095,-7.281453,-5.347392,-3.8920588
1500132817159,-7.348475,-5.232497,-3.7963133
1500132817223,-7.35805,-5.2133484,-3.7292912
1500132817286,-7.35805,-5.2037735,-3.758015
1500132817351,-7.3676243,-5.146326,-3.671844
1500132817413,-7.3867736,-5.1271772,-3.6814184
1500132817478,-7.3771987,-5.1271772,-3.6526947
1500132817541,-7.35805,-5.194199,-3.7005677
1500132817604,-7.3197513,-5.28037,-3.7675896
1500132817668,-7.2527294,-5.2899446,-3.7388659
1500132817732,-7.2240057,-5.3569665,-3.7963133
1500132817796,-7.089962,-5.462287,-3.758015
1500132817859,-7.176133,-5.500585,-3.844186
1500132817923,-7.0612383,-5.49101,-3.7867386
1500132817987,-7.1186857,-5.4048395,-3.6526947
1500132818050,-7.156984,-5.5101595,-3.844186
1500132818114,-7.1474094,-5.328243,-3.9016335
1500132818178,-7.051664,-5.529309,-3.997379
1500132818242,-6.8793216,-5.7208,-3.8824842
1500132818305,-7.195282,-5.538883,-3.9399316
1500132818369,-7.0133657,-5.38569,-3.7388659
1500132818433,-7.089962,-5.299519,-3.8824842
1500132818496,-7.051664,-5.4239883,-3.8346114
1500132818560,-7.204857,-5.366541,-3.7675896
1500132818624,-7.2240057,-5.3952646,-3.8537605
1500132818687,-7.2718787,-5.366541,-3.8633351
1500132818751,-7.3771987,-5.2133484,-3.8058877
1500132818815,-7.281453,-5.2516465,-3.8346114
1500132818879,-7.2335806,-5.232497,-3.8346114
1500132818942,-7.348475,-5.2037735,-3.7675896
1500132819006,-7.396348,-5.194199,-3.7005677
1500132819070,-7.396348,-5.06973,-3.6814184
1500132819133,-7.4250717,-5.088879,-3.7484405
1500132819197,-7.35805,-5.021857,-3.6622694
1500132819261,-7.4442205,-5.108028,-3.8058877
1500132819324,-7.4059224,-5.146326,-3.8154624
1500132819388,-7.3197513,-5.17505,-3.844186
1500132819452,-7.204857,-5.041006,-3.8633351
1500132819516,-7.3676243,-5.0314317,-3.825037
1500132819579,-7.501668,-5.2037735,-3.8537605
1500132819643,-7.3197513,-5.232497,-3.9207826
1500132819707,-7.2240057,-5.2133484,-3.8920588
1500132819771,-7.3006024,-5.2037735,-3.7963133
1500132819834,-7.4059224,-5.2037735,-3.7197168
1500132819898,-7.396348,-5.17505,-3.7484405
1500132819961,-7.3867736,-5.17505,-3.7388659
1500132820025,-7.3389006,-5.1846247,-3.6814184
1500132820089,-7.4154973,-5.1271772,-3.7484405
1500132820154,-7.329326,-5.1176023,-3.6814184
1500132820216,-7.4729443,-5.1176023,-3.8058877
1500132820280,-7.3771987,-5.2899446,-3.690993
1500132820344,-7.4154973,-5.2133484,-3.6239712
1500132820408,-7.4154973,-5.1176023,-3.4420545
1500132820472,-7.4729443,-5.108028,-3.518651
1500132820535,-7.310177,-5.1846247,-3.4803526
1500132820599,-7.348475,-5.261221,-3.5665238
1500132820662,-7.329326,-5.2899446,-3.4803526
1500132820726,-7.4059224,-5.2899446,-3.5760984
1500132820790,-7.4154973,-5.4048395,-3.604822
1500132820855,-7.2527294,-5.366541,-3.5569491
1500132820917,-7.2718787,-5.347392,-3.6239712
1500132820981,-7.310177,-5.3569665,-3.6431203
1500132821044,-7.329326,-5.481436,-3.7101421
1500132821108,-7.137835,-5.6154795,-3.6431203
1500132821173,-7.243155,-5.414414,-3.5473747
1500132821235,-7.2910275,-5.3186684,-3.4612036
1500132821299,-7.2335806,-5.3186684,-3.4707782
1500132821363,-7.3197513,-5.4048395,-3.6431203
1500132821427,-7.2623043,-5.462287,-3.6143966
1500132821490,-7.2718787,-5.414414,-3.6526947
1500132821554,-7.2910275,-5.376116,-3.5952475
1500132821617,-7.243155,-5.4239883,-3.604822
1500132821681,-7.204857,-5.433563,-3.5569491
1500132821746,-7.204857,-5.4239883,-3.5952475
1500132821809,-7.2144313,-5.4718614,-3.604822
1500132821873,-7.204857,-5.5580325,-3.6526947
1500132821936,-7.176133,-5.538883,-3.5473747
1500132822000,-7.243155,-5.414414,-3.5856729
1500132822064,-7.281453,-5.3952646,-3.5282254
1500132822127,-7.2718787,-5.4431376,-3.5856729
1500132822191,-7.1474094,-5.433563,-3.499502
1500132822255,-7.204857,-5.28037,-3.5378
1500132822318,-7.35805,-5.2420716,-3.7388659
1500132822383,-7.2910275,-5.481436,-3.7005677
1500132822446,-6.9654927,-5.538883,-3.604822
1500132822510,-7.204857,-5.232497,-3.8633351
1500132822573,-7.348475,-5.0984535,-3.8920588
1500132822637,-7.3771987,-5.079304,-3.9878044
1500132822702,-7.3676243,-5.0314317,-4.2080193
1500132822764,-7.35805,-5.0601554,-4.2941904
1500132822828,-7.2910275,-4.9739842,-4.150572
1500132822892,-7.4920936,-4.8973875,-4.150572
1500132822956,-7.348475,-5.06973,-4.121848
1500132823020,-7.2910275,-4.9835587,-4.016528
1500132823083,-7.2527294,-4.954835,-4.0931244
1500132823147,-7.2335806,-5.146326,-4.0261025
1500132823210,-7.2718787,-5.2420716,-4.045252
1500132823274,-7.243155,-5.146326,-3.9590807
1500132823338,-7.243155,-5.06973,-4.0069537
1500132823401,-7.176133,-5.0601554,-3.8346114
1500132823465,-7.3197513,-4.849515,-4.016528
1500132823529,-7.2527294,-5.0601554,-4.016528
1500132823593,-7.35805,-5.1367517,-4.0548263
1500132823656,-7.56869,-5.021857,-4.0931244
1500132823721,-7.3389006,-5.261221,-4.284616
1500132823784,-7.02294,-5.328243,-4.0739756
1500132823847,-7.3006024,-5.17505,-4.0739756
1500132823911,-7.2718787,-5.2899446,-3.911208
1500132823975,-7.348475,-5.38569,-3.9782298
1500132824038,-7.35805,-5.347392,-3.671844
1500132824102,-7.4250717,-5.4239883,-3.6814184
1500132824166,-6.9654927,-5.5580325,-3.5378
1500132824230,-6.8122997,-5.433563,-3.518651
1500132824293,-6.898471,-5.462287,-3.3558834
1500132824357,-7.051664,-5.605905,-3.2697124
1500132824421,-7.195282,-5.538883,-3.518651
1500132824484,-6.9559183,-5.682502,-3.518651
1500132824548,-7.0133657,-5.538883,-3.518651
1500132824612,-7.549541,-5.2707953,-3.6335456
1500132824676,-7.56869,-5.222923,-3.8154624
1500132824739,-7.2240057,-5.462287,-4.0356774
1500132824803,-7.0612383,-5.519734,-4.0069537
1500132824867,-7.12826,-5.5963306,-3.7963133
1500132824930,-7.2527294,-5.529309,-3.518651
1500132824994,-7.3867736,-5.1176023,-3.5282254
1500132825058,-7.3771987,-5.088879,-3.5378
1500132825122,-7.2718787,-5.3378177,-3.7197168
1500132825185,-7.1186857,-5.462287,-3.6431203
1500132825249,-7.0708127,-5.481436,-3.690993
1500132825312,-7.204857,-5.462287,-3.8058877
1500132825376,-7.02294,-5.4048395,-3.6335456
1500132825440,-7.281453,-5.2516465,-3.777164
1500132825504,-7.4250717,-5.2420716,-3.604822
1500132825567,-7.511243,-5.347392,-3.9016335
1500132825631,-7.1186857,-5.452712,-3.8058877
1500132825695,-7.2335806,-5.3952646,-3.7484405
1500132825759,-7.4250717,-5.4048395,-3.5665238
1500132825822,-7.1474094,-5.366541,-3.5952475
1500132825886,-6.9942164,-5.3569665,-3.8154624
1500132825950,-7.0612383,-5.567607,-3.777164
1500132826013,-7.0995364,-5.7112255,-3.8058877
1500132826077,-7.195282,-5.912291,-3.7963133
1500132826141,-6.831449,-5.8835673,-3.4133308
1500132826204,-7.156984,-5.17505,-3.7675896
1500132826268,-6.984642,-5.1654754,-3.6335456
1500132826332,-7.0995364,-5.3952646,-3.690993
1500132826396,-7.3389006,-5.519734,-3.777164
1500132826459,-7.1186857,-5.5580325,-3.8729098
1500132826524,-6.9942164,-5.6250544,-3.8633351
1500132826587,-7.1665583,-5.481436,-3.8729098
1500132826650,-7.1091113,-5.7016506,-3.9495063
1500132826714,-6.7931504,-5.845269,-3.6526947
1500132826778,-7.12826,-5.414414,-3.499502
1500132826843,-7.1857076,-5.1367517,-3.2792869
1500132826905,-7.3389006,-5.1654754,-3.8154624
1500132826969,-6.9654927,-5.481436,-3.9016335
1500132827033,-7.0995364,-5.586756,-4.0931244
1500132827097,-7.1474094,-5.481436,-4.0644007
1500132827160,-7.02294,-5.4048395,-4.0931244
1500132827224,-6.898471,-5.4718614,-4.121848
1500132827289,-6.8410234,-5.5580325,-4.1026993
1500132827351,-6.9559183,-5.538883,-4.0739756
1500132827415,-7.0612383,-5.4718614,-4.0739756
1500132827479,-7.051664,-5.3569665,-4.1409974
1500132827542,-7.0995364,-5.2037735,-4.1409974
1500132827606,-7.137835,-5.2707953,-4.2271686
1500132827670,-7.0803876,-5.3569665,-4.2175937
1500132827733,-7.0708127,-5.2420716,-4.169721
1500132827797,-7.0708127,-5.0601554,-4.1409974
1500132827862,-7.1186857,-5.088879,-4.2463174
1500132827925,-7.02294,-5.2899446,-4.284616
1500132827988,-6.9942164,-5.347392,-4.342063
1500132828052,-7.0708127,-5.28037,-4.284616
1500132828116,-7.0612383,-5.1654754,-4.284616
1500132828179,-7.089962,-5.0122824,-4.351638
1500132828243,-7.1474094,-4.993133,-4.4090853
1500132828307,-7.156984,-5.088879,-4.437809
1500132828370,-7.137835,-5.146326,-4.3995104
1500132828435,-7.1091113,-4.9835587,-4.351638
1500132828498,-7.204857,-4.9452605,-4.504831
1500132828562,-6.984642,-5.0314317,-4.4090853
1500132828625,-6.984642,-5.0314317,-4.495256
1500132828689,-7.0133657,-5.1367517,-4.456958
1500132828753,-6.9654927,-5.2516465,-4.5239797
1500132828816,-6.9176197,-5.309094,-4.456958
1500132828880,-6.9080453,-5.2899446,-4.543129
1500132828944,-6.821874,-5.328243,-4.3324885
1500132829007,-6.8793216,-5.194199,-4.2175937
1500132829071,-6.8410234,-5.1176023,-4.2463174
1500132829136,-6.783576,-5.222923,-4.2654667
1500132829199,-6.6016593,-5.8165455,-4.2941904
1500132829262,-6.4963393,-6.0463347,-4.1888704
1500132829326,-6.630383,-5.8931417,-4.121848
1500132829391,-6.6878304,-5.672927,-4.0261025
1500132829453,-6.630383,-5.692076,-4.0644007
1500132829517,-6.486765,-5.8835673,-4.121848
1500132829581,-6.515488,-5.7208,-4.016528
1500132829645,-6.410168,-5.7495236,-4.2654667
1500132829709,-6.256975,-5.797396,-4.3707867
1500132829772,-6.0750585,-5.8835673,-4.456958
1500132829836,-5.8165455,-5.8548436,-4.5144053
1500132829899,-5.567607,-5.979313,-4.6293
1500132829963,-5.4048395,-5.8931417,-4.6867476
1500132830027,-5.38569,-5.692076,-4.715471
1500132830090,-5.519734,-5.7112255,-4.9835587
1500132830154,-5.433563,-5.998462,-5.3186684
1500132830218,-4.9835587,-5.7112255,-4.7537694
1500132830282,-5.194199,-5.3569665,-5.06973
1500132830345,-4.9835587,-5.088879,-5.0601554
1500132830409,-6.0367603,-5.079304,-5.806971
1500132830473,-7.1186857,-6.094208,-7.4920936
1500132830537,-7.4154973,-6.1612296,-6.9559183
1500132830601,-7.846352,-6.7261286,-6.7931504
1500132830664,-8.353804,-6.103782,-5.8548436
1500132830728,-9.3878565,-5.692076,-4.5239797
1500132830791,-9.359133,-4.801642,-3.5473747
1500132830855,-8.44955,-4.6388745,-3.671844
1500132830919,-7.5399666,-3.758015,-3.2218397
1500132830982,-6.5059137,-3.5665238,-2.647366
1500132831046,-5.8165455,-3.3080106,-1.8431029
1500132831110,-6.304848,-3.078221,-1.8814012
1500132831173,-7.195282,-2.9154537,-2.1782124
1500132831237,-8.909128,-3.5760984,-3.3941817
1500132831301,-9.885734,-3.825037,-4.0644007
1500132831365,-8.928278,-3.7675896,-3.3367343
1500132831428,-8.258059,-4.169721,-3.7197168
1500132831492,-8.191036,-4.5239797,-3.4612036
1500132831556,-8.401677,-4.993133,-3.365458
1500132831619,-8.870831,-4.6293,-3.078221
1500132831683,-8.803808,-4.7058964,-3.3750327
1500132831747,-7.8846507,-4.543129,-2.3697038
1500132831811,-7.434646,-4.428234,-2.1590633
1500132831874,-7.741032,-4.7058964,-2.4367256
1500132831939,-8.028269,-4.543129,-2.9154537
1500132832002,-8.21976,-4.6867476,-2.7239625
1500132832065,-8.5740185,-4.284616,-2.2165108
1500132832129,-8.152739,-4.648449,-2.1399143
1500132832193,-8.018694,-4.5718527,-2.4558747
1500132832258,-8.229335,-4.342063,-2.513322
1500132832320,-8.439975,-4.284616,-2.3697038
1500132832384,-8.506997,-4.2271686,-2.360129
1500132832448,-8.34423,-4.2941904,-2.513322
1500132832511,-8.258059,-4.236743,-2.513322
1500132832575,-8.296356,-4.275041,-2.561195
1500132832639,-8.277207,-4.3133397,-2.5707695
1500132832702,-8.296356,-4.4473834,-2.6569405
1500132832766,-8.286782,-4.5239797,-2.7239625
1500132832830,-8.258059,-4.476107,-2.6952388
1500132832895,-8.181462,-4.3707867,-2.666515
1500132832957,-8.11444,-4.4186597,-2.6186423
1500132833021,-8.143164,-4.3707867,-2.8292825
1500132833085,-8.047418,-4.351638,-2.666515
1500132833149,-8.143164,-4.581427,-2.7431116
1500132833212,-8.315506,-4.83994,-2.7909844
1500132833276,-8.066567,-4.7920675,-2.8963046
1500132833340,-7.7601814,-4.543129,-2.972901
1500132833404,-8.047418,-4.954835,-2.8771553
1500132833467,-7.9708214,-4.849515,-2.867581
1500132833531,-8.11444,-4.715471,-2.9824755
1500132833594,-8.076141,-4.7250457,-2.905879
1500132833658,-7.9803963,-4.849515,-2.7431116
1500132833722,-7.8367777,-4.926111,-2.7622607
1500132833786,-7.8176284,-4.9739842,-2.8484318
1500132833849,-7.7506065,-4.8303657,-2.752686
1500132833913,-8.037844,-4.8303657,-2.7431116
1500132833977,-8.066567,-4.619725,-2.7048132
1500132834040,-8.066567,-4.543129,-2.752686
1500132834104,-8.095291,-4.543129,-2.752686
1500132834168,-8.11444,-4.543129,-2.8484318
1500132834233,-8.066567,-4.5239797,-2.905879
1500132834295,-8.085716,-4.495256,-2.9346027
1500132834359,-8.124015,-4.5144053,-3.0016246
1500132834423,-8.21976,-4.5335546,-2.9441774
1500132834486,-8.11444,-4.581427,-2.9154537
1500132834550,-8.047418,-4.495256,-2.9250283
1500132834614,-8.028269,-4.5335546,-2.9633265
1500132834677,-8.11444,-4.610151,-2.9537518
1500132834741,-7.788905,-4.7058964,-2.8388572
1500132834805,-7.9516726,-5.0601554,-3.059072
1500132834869,-7.846352,-4.9835587,-2.88673
1500132834932,-8.00912,-4.6293,-2.9824755
1500132834996,-8.056993,-4.73462,-3.059072
1500132835060,-7.855927,-4.658024,-2.9154537
1500132835123,-7.9420977,-4.9739842,-2.9824755
1500132835187,-7.769756,-4.9069624,-2.8963046
1500132835251,-8.095291,-4.6388745,-2.7814097
1500132835315,-8.00912,-4.6867476,-2.9250283
1500132835378,-8.018694,-4.6388745,-2.9250283
1500132835442,-8.056993,-4.801642,-2.8388572
1500132835506,-7.8272033,-4.9069624,-2.800559
1500132835569,-7.808054,-4.7920675,-3.0494976
1500132835633,-7.894225,-4.7441945,-2.561195
1500132835697,-7.9133744,-4.954835,-2.9824755
1500132835761,-7.922949,-4.868664,-2.972901
1500132835824,-7.9899707,-4.715471,-2.9633265
1500132835888,-8.037844,-4.772918,-2.9633265
1500132835953,-8.095291,-4.7058964,-2.9441774
1500132836015,-7.9325233,-4.6675982,-2.905879
1500132836079,-7.702734,-4.772918,-2.9920502
1500132836143,-7.855927,-4.763344,-3.0973704
1500132836207,-7.8655014,-5.088879,-2.7431116
1500132836271,-7.9708214,-4.6771727,-3.2409887
1500132836334,-8.133589,-4.763344,-2.9633265
1500132836398,-7.8846507,-4.610151,-3.0016246
1500132836461,-7.855927,-4.6867476,-2.9920502
1500132836525,-7.9133744,-4.8590894,-2.819708
1500132836589,-7.855927,-4.935686,-3.2026904
1500132836653,-7.808054,-4.916537,-3.1548176
1500132836716,-8.028269,-4.7920675,-3.126094
1500132836780,-8.037844,-4.428234,-3.078221
1500132836845,-7.922949,-4.5239797,-3.020774
1500132836907,-8.085716,-4.476107,-2.9346027
1500132836971,-8.171887,-4.5910015,-2.9633265
1500132837035,-8.191036,-4.5718527,-3.0111992
1500132837099,-8.047418,-4.495256,-2.9154537
1500132837163,-7.9516726,-4.619725,-2.7718353
1500132837226,-7.7314577,-4.715471,-2.9824755
1500132837290,-7.8272033,-4.96441,-2.9824755
1500132837354,-8.018694,-4.868664,-2.867581
1500132837417,-7.9133744,-4.954835,-2.9824755
1500132837482,-7.741032,-4.772918,-2.905879
1500132837545,-8.037844,-4.504831,-2.8388572
1500132837608,-7.999545,-4.6771727,-3.0111992
1500132837673,-8.104865,-4.6293,-2.9920502
1500132837736,-8.056993,-4.6005764,-2.972901
1500132837799,-7.961247,-4.6388745,-3.020774
1500132837863,-7.922949,-4.610151,-2.9441774
1500132837927,-7.9325233,-4.6867476,-2.9537518
1500132837991,-7.922949,-4.6867476,-3.039923
1500132838054,-7.9420977,-4.7537694,-2.9633265
1500132838118,-7.9325233,-4.8207912,-3.059072
1500132838182,-8.037844,-4.83994,-2.9920502
1500132838246,-8.018694,-4.7537694,-3.0303483
1500132838310,-7.922949,-4.6388745,-3.0016246
1500132838373,-7.8367777,-4.619725,-2.9633265
1500132838436,-7.9037995,-4.6771727,-3.020774
1500132838500,-8.076141,-4.811217,-3.020774
1500132838564,-8.00912,-4.7920675,-3.0303483
1500132838627,-7.9133744,-4.696322,-3.0111992
1500132838692,-7.875076,-4.6293,-3.0016246
1500132838756,-7.8846507,-4.658024,-3.020774
1500132838820,-8.00912,-4.8303657,-3.059072
1500132838883,-7.9899707,-4.8973875,-3.020774
1500132838946,-7.8655014,-4.8590894,-3.1165195
1500132839011,-7.7601814,-4.715471,-2.8580062
1500132839073,-7.875076,-4.7920675,-2.8963046
1500132839138,-7.922949,-4.8590894,-3.020774
1500132839201,-7.8846507,-4.849515,-3.039923
1500132839265,-7.961247,-4.83994,-2.9920502
1500132839328,-7.8846507,-4.8207912,-3.039923
1500132839392,-7.8367777,-4.8207912,-2.9441774
1500132839456,-7.808054,-4.849515,-2.9633265
1500132839519,-7.8367777,-4.916537,-3.0016246
1500132839583,-7.999545,-4.9739842,-3.0111992
1500132839647,-7.9133744,-4.868664,-2.9441774
1500132839711,-7.875076,-4.6867476,-2.9346027
1500132839774,-7.9325233,-4.610151,-2.867581
1500132839838,-7.9420977,-4.715471,-2.9824755
1500132839902,-7.769756,-4.993133,-3.059072
1500132839965,-7.7506065,-5.041006,-3.1165195
1500132840029,-7.875076,-4.9835587,-3.039923
1500132840093,-7.922949,-4.8973875,-2.9537518
1500132840157,-7.8367777,-4.8207912,-2.9824755
1500132840220,-7.875076,-4.7441945,-2.9441774
1500132840284,-7.808054,-4.8782387,-3.1452432
1500132840349,-7.8367777,-4.9069624,-3.2026904
1500132840411,-7.846352,-4.926111,-3.0973704
1500132840475,-7.788905,-4.9452605,-3.193116
1500132840540,-7.7984796,-4.9069624,-2.9920502
1500132840602,-7.808054,-4.954835,-2.9633265
1500132840667,-7.7793303,-4.935686,-3.078221
1500132840731,-7.855927,-4.8303657,-2.9824755
1500132840794,-7.9133744,-4.83994,-3.059072
1500132840857,-7.9420977,-4.849515,-3.0494976
1500132840922,-7.875076,-4.8782387,-3.020774
1500132840985,-7.8176284,-4.849515,-3.0111992
1500132841049,-7.721883,-4.7920675,-3.0303483
1500132841112,-7.8846507,-4.811217,-2.9824755
1500132841176,-7.855927,-5.1654754,-2.905879
1500132841240,-7.8846507,-4.811217,-3.0877957
1500132841305,-7.922949,-4.648449,-3.1835413
1500132841367,-8.00912,-4.466532,-3.0111992
1500132841431,-8.028269,-4.610151,-2.819708
1500132841494,-7.7793303,-4.868664,-2.9824755
1500132841558,-7.741032,-4.926111,-3.0016246
1500132841622,-7.8655014,-4.96441,-3.020774
1500132841686,-7.9708214,-4.763344,-3.0303483
1500132841749,-7.894225,-4.772918,-3.1548176
1500132841813,-7.961247,-4.763344,-3.039923
1500132841877,-7.9133744,-4.763344,-2.9824755
1500132841940,-7.7793303,-4.96441,-3.1643922
1500132842005,-7.702734,-4.801642,-3.0877957
1500132842068,-7.855927,-5.002708,-2.9920502
1500132842133,-7.8846507,-4.868664,-3.173967
1500132842195,-8.018694,-4.8303657,-3.1356685
1500132842259,-7.721883,-4.772918,-3.126094
1500132842323,-7.769756,-4.916537,-3.039923
1500132842386,-7.894225,-4.849515,-3.020774
1500132842450,-8.00912,-4.715471,-3.0494976
1500132842514,-7.922949,-4.658024,-3.0877957
1500132842578,-7.922949,-4.696322,-3.020774
1500132842642,-7.922949,-4.782493,-3.0686467
1500132842706,-7.9037995,-4.8303657,-3.0303483
1500132842769,-7.8272033,-4.8303657,-3.059072
1500132842832,-7.7984796,-4.8782387,-3.2505634
1500132842896,-7.846352,-4.8782387,-2.7622607
1500132842960,-7.875076,-4.7441945,-3.2888615
1500132843024,-8.124015,-4.4856815,-3.059072
1500132843087,-7.7601814,-4.83994,-3.059072
1500132843151,-7.8367777,-4.782493,-3.0111992
1500132843215,-7.846352,-4.8207912,-2.9346027
1500132843279,-7.999545,-4.696322,-3.0494976
1500132843343,-7.9708214,-4.6771727,-3.1452432
1500132843406,-7.9708214,-4.610151,-3.1069448
1500132843469,-8.028269,-4.6005764,-3.1165195
1500132843533,-7.9708214,-4.6005764,-3.126094
1500132843597,-7.999545,-4.6293,-3.0973704
1500132843662,-7.961247,-4.648449,-3.1356685
1500132843724,-7.9420977,-4.6675982,-3.1165195
1500132843788,-7.9899707,-4.610151,-3.059072
1500132843852,-7.961247,-4.648449,-3.0877957
1500132843916,-7.9803963,-4.6293,-3.0303483
1500132843979,-7.999545,-4.648449,-3.020774
1500132844044,-7.9899707,-4.619725,-3.0303483
1500132844107,-7.9899707,-4.6293,-3.0303483
1500132844171,-7.9899707,-4.619725,-3.0016246
1500132844234,-7.999545,-4.6388745,-3.0016246
1500132844298,-7.999545,-4.6771727,-2.9633265
1500132844361,-7.9420977,-4.7058964,-2.9250283
1500132844425,-7.922949,-4.696322,-2.972901
1500132844489,-7.961247,-4.6771727,-2.9441774
1500132844553,-8.00912,-4.6293,-3.020774
1500132844616,-8.028269,-4.610151,-3.0303483
1500132844681,-7.9899707,-4.6388745,-3.0016246
1500132844744,-7.9803963,-4.658024,-2.9920502
1500132844807,-7.961247,-4.658024,-2.9537518
1500132844872,-7.9803963,-4.610151,-2.9824755
1500132844936,-7.9803963,-4.619725,-2.9633265
1500132844999,-7.9899707,-4.658024,-3.020774
1500132845062,-7.9899707,-4.6771727,-3.039923
1500132845127,-7.999545,-4.648449,-3.020774
1500132845190,-7.9708214,-4.6675982,-3.0494976
1500132845253,-7.9325233,-4.7058964,-2.9920502
1500132845317,-7.961247,-4.7441945,-3.0303483
1500132845381,-7.961247,-4.6771727,-3.020774
1500132845444,-7.9708214,-4.658024,-3.0494976
1500132845508,-7.961247,-4.6771727,-3.0973704
1500132845572,-7.961247,-4.6771727,-3.0973704
1500132845636,-7.961247,-4.6771727,-3.078221
1500132845699,-7.9420977,-4.6675982,-3.0494976
1500132845763,-7.9325233,-4.7058964,-3.039923
1500132845827,-7.9516726,-4.696322,-3.039923
1500132845890,-7.9516726,-4.6867476,-3.0686467
1500132845954,-7.9516726,-4.658024,-3.078221
1500132846018,-7.9420977,-4.648449,-3.1452432
1500132846082,-7.9325233,-4.7250457,-3.1069448
1500132846147,-7.9037995,-4.7441945,-3.0494976
1500132846209,-7.9516726,-4.7058964,-3.0303483
1500132846273,-7.9516726,-4.6867476,-3.0016246
1500132846336,-7.9325233,-4.7058964,-3.0686467
1500132846400,-7.875076,-4.6675982,-3.059072
1500132846464,-7.961247,-4.6388745,-3.0877957
1500132846528,-7.9516726,-4.6675982,-3.0686467
1500132846591,-7.9133744,-4.7441945,-3.0973704
1500132846655,-7.9037995,-4.801642,-3.059072
1500132846719,-7.875076,-4.7537694,-3.0111992
1500132846782,-7.9803963,-4.658024,-2.9346027
1500132846846,-7.922949,-4.6771727,-2.9920502
1500132846910,-7.9133744,-4.7537694,-3.1643922
1500132846973,-7.7793303,-4.849515,-3.3175852
1500132847037,-7.7793303,-4.8207912,-3.346309
1500132847101,-7.8655014,-4.696322,-3.2409887
1500132847165,-7.875076,-4.6388745,-3.3080106
1500132847228,-7.9325233,-4.696322,-3.212265
1500132847292,-7.894225,-4.696322,-3.3080106
1500132847356,-7.846352,-4.782493,-3.3558834
1500132847419,-7.875076,-4.7058964,-3.3558834
1500132847483,-7.855927,-4.658024,-3.384607
1500132847548,-7.855927,-4.696322,-3.4037561
1500132847610,-7.8272033,-4.7058964,-3.3175852
1500132847674,-7.8272033,-4.6675982,-3.2888615
1500132847739,-7.9325233,-4.73462,-3.3175852
1500132847803,-7.894225,-4.6867476,-3.2792869
1500132847865,-7.875076,-4.648449,-3.231414
1500132847929,-7.9133744,-4.658024,-3.1643922
1500132847994,-7.9325233,-4.648449,-3.1643922
1500132848056,-7.9037995,-4.658024,-3.1643922
1500132848120,-7.8655014,-4.658024,-3.126094
1500132848184,-7.8655014,-4.648449,-3.0686467
1500132848248,-7.8846507,-4.6771727,-3.078221
1500132848312,-8.028269,-4.8782387,-3.499502
1500132848375,-7.56869,-4.916537,-3.0973704
1500132848439,-8.076141,-4.5718527,-2.9633265
1500132848502,-8.152739,-4.4856815,-2.9441774
1500132848566,-7.999545,-4.6293,-2.7431116
1500132848630,-7.808054,-4.801642,-2.8580062
1500132848694,-7.769756,-4.849515,-2.9346027
1500132848757,-7.8655014,-4.83994,-2.9824755
1500132848821,-7.9899707,-4.811217,-3.126094
1500132848885,-8.00912,-4.648449,-3.126094
1500132848948,-7.9325233,-4.6005764,-3.1643922
1500132849012,-7.875076,-4.610151,-3.1643922
1500132849076,-7.8655014,-4.648449,-3.173967
1500132849140,-7.9133744,-4.696322,-3.2409887
1500132849203,-7.922949,-4.6675982,-3.2697124
1500132849267,-7.9516726,-4.6675982,-3.2792869
1500132849331,-7.8846507,-4.658024,-3.3080106
1500132849395,-7.8655014,-4.7058964,-3.2792869
1500132849458,-7.8846507,-4.7058964,-3.2601378
1500132849522,-7.855927,-4.73462,-3.2888615
1500132849586,-7.875076,-4.763344,-3.2888615
1500132849649,-7.855927,-4.7537694,-3.2697124
1500132849713,-7.8272033,-4.715471,-3.2697124
1500132849777,-7.8176284,-4.715471,-3.2505634
1500132849840,-7.8176284,-4.801642,-3.2697124
1500132849904,-7.8272033,-4.8303657,-3.2505634
1500132849968,-7.8176284,-4.8207912,-3.2409887
1500132850032,-7.8176284,-4.772918,-3.2218397
1500132850095,-7.8176284,-4.763344,-3.212265
1500132850159,-7.8272033,-4.7537694,-3.2505634
1500132850223,-7.8272033,-4.7537694,-3.212265
1500132850287,-7.8367777,-4.801642,-3.2601378
1500132850350,-7.846352,-4.8590894,-3.212265
1500132850414,-7.8367777,-4.849515,-3.2218397
1500132850478,-7.8272033,-4.801642,-3.193116
1500132850541,-7.8176284,-4.763344,-3.212265
1500132850606,-7.855927,-4.763344,-3.2026904
1500132850669,-7.894225,-4.772918,-3.1548176
1500132850733,-7.855927,-4.782493,-3.1643922
1500132850796,-7.846352,-4.7920675,-3.1356685
1500132850860,-7.894225,-4.772918,-3.0877957
1500132850923,-7.9037995,-4.8207912,-3.1069448
1500132850987,-7.846352,-4.83994,-3.078221
1500132851052,-7.8176284,-4.8303657,-3.039923
1500132851115,-7.7984796,-4.916537,-3.020774
1500132851179,-7.788905,-4.954835,-2.9920502
1500132851243,-7.7601814,-5.041006,-3.0111992
1500132851306,-7.664436,-5.1176023,-3.0016246
1500132851370,-7.635712,-5.0984535,-2.9824755
1500132851435,-7.654861,-5.088879,-2.9824755
1500132851497,-7.7123084,-5.1176023,-2.9633265
1500132851561,-7.7123084,-5.194199,-3.0877957
1500132851624,-7.7123084,-5.088879,-3.020774
1500132851688,-7.6452866,-5.0505805,-3.1069448
1500132851753,-7.808054,-4.935686,-3.0111992
1500132851816,-7.7601814,-4.9452605,-3.1165195
1500132851879,-7.8176284,-4.935686,-3.0686467
1500132851943,-7.8367777,-4.935686,-3.1165195
1500132852007,-7.8176284,-4.8782387,-3.0973704
1500132852070,-7.8367777,-4.849515,-3.1356685
1500132852134,-7.8176284,-4.83994,-3.1356685
1500132852198,-7.8176284,-4.887813,-3.173967
1500132852262,-7.8272033,-4.868664,-3.126094
1500132852326,-7.808054,-4.849515,-3.1548176
1500132852389,-7.808054,-4.8590894,-3.1356685
1500132852454,-7.788905,-4.8590894,-3.1548176
1500132852517,-7.8176284,-4.849515,-3.1643922
1500132852580,-7.8176284,-4.83994,-3.193116
1500132852644,-7.8176284,-4.8207912,-3.193116
1500132852707,-7.7984796,-4.83994,-3.1835413
1500132852771,-7.7601814,-4.935686,-3.193116
1500132852835,-7.788905,-4.8973875,-3.1835413
1500132852900,-7.769756,-4.8782387,-3.193116
1500132852963,-7.788905,-4.83994,-3.193116
1500132853027,-7.7793303,-4.868664,-3.2218397
1500132853091,-7.7984796,-4.849515,-3.231414
1500132853154,-7.808054,-4.8590894,-3.2601378
1500132853217,-7.769756,-4.8782387,-3.2409887
1500132853281,-7.788905,-4.868664,-3.231414
1500132853346,-7.7793303,-4.8782387,-3.2218397
1500132853408,-7.788905,-4.868664,-3.2218397
1500132853473,-7.7984796,-4.849515,-3.2026904
1500132853536,-7.788905,-4.811217,-3.2218397
1500132853600,-7.7984796,-4.811217,-3.212265
1500132853663,-7.7984796,-4.8303657,-3.212265
1500132853727,-7.7984796,-4.849515,-3.2026904
1500132853792,-7.788905,-4.8782387,-3.2218397
1500132853854,-7.7793303,-4.887813,-3.1835413
1500132853918,-7.788905,-4.916537,-3.2026904
1500132853982,-7.7793303,-4.9069624,-3.173967
1500132854046,-7.788905,-4.868664,-3.193116
1500132854109,-7.7601814,-4.868664,-3.193116
1500132854173,-7.788905,-4.8782387,-3.2026904
1500132854237,-7.7984796,-4.8782387,-3.231414
1500132854300,-7.788905,-4.935686,-3.193116
1500132854364,-7.788905,-4.916537,-3.1643922
1500132854428,-7.769756,-4.9069624,-3.173967
1500132854492,-7.7793303,-4.849515,-3.1643922
1500132854555,-7.8367777,-4.83994,-3.1643922
1500132854619,-7.808054,-4.887813,-3.1643922
1500132854683,-7.788905,-4.926111,-3.1548176
1500132854747,-7.7793303,-4.954835,-3.1165195
1500132854810,-7.721883,-4.96441,-3.126094
1500132854874,-7.7506065,-4.916537,-3.1356685
1500132854938,-7.721883,-4.9452605,-3.1165195
1500132855001,-7.7601814,-4.8973875,-3.0973704
1500132855065,-7.8272033,-4.8590894,-3.1452432
1500132855129,-7.7793303,-4.83994,-3.173967
1500132855193,-7.8272033,-4.8590894,-3.193116
1500132855256,-7.846352,-4.887813,-3.173967
1500132855320,-7.808054,-4.8590894,-3.1643922
1500132855384,-7.741032,-4.849515,-3.1452432
1500132855447,-7.788905,-4.8303657,-3.212265
1500132855511,-7.808054,-4.916537,-3.2218397
1500132855575,-7.808054,-4.954835,-3.193116
1500132855639,-7.808054,-4.8973875,-3.193116
1500132855702,-7.769756,-4.849515,-3.1835413
1500132855766,-7.7793303,-4.83994,-3.2026904
1500132855830,-7.788905,-4.8782387,-3.231414
1500132855895,-7.769756,-4.9069624,-3.1835413
1500132855957,-7.7793303,-4.916537,-3.1643922
1500132856021,-7.741032,-4.887813,-3.1356685
1500132856085,-7.7506065,-4.887813,-3.193116
1500132856149,-7.7793303,-4.916537,-3.231414
1500132856212,-7.769756,-4.96441,-3.2888615
1500132856276,-7.7506065,-4.935686,-3.193116
1500132856340,-7.702734,-4.9452605,-3.1548176
1500132856403,-7.721883,-4.96441,-3.212265
1500132856467,-7.7601814,-4.9835587,-3.1835413
1500132856531,-7.7314577,-4.993133,-3.2409887
1500132856594,-7.7123084,-4.96441,-3.212265
1500132856658,-7.721883,-4.926111,-3.1835413
1500132856722,-7.693159,-4.9739842,-3.231414
1500132856786,-7.7123084,-5.021857,-3.212265
1500132856849,-7.702734,-5.0122824,-3.2601378
1500132856913,-7.693159,-4.9835587,-3.2218397
1500132856977,-7.693159,-4.954835,-3.212265
1500132857040,-7.702734,-4.9452605,-3.2409887
1500132857104,-7.7123084,-4.96441,-3.2409887
1500132857168,-7.7506065,-4.9452605,-3.2792869
1500132857232,-7.7123084,-4.9739842,-3.2697124
1500132857295,-7.702734,-4.9835587,-3.2505634
1500132857359,-7.721883,-4.9739842,-3.2218397
1500132857423,-7.721883,-4.96441,-3.2409887
1500132857487,-7.7601814,-4.954835,-3.2601378
1500132857550,-7.7314577,-4.9452605,-3.2601378
1500132857614,-7.7314577,-4.9069624,-3.2409887
1500132857678,-7.7314577,-4.916537,-3.2026904
1500132857742,-7.721883,-4.935686,-3.2218397
1500132857805,-7.7314577,-4.9739842,-3.231414
1500132857869,-7.7123084,-4.993133,-3.231414
1500132857933,-7.721883,-5.002708,-3.2409887
1500132857997,-7.7123084,-4.993133,-3.193116
1500132858060,-7.7123084,-4.993133,-3.2026904
1500132858124,-7.721883,-5.002708,-3.173967
1500132858187,-7.7123084,-4.993133,-3.1643922
1500132858251,-7.7314577,-4.9739842,-3.1835413
1500132858316,-7.741032,-4.9835587,-3.1356685
1500132858380,-7.7314577,-4.993133,-3.126094
1500132858442,-7.7123084,-5.0314317,-3.1165195
1500132858506,-7.702734,-4.9835587,-3.0877957
1500132858570,-7.702734,-4.9739842,-3.0973704
1500132858634,-7.741032,-4.96441,-3.0973704
1500132858697,-7.741032,-4.954835,-3.126094
1500132858762,-7.7601814,-4.935686,-3.0686467
1500132858825,-7.7984796,-4.935686,-3.0303483
1500132858888,-7.9325233,-5.0505805,-3.039923
1500132858952,-7.855927,-5.088879,-2.9346027
1500132859016,-7.7984796,-4.926111,-2.8388572
1500132859080,-7.7601814,-4.6675982,-2.733537
1500132859143,-7.7506065,-4.5144053,-2.714388
1500132859207,-7.741032,-4.284616,-2.7048132
1500132859271,-7.741032,-4.275041,-2.7909844
1500132859334,-7.9899707,-4.236743,-3.0877957
1500132859398,-8.372953,-4.658024,-4.0931244
1500132859462,-8.794233,-4.7441945,-4.322914
1500132859526,-8.286782,-6.285699,-6.3431463
1500132859589,-6.5346375,-7.511243,-6.783576
1500132859653,-6.8601727,-7.501668,-6.7261286
1500132859717,-7.2240057,-7.1665583,-6.9654927
1500132859780,-7.281453,-5.9314404,-6.4484663
1500132859844,-6.975067,-4.9739842,-5.941015
1500132859908,-6.5346375,-4.1792955,-4.275041
1500132859972,-6.6878304,-3.8920588,-3.1835413
1500132860035,-6.5346375,-3.8920588,-3.7197168
1500132860099,-6.5729356,-2.3984275,-2.101616
1500132860163,-5.6633525,-4.2080193,-2.8292825
1500132860227,-6.2665496,-4.782493,-2.733537
1500132860290,-7.702734,-4.6675982,-2.0537431
1500132860354,-8.5740185,-4.811217,-2.647366
1500132860418,-8.2676325,-4.6675982,-3.1356685
1500132860482,-8.200611,-4.2463174,-2.3888528
1500132860545,-8.277207,-3.9782298,-1.7665064
1500132860609,-8.363379,-3.9016335,-1.9771467
1500132860673,-8.420826,-3.7005677,-1.6324625
1500132860736,-7.8846507,-3.4707782,-1.4026731
1500132860800,-8.229335,-3.2888615,-1.5079932
1500132860864,-8.957002,-3.8729098,-1.9675722
1500132860928,-9.052747,-4.303765,-2.513322
1500132860991,-8.55487,-4.428234,-2.800559
1500132861055,-8.32508,-4.303765,-2.475024
1500132861120,-8.420826,-4.0739756,-2.6090677
1500132861182,-8.506997,-3.9878044,-2.733537
1500132861246,-8.516571,-4.0644007,-2.475024
1500132861310,-8.506997,-4.08355,-2.3888528
1500132861373,-8.516571,-4.0931244,-2.3505547
1500132861437,-8.4686985,-4.131423,-2.2739582
1500132861501,-8.459125,-4.08355,-2.2356598
1500132861565,-8.478273,-4.0261025,-2.2356598
1500132861628,-8.516571,-4.0548263,-2.2260852
1500132861692,-8.430401,-4.0548263,-2.2069361
1500132861756,-8.411251,-4.0739756,-2.1973617
1500132861819,-8.34423,-4.150572,-2.2452345
1500132861883,-8.411251,-4.3133397,-2.2931073
1500132861947,-8.439975,-4.495256,-2.3697038
1500132862011,-8.382527,-4.5910015,-2.34098
1500132862074,-8.305931,-4.5622783,-2.2835326
1500132862139,-8.248484,-4.4473834,-2.1782124
1500132862202,-8.248484,-4.3612123,-2.168638
1500132862265,-8.210186,-4.322914,-2.0824668
1500132862329,-8.1623125,-4.3707867,-2.1782124
1500132862393,-8.21976,-4.4473834,-2.3122563
1500132862458,-8.315506,-4.5527034,-2.4654493
1500132862520,-8.363379,-4.6293,-2.5994933
1500132862584,-8.334655,-4.6867476,-2.5707695
1500132862648,-8.23891,-4.658024,-2.4845984
1500132862711,-8.200611,-4.581427,-2.3697038
1500132862776,-8.200611,-4.5335546,-2.3026817
1500132862839,-8.1623125,-4.5239797,-2.3122563
1500132862903,-8.21976,-4.5335546,-2.3314054
1500132862966,-8.2676325,-4.495256,-2.3984275
1500132863030,-8.315506,-4.4090853,-2.3697038
1500132863095,-8.334655,-4.3612123,-2.3697038
1500132863158,-8.334655,-4.351638,-2.360129
1500132863222,-8.334655,-4.3707867,-2.4175766
1500132863285,-8.2676325,-4.4473834,-2.3505547
1500132863349,-8.305931,-4.437809,-2.34098
1500132863413,-8.372953,-4.3707867,-2.3792782
1500132863476,-8.334655,-4.466532,-2.3697038
1500132863541,-8.191036,-4.5239797,-2.3984275
1500132863604,-8.277207,-4.5622783,-2.3314054
1500132863667,-8.229335,-4.6388745,-2.3888528
1500132863731,-8.143164,-4.6867476,-2.2835326
1500132863795,-8.133589,-4.7058964,-2.2452345
1500132863860,-8.181462,-4.7250457,-2.2931073
1500132863922,-8.171887,-4.73462,-2.3026817
1500132863986,-8.133589,-4.7537694,-2.3122563
1500132864050,-8.143164,-4.73462,-2.3314054
1500132864113,-8.085716,-4.696322,-2.3026817
1500132864177,-8.076141,-4.696322,-2.3026817
1500132864241,-8.143164,-4.7058964,-2.321831
1500132864304,-8.133589,-4.7441945,-2.408002
1500132864368,-8.066567,-4.7537694,-2.4367256
1500132864432,-8.095291,-4.772918,-2.561195
1500132864496,-8.018694,-4.868664,-2.561195
1500132864559,-8.076141,-4.8973875,-2.5324712
1500132864623,-8.095291,-4.8973875,-2.494173
1500132864687,-8.018694,-4.7920675,-2.513322
1500132864750,-8.056993,-4.8303657,-2.561195
1500132864814,-8.056993,-4.868664,-2.5037475
1500132864879,-8.037844,-4.849515,-2.5037475
1500132864942,-8.018694,-4.83994,-2.427151
1500132865005,-8.028269,-4.811217,-2.4558747
1500132865069,-8.095291,-4.811217,-2.494173
1500132865133,-8.066567,-4.772918,-2.494173
1500132865197,-8.133589,-4.7920675,-2.5324712
1500132865261,-8.104865,-4.7441945,-2.494173
1500132865325,-8.095291,-4.73462,-2.4654493
1500132865389,-8.085716,-4.73462,-2.475024
1500132865451,-8.104865,-4.7250457,-2.5228968
1500132865515,-8.104865,-4.7441945,-2.494173
1500132865579,-8.104865,-4.782493,-2.4845984
1500132865642,-8.085716,-4.73462,-2.5324712
1500132865706,-8.056993,-4.648449,-2.475024
1500132865770,-8.037844,-4.763344,-2.5420458
1500132865834,-8.095291,-4.648449,-2.5994933
1500132865897,-8.047418,-4.696322,-2.6856642
1500132865961,-8.095291,-4.8207912,-2.867581
1500132866026,-8.11444,-4.610151,-2.8963046
1500132866088,-8.066567,-4.4856815,-2.800559
1500132866152,-8.056993,-4.4856815,-2.7239625
1500132866216,-8.047418,-4.5144053,-2.7048132
1500132866280,-8.095291,-4.6005764,-2.7622607
1500132866344,-8.104865,-4.658024,-2.8580062
1500132866407,-8.085716,-4.610151,-2.867581
1500132866471,-8.095291,-4.5335546,-2.867581
1500132866534,-8.085716,-4.4856815,-2.905879
1500132866598,-8.085716,-4.5144053,-2.8963046
1500132866662,-8.095291,-4.5239797,-2.9250283
1500132866726,-8.066567,-4.5622783,-2.8963046
1500132866789,-8.1623125,-4.5910015,-2.9154537
1500132866853,-8.11444,-4.5622783,-2.88673
1500132866917,-8.11444,-4.5144053,-2.8771553
1500132866980,-8.037844,-4.5144053,-2.8484318
1500132867044,-8.028269,-4.543129,-2.867581
1500132867108,-8.095291,-4.5910015,-2.867581
1500132867172,-8.200611,-4.6867476,-2.9441774
1500132867235,-8.191036,-4.715471,-2.819708
1500132867300,-8.076141,-4.610151,-2.733537
1500132867363,-8.00912,-4.456958,-2.5994933
1500132867426,-8.066567,-4.4473834,-2.6377914
1500132867490,-8.104865,-4.5622783,-2.561195
1500132867554,-8.143164,-4.6005764,-2.7048132
1500132867618,-8.171887,-4.7441945,-2.9920502
1500132867682,-8.104865,-4.6388745,-2.494173
1500132867746,-8.018694,-4.610151,-2.494173
1500132867810,-7.999545,-4.543129,-2.4845984
1500132867873,-8.066567,-4.648449,-2.5707695
1500132867937,-8.133589,-4.7058964,-2.7239625
