1500080435196,-4.0931244,-0.99096704,8.382527
1500080435260,-3.997379,-2.0441687,8.44955
1500080435324,-4.8782387,1.2207564,8.382527
1500080435388,-4.0548263,0.8760723,8.621892
1500080435451,-4.1409974,-0.49308985,8.478273
1500080435516,-4.131423,-0.5792609,8.459125
1500080435579,-4.342063,0.043085523,8.497422
1500080435643,-4.1601467,0.11968201,8.535721
1500080435706,-4.150572,-0.7420284,8.44955
1500080435770,-4.4856815,-0.15798025,8.382527
1500080435834,-4.169721,1.14416,8.6697645
1500080435897,-4.2175937,-0.3877697,8.392102
1500080435961,-4.2463174,-0.17712937,8.478273
1500080436025,-4.284616,-0.110107444,8.430401
1500080436089,-4.275041,0.062234644,8.516571
1500080436152,-4.169721,-0.110107444,8.545295
1500080436216,-4.2941904,-0.081383765,8.459125
1500080436280,-4.2080193,-0.11968201,8.497422
1500080436343,-4.236743,0.12925656,8.478273
1500080436407,-4.236743,-0.20585304,8.5740185
1500080436471,-4.284616,-0.27287498,8.612317
1500080436535,-4.303765,-0.09095833,8.4686985
1500080436598,-4.801642,0.7228793,8.5740185
1500080436662,-4.4856815,1.14416,8.870831
1500080436726,-4.0644007,-1.6037389,7.549541
1500080436789,-4.466532,0.2154276,6.850598
1500080436853,-4.0739756,1.1920328,7.808054
1500080436917,-4.6388745,3.7484405,9.675094
1500080436981,-3.6622694,3.365458,7.922949
1500080437044,-4.1122737,-0.13883112,8.813383
1500080437108,-4.3133397,-0.54096264,8.258059
1500080437172,-4.7058964,1.8526775,8.459125
1500080437235,-3.4612036,-1.4218222,8.44955
1500080437299,-3.5760984,-0.6845811,9.215514
1500080437363,-3.4612036,-2.2356598,8.4686985
1500080437427,-3.8346114,-2.1782124,8.439975
1500080437490,-3.5760984,-3.1452432,8.248484
1500080437554,-3.3271596,-4.1601467,7.9420977
1500080437618,-3.193116,-4.1888704,8.018694
1500080437682,-3.0686467,-4.3612123,8.028269
1500080437745,-3.0494976,-4.389936,7.9803963
1500080437809,-3.078221,-4.4090853,7.961247
1500080437873,-2.9633265,-4.6005764,7.9325233
1500080437936,-2.800559,-4.437809,8.152739
1500080438000,-2.7909844,-4.4473834,8.2676325
1500080438064,-2.9250283,-4.658024,7.7123084
1500080438127,-3.1069448,-3.8633351,8.028269
1500080438191,-4.0261025,-1.2399056,9.138918
1500080438255,-2.9441774,-2.2739582,8.564445
1500080438318,-3.193116,-2.4654493,8.909128
1500080438382,-2.5516202,-0.28244954,9.675094
1500080438446,-2.408002,-0.9430942,8.66019
1500080438511,-1.709059,-1.862252,8.995299
1500080438574,-2.2835326,-0.3398969,9.924032
1500080438638,-2.5707695,0.22500217,9.320834
1500080438701,-2.733537,1.5750152,8.066567
1500080438766,-4.5527034,1.0292653,7.875076
1500080438828,-4.581427,2.360129,8.535721
1500080438893,-3.3750327,5.529309,6.3527207
1500080438956,-3.9782298,4.1122737,5.960164
1500080439020,-3.777164,1.0005416,7.6740103
1500080439084,-2.494173,8.506997,10.010203
1500080439148,-2.7909844,-1.0579889,9.033598
1500080439211,-4.887813,0.46436617,7.7984796
1500080439274,-3.6143966,-1.8335283,8.439975
1500080439338,-3.7867386,-3.039923,7.922949
1500080439402,-3.6526947,-1.3260766,8.822957
1500080439465,-3.6526947,-0.9430942,8.784659
1500080439529,-3.6335456,-1.6994845,8.526146
1500080439593,-3.518651,-1.1920328,8.909128
1500080439657,-3.7101421,-1.5367169,8.650616
1500080439720,-3.5760984,-1.1728836,8.6697645
1500080439784,-3.5378,-1.383524,8.650616
1500080439848,-3.5760984,-1.7473572,8.698488
1500080439911,-3.1356685,-1.7282082,8.937852
1500080439975,-3.2505634,-1.7186337,8.813383
1500080440039,-3.384607,-1.469695,8.794233
1500080440103,-3.4707782,-1.1154363,8.870831
1500080440166,-3.3367343,-1.7473572,8.755936
1500080440230,-3.5282254,-1.8431029,8.66019
1500080440294,-3.7101421,-1.6420372,8.650616
1500080440357,-3.6622694,-1.6133134,8.641041
1500080440421,-4.198445,-1.2207564,8.353804
1500080440486,-4.1122737,-1.2111819,8.641041
1500080440549,-4.495256,-1.4505459,8.286782
1500080440612,-4.5144053,-1.2973529,8.34423
1500080440676,-4.5527034,-1.4888442,8.248484
1500080440740,-4.772918,-1.5750152,8.191036
1500080440803,-5.1176023,-1.0579889,8.066567
1500080440867,-5.7686725,-1.3643749,7.6740103
1500080440931,-5.3186684,-1.2494801,7.999545
1500080440995,-5.452712,-1.4026731,7.808054
1500080441058,-5.692076,-1.2973529,7.46337
1500080441122,-6.103782,-1.0579889,7.3197513
1500080441186,-6.2761245,-1.0005416,7.3197513
1500080441249,-6.333572,-0.665432,7.3867736
1500080441313,-6.697405,-1.0484143,8.104865
1500080441377,-6.630383,-0.77075213,7.156984
1500080441441,-7.003791,-1.4888442,5.1176023
1500080441504,-6.850598,-0.42606795,5.988888
1500080441568,-7.2623043,0.5792609,5.7782474
1500080441632,-7.6069884,0.40691882,5.9314404
1500080441695,-7.5974135,-0.20585304,5.462287
1500080441759,-7.7506065,-0.39734426,4.456958
1500080441823,-8.085716,-0.71330476,4.3612123
1500080441887,-8.315506,-0.16755481,4.4186597
1500080441950,-8.870831,-0.49308985,3.7101421
1500080442014,-8.679339,-0.3398969,3.8920588
1500080442078,-9.445304,-0.8186249,3.5473747
1500080442141,-9.253813,-1.1250108,1.7473572
1500080442206,-9.54105,-1.0196906,3.4899273
1500080442269,-9.407005,-0.64628285,4.8207912
1500080442333,-8.813383,-1.948423,4.437809
1500080442396,-7.999545,-2.254809,4.1888704
1500080442460,-8.076141,-2.6090677,4.3995104
1500080442524,-8.765511,-2.513322,4.9069624
1500080442587,-9.608071,-1.8718265,4.8207912
1500080442651,-9.885734,-1.2973529,3.1452432
1500080442715,-9.272962,-0.49308985,0.9526688
1500080442779,-8.334655,-0.71330476,1.2399056
1500080442842,-8.143164,-1.7377827,1.1920328
1500080442906,-8.564445,-2.9537518,1.4792696
1500080442970,-9.071896,-3.3271596,3.0877957
1500080443033,-9.62722,-2.9824755,3.9590807
1500080443097,-9.96233,-1.7377827,2.321831
1500080443161,-9.502751,-1.3260766,1.7377827
1500080443225,-9.244238,-1.4984187,1.6611862
1500080443288,-9.024023,-2.1399143,1.5558661
1500080443352,-8.861256,-2.5228968,1.6420372
1500080443416,-8.641041,-2.561195,1.6037389
1500080443480,-8.755936,-2.6856642,1.7856555
1500080443543,-9.301685,-2.5420458,2.5899186
1500080443607,-9.349558,-2.1303396,2.8388572
1500080443671,-8.880404,-1.7569319,2.0920415
1500080443735,-8.746361,-1.5558661,1.2111819
1500080443798,-8.899554,-1.6133134,1.4984187
1500080443862,-9.512326,-2.1399143,2.5324712
1500080443926,-9.550624,-2.867581,2.8388572
1500080443989,-9.378282,-2.6377914,3.2792869
1500080444053,-9.100619,-2.4463003,2.9154537
1500080444117,-9.014449,-2.408002,2.3122563
1500080444181,-9.368708,-2.3792782,2.1303396
1500080444244,-9.426155,-2.0537431,1.6037389
1500080444308,-9.263388,-1.2016073,1.5462915
1500080444372,-9.110194,-1.2782038,1.7282082
1500080444435,-9.091045,-1.4505459,1.5462915
1500080444499,-9.100619,-1.5175679,1.7282082
1500080444563,-9.138918,-1.6994845,1.8814012
1500080444627,-9.330409,-1.5558661,2.1303396
1500080444690,-9.330409,-1.5367169,2.2260852
1500080444754,-9.359133,-1.6516117,2.3122563
1500080444818,-9.29211,-1.7569319,1.9579976
1500080444881,-9.29211,-1.6707608,1.948423
1500080444945,-9.29211,-1.4984187,1.862252
1500080445009,-9.272962,-1.4218222,1.9005502
1500080445073,-9.378282,-1.4601204,2.0250196
1500080445136,-9.368708,-1.4122477,2.475024
1500080445200,-9.100619,-1.4984187,2.8963046
1500080445264,-8.966576,-1.8239537,3.365458
1500080445328,-8.755936,-2.1399143,3.6622694
1500080445391,-8.755936,-2.4654493,3.7867386
1500080445456,-8.21976,-3.0494976,4.5527034
1500080445520,-7.7314577,-3.3750327,5.146326
1500080445582,-6.984642,-3.5473747,5.328243
1500080445647,-6.6208086,-3.346309,4.7058964
1500080445710,-7.348475,-2.9633265,3.844186
1500080445773,-8.679339,-2.513322,3.231414
1500080445837,-9.454879,-1.79523,2.733537
1500080445901,-9.454879,-1.1920328,2.5037475
1500080445965,-9.071896,0.26330042,1.3739494
1500080446028,-9.043172,-0.22500217,1.0867126
1500080446092,-9.167642,-0.28244954,0.5218136
1500080446156,-13.112361,-0.751603,6.7931504
1500080446220,-10.058076,-0.2920241,4.7920675
1500080446283,-8.34423,-2.5707695,2.800559
1500080446347,-9.119769,-1.8909757,2.666515
1500080446411,-9.100619,-0.5792609,3.0111992
1500080446475,-9.225089,-0.5888355,2.666515
1500080446538,-9.320834,-1.1633091,2.187787
1500080446602,-9.301685,-0.8760723,2.3314054
1500080446666,-9.18679,-0.85692316,2.647366
1500080446729,-9.20594,-1.1633091,2.513322
1500080446793,-9.301685,-0.9526688,2.3888528
1500080446857,-9.129343,-0.751603,2.9633265
1500080446920,-9.0814705,-1.3739494,3.2697124
1500080446984,-12.145329,-0.014361841,5.4239883
1500080447048,-14.567694,0.25372586,-1.4505459
1500080447112,-9.62722,3.690993,1.5558661
1500080447175,-9.110194,1.929274,3.3941817
1500080447239,-12.90172,-0.00478728,3.0016246
1500080447303,-13.294277,-1.2111819,3.777164
1500080447366,-12.030436,-1.4218222,3.3175852
1500080447430,-9.272962,-1.4122477,3.3750327
1500080447494,-7.616563,-1.4313968,3.7484405
1500080447558,-7.2240057,-2.321831,3.7292912
1500080447621,-7.0612383,-3.5760984,3.8633351
1500080447685,-6.9080453,-3.499502,4.0931244
1500080447749,-7.329326,-3.6431203,4.236743
1500080447812,-7.9133744,-3.173967,3.2792869
1500080447876,-8.631466,-3.193116,2.0920415
1500080447940,-10.048501,1.5558661,6.6591067
1500080448003,-8.957002,-2.494173,8.133589
1500080448067,-5.108028,-3.7292912,6.4676156
1500080448131,-4.0069537,2.5228968,10.0868
1500080448196,-4.7250457,-1.9196993,7.482519
1500080448258,-5.4718614,-1.8048047,7.0995364
1500080448322,-6.9559183,-1.8048047,6.3144226
1500080448386,-7.0325146,-3.059072,5.979313
1500080448450,-6.850598,-3.8729098,5.634629
1500080448513,-5.586756,-3.5760984,6.323997
1500080448578,-7.2240057,-4.303765,5.8931417
1500080448641,-7.961247,-0.27287498,6.3144226
1500080448704,-7.6740103,4.9835587,5.7208
1500080448769,-7.855927,0.77075213,5.787822
1500080448833,-8.152739,-0.5888355,7.089962
1500080448895,-5.4239883,-0.9430942,6.8601727
1500080448960,-4.6293,-1.4505459,5.8165455
1500080449024,-6.3431463,-0.2441513,4.658024
1500080449087,-7.35805,0.7994758,4.8782387
1500080449150,-10.479357,1.4792696,8.411251
1500080449215,-7.808054,0.8473486,8.55487
1500080449278,-7.2910275,1.1824582,6.639958
1500080449341,-6.3622956,0.9526688,5.2420716
1500080449405,-6.6208086,-0.22500217,5.873993
1500080449469,-5.7016506,-1.6420372,4.9069624
1500080449533,-5.1176023,-3.2026904,5.692076
1500080449596,-4.4473834,-4.476107,6.47719
1500080449660,-4.0548263,-4.8782387,6.5729356
1500080449724,-4.8590894,-3.4229054,7.0133657
1500080449787,-6.4005938,-2.3984275,7.204857
1500080449851,-7.875076,-0.5218136,6.7357035
1500080449915,-9.071896,0.665432,5.82612
1500080449979,-9.5889225,1.1920328,4.6005764
1500080450042,-9.550624,0.20585304,3.193116
1500080450106,-9.426155,-0.00478728,1.9196993
1500080450170,-13.323001,-0.54096264,7.6261373
1500080450234,-8.248484,-1.2590547,3.4420545
1500080450297,-8.794233,-1.7282082,3.0494976
1500080450361,-8.947427,-2.360129,2.7431116
1500080450425,-9.378282,-1.0005416,1.9771467
1500080450488,-9.512326,-0.93351966,1.469695
1500080450553,-9.493176,-1.1728836,1.3260766
1500080450616,-9.426155,-1.5079932,1.2399056
1500080450680,-9.54105,-1.0579889,1.0675635
1500080450752,-9.617646,-0.9622433,0.6750065
1500080450807,-9.569773,-1.0771381,0.6845811
1500080450871,-9.54105,-1.3356512,0.665432
1500080450935,-9.569773,-1.2686293,0.4835153
1500080450998,-9.560199,-1.2590547,0.56011176
1500080451062,-9.54105,-1.4409714,0.45479164
1500080451126,-9.560199,-1.3165021,0.54096264
1500080451189,-9.5219,-1.4218222,0.63670826
1500080451253,-9.5219,-1.4888442,0.56968635
1500080451317,-9.493176,-1.469695,0.7420284
1500080451381,-9.531475,-1.3739494,0.7420284
1500080451444,-9.531475,-1.3165021,0.665432
1500080451508,-9.655944,-0.8856468,0.7228793
1500080451572,-9.435729,-1.4792696,1.14416
1500080451635,-9.29211,-1.3548003,1.7473572
1500080451699,-9.445304,-1.0005416,1.6037389
1500080451763,-9.31126,-1.0771381,1.929274
1500080451827,-9.397431,-0.46436617,2.0250196
1500080451890,-9.426155,-0.5218136,1.8526775
1500080451954,-9.368708,-0.49308985,2.101616
1500080452018,-9.41658,-0.6558574,1.8718265
1500080452081,-9.349558,-0.8473486,2.0250196
1500080452145,-9.435729,-0.78990126,1.8335283
1500080452209,-9.301685,-1.14416,2.0728924
1500080452273,-9.225089,-1.2494801,2.254809
1500080452336,-9.368708,-1.14416,1.9005502
1500080452400,-9.464453,-1.2399056,1.3739494
1500080452464,-9.378282,-1.5654407,1.4409714
1500080452527,-9.41658,-1.469695,1.3452257
1500080452591,-9.454879,-1.469695,1.2686293
1500080452655,-9.464453,-1.4313968,1.2686293
1500080452719,-9.435729,-1.3643749,1.4505459
1500080452782,-9.397431,-1.709059,1.3165021
1500080452846,-9.3878565,-1.1633091,1.7569319
1500080452910,-9.435729,-1.3069274,1.5462915
1500080452973,-9.234664,-1.0962871,2.2931073
1500080453037,-9.110194,-1.0771381,2.7622607
1500080453101,-9.2825365,-1.0005416,2.3122563
1500080453166,-9.177217,-1.2207564,2.513322
1500080453228,-9.215514,-1.5941644,2.2069361
1500080453292,-9.301685,-1.2973529,2.1590633
1500080453356,-9.062322,-1.776081,2.513322
1500080453419,-9.225089,-1.2973529,2.3314054
1500080453483,-9.339984,-1.4601204,1.9579976
1500080453547,-9.158067,-1.776081,2.2260852
1500080453611,-9.31126,-1.4601204,1.9962958
1500080453674,-9.2825365,-1.5941644,1.9962958
1500080453738,-9.215514,-1.622888,2.187787
1500080453802,-9.253813,-1.4888442,2.1590633
1500080453865,-9.167642,-1.5175679,2.3792782
1500080453929,-9.091045,-1.2399056,2.8101335
1500080453993,-9.167642,-1.0675635,2.6760898
1500080454057,-9.148493,-1.2016073,2.6952388
1500080454120,-9.138918,-1.3260766,2.5994933
1500080454184,-9.301685,-1.0771381,2.0633178
1500080454248,-9.339984,-1.1154363,1.9005502
1500080454311,-9.368708,-1.2207564,1.776081
1500080454375,-9.435729,-1.0962871,1.622888
1500080454439,-9.445304,-1.0962871,1.5845897
1500080454503,-9.3878565,-1.3260766,1.622888
1500080454566,-9.407005,-1.2590547,1.5654407
1500080454630,-9.426155,-1.1633091,1.5367169
1500080454694,-9.435729,-1.1154363,1.5750152
1500080454757,-9.349558,-1.2303311,1.7856555
1500080454821,-9.464453,-0.8281995,1.709059
1500080454885,-9.435729,-0.8856468,1.709059
1500080454949,-9.31126,-1.0005416,2.0824668
1500080455012,-9.368708,-0.93351966,1.9675722
1500080455076,-9.225089,-0.7420284,2.5420458
1500080455140,-9.244238,-0.85692316,2.4558747
1500080455203,-9.167642,-0.9526688,2.6856642
1500080455267,-9.100619,-0.9622433,2.88673
1500080455331,-9.033598,-0.99096704,3.0303483
1500080455395,-8.947427,-1.0388398,3.2601378
1500080455458,-8.880404,-1.1824582,3.384607
1500080455522,-8.870831,-0.8952214,3.518651
1500080455586,-8.708063,-1.3165021,3.7675896
1500080455650,-8.688913,-1.2399056,3.8537605
1500080455714,-8.66019,-1.2016073,3.9207826
1500080455777,-8.55487,-1.2399056,4.1026993
1500080455849,-8.535721,-1.1058618,4.1601467
1500080455904,-8.55487,-1.0771381,4.1792955
1500080455968,-8.526146,-1.2111819,4.1888704
1500080456032,-8.564445,-1.1824582,4.0931244
1500080456096,-8.593168,-1.2207564,4.045252
1500080456159,-8.612317,-1.2494801,4.0069537
1500080456223,-8.6697645,-1.2399056,3.9016335
1500080456287,-8.688913,-1.3356512,3.777164
1500080456350,-8.708063,-1.2782038,3.7484405
1500080456414,-8.794233,-1.1824582,3.6239712
1500080456478,-8.794233,-1.2016073,3.604822
1500080456541,-8.813383,-1.2016073,3.5665238
1500080456605,-8.842107,-1.14416,3.5090764
1500080456669,-8.861256,-1.2016073,3.4324799
1500080456733,-8.909128,-1.0675635,3.384607
1500080456796,-8.937852,-1.3452257,3.1643922
1500080456860,-9.033598,-1.2399056,2.9633265
1500080456924,-9.100619,-1.1537346,2.819708
1500080456988,-9.052747,-1.2877784,2.8771553
1500080457051,-9.100619,-1.1537346,2.8292825
1500080457115,-9.138918,-1.1633091,2.7048132
1500080457179,-9.119769,-1.2877784,2.7048132
1500080457242,-9.18679,-1.1345854,2.561195
1500080457306,-9.177217,-1.1920328,2.580344
1500080457370,-9.18679,-1.1824582,2.5228968
1500080457434,-9.215514,-1.1154363,2.4463003
1500080457497,-9.20594,-1.0675635,2.4845984
1500080457561,-9.244238,-1.0579889,2.3697038
1500080457625,-9.272962,-1.0005416,2.2739582
1500080457689,-9.263388,-1.0867126,2.2739582
1500080457752,-9.29211,-0.99096704,2.2069361
1500080457816,-9.330409,-0.9430942,2.1111906
1500080457880,-9.330409,-1.0196906,2.0633178
1500080457943,-9.349558,-0.98139244,1.9771467
1500080458007,-9.368708,-1.0196906,1.929274
1500080458071,-9.359133,-1.0101161,1.9196993
1500080458135,-9.368708,-0.98139244,1.8909757
1500080458198,-9.378282,-1.0771381,1.8718265
1500080458262,-9.31126,-1.0196906,2.0728924
1500080458326,-9.330409,-0.9622433,2.034594
1500080458389,-9.359133,-0.98139244,2.015445
1500080458453,-9.320834,-1.0292653,2.0728924
1500080458517,-9.31126,-1.0675635,2.0824668
1500080458581,-9.339984,-0.98139244,2.0728924
1500080458645,-9.301685,-1.0962871,2.101616
1500080458708,-9.31126,-1.0388398,2.1111906
1500080458772,-9.31126,-1.0675635,2.1303396
1500080458836,-9.301685,-1.0962871,2.1303396
1500080458899,-9.320834,-1.0388398,2.1111906
1500080458963,-9.29211,-1.1058618,2.168638
1500080459026,-9.29211,-1.0962871,2.187787
1500080459091,-9.29211,-1.0771381,2.168638
1500080459155,-9.29211,-1.0867126,2.187787
1500080459219,-9.31126,-1.0579889,2.1207652
1500080459281,-9.31126,-1.0962871,2.1207652
1500080459345,-9.31126,-1.1250108,2.1111906
1500080459409,-9.31126,-1.0579889,2.101616
1500080459472,-9.31126,-1.0962871,2.0920415
1500080459536,-9.301685,-1.0867126,2.1303396
1500080459600,-9.320834,-1.0579889,2.0728924
1500080459664,-9.301685,-1.0962871,2.1207652
1500080459727,-9.330409,-1.0771381,2.0537431
1500080459791,-9.339984,-1.0771381,2.034594
1500080459855,-9.320834,-1.0292653,2.0920415
1500080459918,-9.301685,-1.0771381,2.149489
1500080459982,-9.29211,-1.0579889,2.168638
1500080460046,-9.320834,-1.0771381,2.101616
1500080460111,-9.301685,-1.0962871,2.1111906
1500080460174,-9.263388,-1.2303311,2.1782124
1500080460237,-9.29211,-1.0771381,2.149489
1500080460301,-9.339984,-1.0579889,2.0728924
1500080460365,-9.31126,-1.1728836,2.0728924
1500080460428,-9.349558,-1.1250108,1.948423
1500080460492,-9.339984,-1.0675635,2.0441687
1500080460556,-9.320834,-1.0484143,2.1399143
1500080460619,-9.272962,-1.1154363,2.2356598
1500080460683,-9.272962,-1.0675635,2.321831
1500080460747,-9.18679,-1.0005416,2.580344
1500080460811,-9.091045,-1.2590547,2.7718353
1500080460874,-9.129343,-1.0675635,2.7431116
1500080460947,-9.110194,-1.1345854,2.7909844
1500080461002,-9.148493,-1.1728836,2.6377914
1500080461065,-9.138918,-1.0771381,2.733537
1500080461129,-9.129343,-1.1537346,2.7239625
1500080461193,-9.138918,-1.0962871,2.733537
1500080461256,-9.158067,-1.0388398,2.6952388
1500080461320,-9.158067,-1.1250108,2.666515
1500080461384,-9.196365,-0.8760723,2.6377914
1500080461448,-9.196365,-0.99096704,2.6282167
1500080461511,-9.225089,-0.92394507,2.580344
1500080461575,-9.158067,-1.2111819,2.5899186
1500080461639,-9.196365,-1.1058618,2.5324712
1500080461702,-9.225089,-0.9718179,2.4845984
1500080461766,-9.215514,-1.0196906,2.5420458
1500080461830,-9.215514,-1.0771381,2.5037475
1500080461894,-9.20594,-1.1345854,2.4845984
1500080461957,-9.253813,-0.85692316,2.4845984
1500080462021,-9.167642,-1.2590547,2.4558747
1500080462085,-9.2825365,-1.0675635,2.3026817
1500080462148,-9.301685,-1.0962871,2.1782124
1500080462212,-9.301685,-1.2686293,2.1590633
1500080462276,-9.234664,-1.3643749,2.2835326
1500080462340,-9.253813,-1.4888442,2.2069361
1500080462403,-9.138918,-1.7377827,2.3697038
1500080462467,-9.301685,-1.4984187,2.2165108
1500080462531,-9.359133,-1.2207564,2.1303396
1500080462594,-9.138918,-1.7569319,2.2739582
1500080462658,-9.31126,-1.5271424,2.0824668
1500080462722,-9.215514,-1.4218222,2.1399143
1500080462786,-9.2825365,-1.3548003,2.187787
1500080462849,-9.2825365,-1.3739494,2.1590633
1500080462913,-9.158067,-1.2207564,1.9867213
1500080462977,-9.167642,-1.0867126,2.1399143
1500080463041,-9.31126,-1.2303311,2.2356598
1500080463104,-9.225089,-1.0675635,2.4654493
1500080463168,-9.148493,-0.8473486,2.5707695
1500080463232,-9.339984,-0.9526688,2.5324712
1500080463295,-9.20594,-1.0005416,2.475024
1500080463359,-9.359133,-0.7324539,2.3984275
1500080463423,-9.225089,-0.8473486,2.34098
1500080463486,-9.320834,-0.8186249,2.3697038
1500080463550,-9.339984,-0.76117754,2.3697038
1500080463614,-9.2825365,-0.8760723,2.3122563
1500080463678,-9.263388,-0.93351966,2.3888528
1500080463741,-9.196365,-0.9430942,2.5516202
1500080463805,-9.29211,-0.9430942,2.3026817
1500080463869,-9.263388,-0.8952214,2.3888528
1500080463933,-9.263388,-1.0005416,2.3792782
1500080463996,-9.253813,-1.3356512,2.187787
1500080464060,-9.225089,-1.2782038,2.360129
1500080464124,-9.2825365,-1.1154363,2.3314054
1500080464187,-9.2825365,-1.3452257,2.360129
1500080464251,-9.454879,-1.0005416,2.321831
1500080464315,-10.450633,-1.4026731,2.800559
1500080464378,-10.546378,-0.13883112,2.3505547
1500080464442,-7.3389006,-0.49308985,0.49308985
1500080464506,-6.094208,-1.2494801,2.752686
1500080464570,-9.464453,-6.2952733,4.0739756
1500080464633,-11.36979,0.77075213,2.8771553
1500080464697,-8.918703,-0.7994758,1.6803354
1500080464761,-9.31126,-1.469695,2.4654493
1500080464825,-9.263388,-1.3930986,2.427151
1500080464888,-9.560199,-1.383524,2.2835326
1500080464952,-9.684668,-1.0388398,2.3314054
1500080465016,-9.837861,-1.2877784,3.499502
1500080465079,-8.822957,0.512239,0.85692316
1500080465144,-6.850598,-0.7994758,1.4792696
1500080465207,-10.354887,-1.0101161,3.0111992
1500080465271,-10.19212,0.6271337,2.5994933
1500080465334,-8.909128,-1.9196993,2.5037475
1500080465398,-9.426155,-1.0388398,2.149489
1500080465462,-9.349558,-1.2686293,2.4845984
1500080465525,-9.263388,-1.8048047,2.513322
1500080465589,-9.502751,-0.110107444,2.5994933
1500080465653,-9.435729,-2.5324712,3.1452432
1500080465717,-8.076141,-0.014361841,1.3739494
1500080465780,-9.129343,-0.8856468,1.4792696
1500080465845,-10.287866,-1.3165021,2.867581
1500080465909,-9.263388,-1.4218222,2.4654493
1500080465972,-9.397431,-1.1633091,2.4558747
1500080466036,-8.861256,-1.0388398,2.4175766
1500080466099,-8.909128,-1.6420372,2.905879
1500080466163,-9.244238,-1.0675635,2.475024
1500080466226,-9.272962,-1.7377827,3.671844
1500080466290,-8.028269,-1.7377827,3.4133308
1500080466354,-9.2825365,-1.2973529,0.7420284
1500080466418,-9.770839,-1.5079932,2.7909844
1500080466481,-9.0814705,-1.383524,2.9154537
1500080466545,-8.717637,-1.6611862,2.905879
1500080466608,-9.062322,-1.5941644,2.8771553
1500080466672,-9.215514,-1.6133134,2.666515
1500080466736,-9.215514,-1.5271424,2.5228968
1500080466800,-9.091045,-1.9196993,2.6377914
1500080466863,-9.119769,-1.5079932,2.6377914
1500080466927,-9.119769,-1.8814012,2.513322
1500080466991,-8.995299,-1.9962958,2.6856642
1500080467055,-8.918703,-2.0633178,2.9346027
1500080467118,-8.909128,-1.9101248,2.8580062
1500080467182,-9.043172,-2.0920415,2.5324712
1500080467246,-9.225089,-1.7856555,2.321831
1500080467309,-9.043172,-1.9867213,2.6186423
1500080467373,-9.004874,-2.101616,2.666515
1500080467437,-9.091045,-1.9196993,2.4367256
1500080467501,-9.024023,-2.0250196,2.6186423
1500080467564,-9.014449,-1.9579976,2.647366
1500080467628,-9.167642,-1.776081,2.360129
1500080467692,-9.129343,-1.8048047,2.360129
1500080467755,-9.138918,-1.8239537,2.34098
1500080467819,-9.091045,-2.149489,2.3505547
1500080467883,-9.091045,-1.9771467,2.321831
1500080467947,-9.20594,-1.8143792,2.0728924
1500080468010,-9.378282,-1.4888442,1.709059
1500080468074,-9.41658,-1.2877784,1.6420372
1500080468138,-9.378282,-1.4888442,1.6611862
1500080468202,-9.330409,-1.8814012,1.6133134
1500080468265,-9.244238,-1.2590547,2.3026817
1500080468329,-9.215514,-1.3260766,2.3314054
1500080468393,-9.359133,-1.7569319,1.6037389
1500080468456,-9.320834,-1.3165021,1.9867213
1500080468520,-9.253813,-1.5750152,2.0441687
1500080468584,-9.301685,-1.622888,1.9101248
1500080468648,-9.339984,-1.1824582,2.0441687
1500080468711,-9.330409,-1.2686293,1.9579976
1500080468776,-9.253813,-1.6324625,2.0633178
1500080468839,-9.263388,-1.4984187,2.149489
1500080468902,-9.20594,-1.4984187,2.2931073
1500080468966,-9.244238,-1.4888442,2.1590633
1500080469031,-9.244238,-1.7569319,2.1399143
1500080469094,-9.502751,-0.93351966,2.4845984
1500080469158,-9.75169,-1.3548003,2.2835326
1500080469221,-8.1623125,-3.5856729,3.2601378
1500080469284,-9.043172,-2.1303396,2.101616
1500080469348,-8.966576,-0.44521707,0.54096264
1500080469412,-7.846352,-2.6856642,4.0069537
1500080469476,-10.220843,-1.622888,2.5516202
1500080469539,-9.043172,-1.7377827,1.9867213
1500080469603,-9.177217,-2.2643836,2.1973617
1500080469667,-9.043172,-2.3314054,2.4463003
1500080469730,-9.091045,-2.6090677,1.929274
1500080469794,-9.024023,-2.5516202,2.2069361
1500080469858,-9.0814705,-2.4558747,2.1111906
1500080469922,-9.100619,-2.4175766,2.015445
1500080469985,-9.148493,-2.3314054,1.9005502
1500080470049,-9.138918,-2.3026817,1.9867213
1500080470113,-9.100619,-2.360129,2.0537431
1500080470177,-9.20594,-2.1111906,1.9196993
1500080470240,-9.234664,-2.034594,1.8048047
1500080470304,-9.215514,-1.9962958,1.9196993
1500080470368,-9.253813,-1.9005502,1.8909757
1500080470432,-9.29211,-1.8143792,1.776081
1500080470495,-9.301685,-1.7569319,1.8335283
1500080470559,-9.31126,-1.6994845,1.8335283
1500080470623,-9.177217,-1.79523,2.2452345
1500080470686,-9.397431,-1.4026731,1.79523
1500080470750,-9.29211,-1.4888442,2.1590633
1500080470814,-9.215514,-1.1058618,2.1303396
1500080470877,-9.138918,-1.6133134,2.2643836
1500080470942,-9.253813,-1.2877784,2.187787
1500080471006,-9.397431,-1.1345854,1.9196993
1500080471069,-9.31126,-1.3260766,2.0441687
1500080471132,-9.225089,-1.4792696,2.2452345
1500080471196,-9.244238,-1.4601204,2.149489
1500080471261,-9.320834,-1.3356512,1.9579976
1500080471324,-9.31126,-1.3739494,1.9675722
1500080471388,-9.263388,-1.4792696,2.1399143
1500080471451,-9.263388,-1.5941644,2.0728924
1500080471515,-9.31126,-1.3452257,1.9962958
1500080471578,-9.339984,-1.2973529,1.9196993
1500080471642,-9.263388,-1.5845897,2.0920415
1500080471706,-9.244238,-1.6516117,2.0537431
1500080471769,-9.2825365,-1.5462915,1.9962958
1500080471833,-9.301685,-1.4984187,1.9675722
1500080471897,-9.2825365,-1.5367169,2.0250196
1500080471960,-9.234664,-1.5558661,2.0920415
1500080472024,-9.244238,-1.6037389,2.0920415
1500080472088,-9.301685,-1.4505459,1.9962958
1500080472152,-9.29211,-1.4601204,1.9962958
1500080472215,-9.263388,-1.6133134,2.0058703
1500080472279,-9.29211,-1.4984187,1.9867213
1500080472343,-9.29211,-1.5750152,1.948423
1500080472407,-9.272962,-1.622888,1.9771467
1500080472470,-9.2825365,-1.6037389,1.948423
1500080472534,-9.272962,-1.6899099,1.9388485
1500080472598,-9.272962,-1.6516117,1.9771467
1500080472661,-9.225089,-1.7856555,2.034594
1500080472725,-9.244238,-1.6899099,2.0537431
1500080472789,-9.215514,-1.7186337,2.0728924
1500080472852,-9.20594,-1.7377827,2.1399143
1500080472916,-9.225089,-1.776081,2.1111906
1500080472980,-9.215514,-1.709059,2.1303396
1500080473044,-9.244238,-1.6707608,2.0824668
1500080473107,-9.215514,-1.8335283,2.0633178
1500080473171,-9.215514,-1.7473572,2.1207652
1500080473235,-9.167642,-1.9675722,2.1303396
1500080473298,-9.225089,-1.8143792,2.034594
1500080473362,-9.196365,-1.9388485,2.0633178
1500080473426,-9.225089,-1.8909757,1.9962958
1500080473490,-9.29211,-1.7473572,1.8814012
1500080473553,-9.18679,-1.9771467,2.015445
1500080473617,-9.20594,-1.9196993,2.0058703
1500080473681,-9.244238,-1.862252,1.9388485
1500080473745,-9.244238,-1.8814012,1.948423
1500080473808,-9.215514,-1.9101248,1.9675722
1500080473872,-9.253813,-1.862252,1.9005502
1500080473936,-9.20594,-1.9962958,1.9196993
1500080473999,-9.253813,-1.79523,1.862252
1500080474063,-9.272962,-1.8239537,1.8431029
1500080474127,-9.225089,-1.9675722,1.9101248
1500080474191,-9.253813,-1.8335283,1.9005502
1500080474254,-9.225089,-1.9579976,1.9101248
1500080474318,-9.2825365,-1.8048047,1.862252
1500080474382,-9.263388,-1.8143792,1.862252
1500080474445,-9.18679,-1.9675722,2.0250196
1500080474509,-9.253813,-1.776081,1.9579976
1500080474573,-9.272962,-1.8048047,1.9005502
1500080474637,-9.20594,-1.862252,2.0441687
1500080474700,-9.196365,-1.8526775,2.0633178
1500080474764,-9.29211,-1.6707608,1.8814012
1500080474828,-9.225089,-1.8143792,1.9962958
1500080474891,-9.215514,-1.862252,1.9962958
1500080474955,-9.263388,-1.7856555,1.8814012
1500080475019,-9.263388,-1.7569319,1.9388485
1500080475083,-9.225089,-1.9388485,1.9196993
1500080475146,-9.234664,-1.8814012,1.9196993
1500080475210,-9.215514,-1.8239537,1.9771467
1500080475274,-9.244238,-1.7665064,1.948423
1500080475338,-9.301685,-1.776081,1.7282082
1500080475401,-9.244238,-1.8143792,1.9005502
1500080475465,-9.244238,-1.8143792,1.8909757
1500080475529,-9.301685,-1.7856555,1.7856555
1500080475592,-9.253813,-1.8814012,1.7856555
1500080475656,-9.320834,-1.7856555,1.6611862
1500080475720,-9.244238,-1.8909757,1.8335283
1500080475784,-9.20594,-1.9771467,1.929274
1500080475847,-9.330409,-1.776081,1.6611862
1500080475911,-9.272962,-1.7856555,1.7856555
1500080475975,-9.234664,-1.8526775,1.8335283
1500080476039,-9.368708,-1.7665064,1.4984187
1500080476102,-9.301685,-1.79523,1.6803354
1500080476166,-9.301685,-1.776081,1.6899099
1500080476230,-9.320834,-1.776081,1.6707608
1500080476293,-9.349558,-1.6803354,1.6324625
1500080476357,-9.20594,-1.9388485,1.9101248
1500080476430,-9.2825365,-1.7186337,1.8431029
1500080476485,-9.320834,-1.6420372,1.7665064
1500080476548,-9.244238,-1.8526775,1.9005502
1500080476612,-9.29211,-1.7569319,1.7856555
1500080476676,-9.320834,-1.6899099,1.7282082
1500080476739,-9.2825365,-1.6899099,1.8526775
1500080476803,-9.244238,-1.7282082,1.9675722
1500080476867,-9.320834,-1.7186337,1.7186337
1500080476931,-9.339984,-1.5941644,1.6899099
1500080476994,-9.320834,-1.622888,1.7569319
1500080477058,-9.301685,-1.7282082,1.7665064
1500080477122,-9.301685,-1.6899099,1.8143792
1500080477186,-9.301685,-1.6707608,1.79523
1500080477249,-9.31126,-1.6899099,1.7856555
1500080477313,-9.320834,-1.6899099,1.7186337
1500080477377,-9.301685,-1.5941644,1.7856555
1500080477440,-9.339984,-1.5079932,1.776081
1500080477504,-9.349558,-1.5750152,1.709059
1500080477568,-9.320834,-1.6516117,1.7377827
1500080477632,-9.272962,-1.6420372,1.8718265
1500080477695,-9.320834,-1.5367169,1.7856555
1500080477759,-9.339984,-1.6133134,1.709059
1500080477823,-9.359133,-1.4888442,1.7282082
1500080477886,-9.2825365,-1.79523,1.776081
1500080477950,-9.330409,-1.5750152,1.7473572
1500080478014,-9.339984,-1.5367169,1.7473572
1500080478078,-9.330409,-1.5941644,1.7569319
1500080478141,-9.29211,-1.6707608,1.8431029
1500080478206,-9.31126,-1.6324625,1.776081
1500080478269,-9.330409,-1.6324625,1.7282082
1500080478332,-9.31126,-1.5941644,1.8048047
1500080478396,-9.29211,-1.8143792,1.7569319
1500080478460,-9.301685,-1.6803354,1.7665064
1500080478525,-9.349558,-1.6516117,1.6803354
1500080478587,-9.272962,-1.776081,1.8048047
1500080478651,-9.301685,-1.6516117,1.8143792
1500080478715,-9.330409,-1.5941644,1.7473572
1500080478778,-9.31126,-1.6994845,1.7377827
1500080478842,-9.31126,-1.6707608,1.7473572
1500080478906,-9.29211,-1.709059,1.7856555
1500080478970,-9.301685,-1.6707608,1.776081
1500080479033,-9.339984,-1.5941644,1.7377827
1500080479097,-9.2825365,-1.6707608,1.8431029
1500080479161,-9.2825365,-1.6899099,1.8335283
1500080479225,-9.31126,-1.6516117,1.8335283
1500080479288,-9.263388,-1.7186337,1.929274
1500080479352,-9.29211,-1.6037389,1.8814012
1500080479416,-9.301685,-1.6420372,1.8335283
1500080479479,-9.330409,-1.5175679,1.8526775
1500080479543,-9.234664,-1.7377827,1.9675722
1500080479607,-9.234664,-1.7377827,1.9771467
1500080479671,-9.2825365,-1.5941644,1.929274
1500080479734,-9.29211,-1.6133134,1.9005502
1500080479798,-9.330409,-1.5941644,1.8335283
1500080479862,-9.301685,-1.5271424,1.8814012
1500080479925,-9.263388,-1.5941644,1.9579976
1500080479989,-9.301685,-1.6037389,1.929274
1500080480053,-9.31126,-1.5367169,1.9005502
1500080480117,-9.253813,-1.5941644,2.0441687
1500080480180,-9.215514,-1.5654407,2.187787
1500080480244,-9.29211,-1.383524,2.0633178
1500080480308,-9.234664,-1.6133134,2.0441687
1500080480371,-9.2825365,-1.3548003,2.0728924
1500080480435,-9.2825365,-1.6133134,1.9771467
1500080480499,-9.31126,-1.5750152,1.8814012
1500080480563,-9.31126,-1.4505459,1.9101248
1500080480626,-9.263388,-1.6611862,1.9962958
1500080480690,-9.2825365,-1.4888442,1.9388485
1500080480754,-9.2825365,-1.622888,1.9388485
1500080480817,-9.244238,-1.7186337,2.0058703
1500080480881,-9.31126,-1.6037389,1.8143792
1500080480945,-9.349558,-1.5271424,1.7665064
1500080481009,-9.301685,-1.6611862,1.8239537
1500080481072,-9.234664,-1.7569319,1.9579976
1500080481137,-9.2825365,-1.7377827,1.8431029
1500080481200,-9.301685,-1.6994845,1.8239537
1500080481263,-9.29211,-1.6994845,1.8431029
1500080481327,-9.301685,-1.7569319,1.7569319
1500080481391,-9.301685,-1.7186337,1.79523
1500080481455,-9.31126,-1.709059,1.776081
1500080481519,-9.301685,-1.6899099,1.776081
1500080481582,-9.272962,-1.7282082,1.862252
1500080481646,-9.301685,-1.6899099,1.8335283
1500080481710,-9.272962,-1.7569319,1.862252
1500080481773,-9.272962,-1.7473572,1.8718265
1500080481837,-9.2825365,-1.709059,1.8526775
1500080481901,-9.272962,-1.7377827,1.8526775
1500080481964,-9.330409,-1.5845897,1.7665064
1500080482028,-9.2825365,-1.6803354,1.8431029
1500080482092,-9.2825365,-1.7473572,1.8526775
1500080482155,-9.2825365,-1.709059,1.8718265
1500080482219,-9.2825365,-1.6516117,1.862252
1500080482283,-9.301685,-1.6611862,1.8431029
1500080482347,-9.301685,-1.7186337,1.7856555
1500080482410,-9.320834,-1.5654407,1.79523
1500080482474,-9.2825365,-1.6899099,1.8431029
1500080482538,-9.272962,-1.7569319,1.862252
1500080482601,-9.320834,-1.5941644,1.8048047
1500080482665,-9.2825365,-1.6994845,1.8718265
1500080482729,-9.253813,-1.7377827,1.9579976
1500080482793,-9.29211,-1.6516117,1.8431029
1500080482856,-9.263388,-1.7377827,1.9101248
1500080482920,-9.2825365,-1.6803354,1.8814012
1500080482984,-9.29211,-1.6516117,1.8335283
1500080483047,-9.272962,-1.7473572,1.9101248
1500080483111,-9.272962,-1.7282082,1.8814012
1500080483175,-9.2825365,-1.6994845,1.8909757
1500080483239,-9.29211,-1.6420372,1.9005502
1500080483302,-9.263388,-1.7665064,1.9101248
1500080483366,-9.29211,-1.6420372,1.862252
1500080483430,-9.301685,-1.5750152,1.8335283
1500080483493,-9.263388,-1.7377827,1.9196993
1500080483557,-9.2825365,-1.6420372,1.9005502
1500080483621,-9.29211,-1.622888,1.862252
1500080483685,-9.263388,-1.6611862,1.9196993
1500080483748,-9.31126,-1.5941644,1.8335283
1500080483812,-9.2825365,-1.7186337,1.8814012
1500080483876,-9.2825365,-1.7569319,1.8431029
1500080483939,-9.263388,-1.776081,1.8718265
1500080484003,-9.215514,-1.8431029,1.9962958
1500080484067,-9.225089,-1.8526775,1.9196993
1500080484131,-9.31126,-1.8526775,1.6516117
1500080484195,-9.234664,-2.1111906,1.7377827
1500080484258,-9.29211,-1.9196993,1.6707608
1500080484322,-9.138918,-2.254809,1.9101248
1500080484385,-9.177217,-2.3314054,1.7569319
1500080484449,-9.320834,-2.149489,1.3260766
1500080484513,-9.215514,-2.2931073,1.5750152
1500080484577,-9.119769,-2.561195,1.6803354
1500080484640,-9.263388,-2.2260852,1.5175679
1500080484704,-9.320834,-2.149489,1.3930986
1500080484768,-9.158067,-2.4845984,1.6133134
1500080484832,-9.244238,-2.187787,1.6324625
1500080484895,-9.301685,-1.8431029,1.6994845
1500080484959,-9.129343,-2.2260852,1.9579976
1500080485023,-9.18679,-2.0250196,2.0058703
1500080485086,-9.263388,-1.8335283,1.9196993
1500080485150,-9.177217,-1.7856555,2.1399143
1500080485214,-9.330409,-1.4792696,1.8814012
1500080485278,-9.407005,-1.3452257,1.9388485
1500080485341,-9.474028,-1.3548003,2.2356598
1500080485405,-9.598496,-1.4984187,2.2452345
1500080485469,-9.876159,-1.2494801,2.2260852
1500080485532,-9.54105,-1.4218222,2.101616
1500080485596,-8.420826,-0.91437054,1.4122477
1500080485660,-7.5974135,-0.98139244,1.929274
1500080485724,-8.085716,-4.4473834,3.518651
1500080485787,-10.19212,-0.32074776,2.187787
1500080485851,-10.105948,-0.8473486,2.5899186
1500080485915,-9.158067,-1.8718265,1.6324625
1500080485978,-9.474028,-0.9718179,1.6803354
1500080486042,-9.5219,-1.1633091,1.4313968
1500080486106,-9.41658,-1.4026731,1.5941644
1500080486170,-9.550624,-1.4122477,1.5175679
1500080486233,-10.000628,-0.93351966,1.1154363
1500080486297,-9.98148,-0.751603,1.776081
1500080486361,-8.947427,-1.3069274,1.79523
1500080486425,-7.846352,-1.2016073,1.5079932
1500080486488,-8.583593,-0.665432,1.2686293
1500080486552,-11.15915,-1.0771381,2.5420458
1500080486616,-9.320834,-1.383524,1.5558661
1500080486679,-9.349558,-1.4122477,1.6611862
1500080486743,-9.407005,-1.1633091,1.6516117
1500080486807,-9.407005,-1.3356512,1.4601204
1500080486870,-9.550624,-1.0196906,1.2782038
1500080486934,-9.512326,-0.99096704,1.3739494
1500080486998,-9.349558,-1.5079932,1.6611862
1500080487062,-9.359133,-1.5558661,1.5750152
1500080487125,-9.41658,-1.3069274,1.5654407
1500080487189,-9.368708,-1.4218222,1.6324625
1500080487253,-9.435729,-1.2686293,1.5271424
1500080487316,-9.426155,-1.2494801,1.6037389
1500080487380,-9.301685,-1.5750152,1.7665064
1500080487444,-9.320834,-1.5558661,1.7186337
1500080487508,-9.378282,-1.2494801,1.7186337
1500080487571,-9.339984,-1.5558661,1.6899099
1500080487635,-9.407005,-1.383524,1.6037389
1500080487699,-9.454879,-1.1824582,1.469695
1500080487762,-9.378282,-1.469695,1.5750152
1500080487826,-9.339984,-1.4313968,1.6803354
1500080487890,-9.3878565,-1.3548003,1.5558661
1500080487954,-9.474028,-1.1728836,1.4601204
1500080488017,-9.397431,-1.4409714,1.5558661
1500080488081,-9.397431,-1.3930986,1.5462915
1500080488145,-9.3878565,-1.3452257,1.5941644
1500080488209,-9.3878565,-1.3452257,1.6133134
1500080488272,-9.3878565,-1.2973529,1.5845897
1500080488336,-9.397431,-1.3165021,1.5750152
1500080488400,-9.407005,-1.3165021,1.5750152
1500080488463,-9.359133,-1.3643749,1.6803354
1500080488527,-9.368708,-1.3548003,1.6899099
1500080488591,-9.397431,-1.3643749,1.5750152
1500080488654,-9.397431,-1.4026731,1.4984187
1500080488718,-9.397431,-1.3260766,1.622888
1500080488782,-9.454879,-1.1058618,1.4888442
1500080488846,-9.397431,-1.3356512,1.5750152
1500080488909,-9.3878565,-1.2973529,1.6707608
1500080488973,-9.359133,-1.4313968,1.6803354
1500080489037,-9.397431,-1.2494801,1.6133134
1500080489100,-9.445304,-1.0292653,1.6037389
1500080489164,-9.378282,-1.3356512,1.6133134
1500080489228,-9.407005,-1.2207564,1.6324625
1500080489292,-9.426155,-1.1824582,1.5654407
1500080489355,-9.378282,-1.3548003,1.6611862
1500080489419,-9.41658,-1.1728836,1.5941644
1500080489483,-9.41658,-1.2782038,1.5654407
1500080489546,-9.3878565,-1.3548003,1.622888
1500080489610,-9.407005,-1.2877784,1.5845897
1500080489674,-9.3878565,-1.2016073,1.6707608
1500080489738,-9.3878565,-1.4313968,1.5750152
1500080489801,-9.3878565,-1.2782038,1.6516117
1500080489865,-9.407005,-1.2782038,1.5941644
1500080489929,-9.426155,-1.2877784,1.622888
1500080489992,-9.368708,-1.383524,1.6707608
1500080490056,-9.330409,-1.4888442,1.7569319
1500080490120,-9.3878565,-1.2399056,1.7282082
1500080490184,-9.368708,-1.3165021,1.6994845
1500080490247,-9.3878565,-1.3069274,1.6803354
1500080490311,-9.397431,-1.2877784,1.709059
1500080490375,-9.3878565,-1.3452257,1.6516117
1500080490438,-9.3878565,-1.3739494,1.6324625
1500080490502,-9.3878565,-1.2973529,1.6707608
1500080490566,-9.368708,-1.3548003,1.6803354
1500080490630,-9.339984,-1.383524,1.7473572
1500080490693,-9.435729,-1.1824582,1.6133134
1500080490757,-9.368708,-1.4792696,1.6133134
1500080490821,-9.378282,-1.4984187,1.6037389
1500080490885,-9.397431,-1.1824582,1.7282082
1500080490948,-9.301685,-1.4505459,1.862252
1500080491012,-9.397431,-1.3930986,1.622888
1500080491076,-9.368708,-1.2494801,1.7377827
1500080491139,-9.339984,-1.3930986,1.7665064
1500080491203,-9.41658,-1.3165021,1.5845897
1500080491267,-9.359133,-1.4218222,1.6611862
1500080491332,-9.378282,-1.3930986,1.6324625
1500080491395,-9.3878565,-1.3930986,1.622888
1500080491459,-9.359133,-1.4601204,1.6420372
1500080491522,-9.368708,-1.383524,1.6707608
1500080491586,-9.3878565,-1.4122477,1.5750152
1500080491649,-9.3878565,-1.4026731,1.6037389
1500080491713,-9.407005,-1.3930986,1.5750152
1500080491777,-9.349558,-1.4984187,1.6611862
1500080491840,-9.378282,-1.4313968,1.622888
1500080491904,-9.378282,-1.4505459,1.622888
1500080491968,-9.349558,-1.4409714,1.6899099
1500080492031,-9.330409,-1.469695,1.7377827
1500080492095,-9.41658,-1.3548003,1.4984187
1500080492159,-9.426155,-1.2016073,1.6037389
1500080492224,-9.368708,-1.5175679,1.5941644
1500080492286,-9.407005,-1.2877784,1.5845897
1500080492350,-9.3878565,-1.4122477,1.5845897
1500080492414,-9.397431,-1.3260766,1.6037389
1500080492477,-9.368708,-1.4505459,1.622888
1500080492541,-9.397431,-1.383524,1.6037389
1500080492606,-9.3878565,-1.4026731,1.6037389
1500080492670,-9.407005,-1.3356512,1.5750152
1500080492741,-9.3878565,-1.4026731,1.5654407
1500080492796,-9.3878565,-1.4122477,1.5558661
1500080492860,-9.407005,-1.2590547,1.6324625
1500080492923,-9.359133,-1.2973529,1.7186337
1500080492987,-9.407005,-1.1920328,1.6803354
1500080493051,-9.397431,-1.4026731,1.5462915
1500080493115,-9.41658,-1.1824582,1.5271424
1500080493178,-9.41658,-1.2207564,1.6037389
1500080493242,-9.378282,-1.3643749,1.6707608
1500080493306,-9.493176,-1.2016073,1.2399056
1500080493370,-9.464453,-1.2111819,1.3260766
1500080493433,-9.464453,-1.2207564,1.3548003
1500080493497,-9.474028,-1.14416,1.3069274
1500080493561,-9.339984,-1.5175679,1.6803354
1500080493624,-9.426155,-1.3260766,1.4792696
1500080493688,-9.407005,-1.3165021,1.5079932
1500080493752,-9.426155,-1.1824582,1.5271424
1500080493815,-9.454879,-1.3643749,1.3643749
1500080493879,-9.3878565,-1.4026731,1.4505459
1500080493943,-9.435729,-1.2686293,1.4601204
1500080494007,-9.445304,-1.3548003,1.3452257
1500080494070,-9.407005,-1.4026731,1.469695
1500080494134,-9.407005,-1.3260766,1.469695
1500080494198,-9.41658,-1.3930986,1.383524
1500080494261,-9.435729,-1.3930986,1.3356512
1500080494325,-9.474028,-1.1824582,1.3069274
1500080494389,-9.41658,-1.383524,1.3739494
1500080494453,-9.41658,-1.3356512,1.4409714
1500080494516,-9.445304,-1.2494801,1.4409714
1500080494580,-9.407005,-1.3069274,1.5462915
1500080494644,-9.397431,-1.2590547,1.5941644
1500080494708,-9.349558,-1.3165021,1.7282082
1500080494771,-9.359133,-1.2111819,1.776081
1500080494835,-9.41658,-1.1058618,1.6516117
1500080494899,-9.445304,-1.1728836,1.5558661
1500080494962,-9.407005,-1.2686293,1.5558661
1500080495026,-9.407005,-1.2399056,1.6420372
1500080495091,-9.368708,-1.2686293,1.7282082
1500080495155,-9.3878565,-1.2494801,1.6994845
1500080495217,-9.378282,-1.14416,1.7569319
1500080495281,-9.397431,-1.2494801,1.6994845
1500080495345,-9.349558,-1.3548003,1.7856555
1500080495408,-9.3878565,-1.2111819,1.6994845
1500080495472,-9.3878565,-1.1920328,1.6803354
1500080495536,-9.330409,-1.3165021,1.8239537
1500080495600,-9.407005,-1.1537346,1.5941644
1500080495663,-9.464453,-1.1824582,1.5079932
1500080495727,-9.464453,-1.3548003,1.383524
1500080495791,-9.368708,-1.2111819,1.7282082
1500080495855,-9.31126,-1.2973529,1.9388485
1500080495918,-9.3878565,-1.3165021,1.6516117
1500080495982,-9.397431,-1.1537346,1.7282082
1500080496046,-9.378282,-1.3069274,1.6420372
1500080496109,-9.407005,-1.3356512,1.5462915
1500080496173,-9.397431,-1.2207564,1.6516117
1500080496237,-9.368708,-1.3260766,1.7377827
1500080496301,-9.3878565,-1.2399056,1.6899099
