1500079655921,-4.150572,-3.1452432,8.085716
1500079655985,-4.4856815,-3.078221,8.066567
1500079656050,-4.476107,-2.666515,8.459125
1500079656113,-4.2463174,-2.0441687,8.822957
1500079656177,-4.1888704,-1.4984187,8.727212
1500079656240,-3.9686553,-1.5462915,8.191036
1500079656304,-4.0644007,-1.8814012,8.028269
1500079656368,-4.0069537,-1.6324625,8.478273
1500079656431,-3.997379,-1.4505459,8.430401
1500079656495,-3.9878044,-1.383524,8.200611
1500079656559,-4.456958,-3.020774,8.305931
1500079656622,-3.8729098,-2.1973617,8.5740185
1500079656686,-3.997379,-1.7186337,8.315506
1500079656750,-3.9399316,-2.0728924,8.076141
1500079656814,-3.911208,-2.8771553,7.9708214
1500079656877,-3.9782298,-2.905879,7.9133744
1500079656941,-3.8633351,-3.1165195,8.315506
1500079657005,-4.045252,-2.8771553,8.717637
1500079657068,-4.0356774,-2.5037475,8.353804
1500079657132,-3.844186,-2.7718353,8.258059
1500079657196,-3.8920588,-2.8101335,8.143164
1500079657260,-3.9399316,-2.9154537,7.9325233
1500079657323,-3.8729098,-3.0494976,8.104865
1500079657387,-3.8729098,-3.1548176,8.526146
1500079657451,-4.1122737,-2.6186423,8.564445
1500079657514,-3.8154624,-2.9441774,8.037844
1500079657578,-3.690993,-2.7239625,8.133589
1500079657642,-4.016528,-2.9154537,8.152739
1500079657706,-3.930357,-3.365458,8.277207
1500079657769,-3.8633351,-3.0111992,8.200611
1500079657833,-3.7963133,-3.0111992,8.076141
1500079657897,-3.7867386,-3.1069448,7.846352
1500079657961,-3.7484405,-3.3750327,8.171887
1500079658024,-3.9878044,-3.4420545,8.382527
1500079658088,-3.930357,-3.0686467,8.516571
1500079658151,-3.758015,-3.1548176,8.34423
1500079658215,-3.844186,-3.2218397,8.143164
1500079658280,-3.7867386,-2.905879,8.133589
1500079658344,-3.777164,-3.059072,8.104865
1500079658415,-3.8633351,-3.039923,8.21976
1500079658470,-4.0069537,-2.8580062,8.334655
1500079658534,-3.8154624,-2.9537518,8.487848
1500079658597,-4.131423,-2.5420458,8.392102
1500079658661,-3.9495063,-2.6760898,8.315506
1500079658725,-3.7867386,-2.5899186,8.056993
1500079658789,-3.7963133,-2.666515,8.047418
1500079658852,-3.8920588,-2.7622607,8.200611
1500079658916,-3.8154624,-2.6952388,8.056993
1500079658979,-3.930357,-2.6952388,7.999545
1500079659043,-3.8920588,-2.5228968,8.200611
1500079659108,-3.844186,-2.360129,8.545295
1500079659171,-3.8920588,-2.1973617,8.7750845
1500079659235,-4.045252,-2.3505547,8.593168
1500079659298,-4.131423,-2.5420458,8.286782
1500079659362,-3.9495063,-2.7431116,8.181462
1500079659426,-3.997379,-2.7239625,8.4686985
1500079659490,-3.9590807,-2.666515,8.822957
1500079659554,-4.0548263,-2.321831,8.650616
1500079659617,-3.8537605,-2.5516202,7.9803963
1500079659681,-4.0931244,-2.7718353,8.056993
1500079659745,-3.7005677,-2.6282167,8.124015
1500079659808,-3.8824842,-2.7239625,8.056993
1500079659872,-3.7675896,-2.5516202,8.229335
1500079659935,-3.9686553,-3.2505634,8.420826
1500079659999,-4.08355,-2.5707695,8.401677
1500079660063,-3.9495063,-2.321831,8.248484
1500079660126,-3.9686553,-2.254809,8.296356
1500079660190,-3.997379,-2.5324712,8.229335
1500079660254,-3.825037,-2.5994933,8.1623125
1500079660318,-3.911208,-2.6569405,8.353804
1500079660381,-4.045252,-2.5994933,8.545295
1500079660445,-4.0261025,-2.7909844,8.506997
1500079660509,-3.9590807,-2.6377914,8.392102
1500079660572,-3.9399316,-2.6760898,8.124015
1500079660636,-3.8346114,-2.733537,8.258059
1500079660700,-3.9495063,-2.7622607,8.545295
1500079660764,-3.9495063,-2.666515,8.334655
1500079660827,-3.8346114,-2.7431116,8.104865
1500079660891,-3.8537605,-2.733537,8.124015
1500079660955,-3.9590807,-2.7431116,8.229335
1500079661018,-3.9590807,-2.8292825,8.334655
1500079661083,-4.0644007,-2.9154537,8.305931
1500079661146,-4.0069537,-2.9154537,8.181462
1500079661210,-3.8154624,-2.905879,8.181462
1500079661274,-3.9590807,-2.9250283,8.392102
1500079661337,-3.9686553,-2.8771553,8.315506
1500079661401,-3.930357,-3.0877957,8.047418
1500079661464,-4.0548263,-2.7718353,8.028269
1500079661528,-3.9399316,-2.8388572,8.210186
1500079661592,-4.0739756,-3.3175852,8.229335
1500079661656,-3.7101421,-2.88673,8.200611
1500079661719,-3.844186,-3.0016246,7.9899707
1500079661783,-3.9399316,-3.3271596,8.248484
1500079661847,-4.0644007,-3.2697124,8.334655
1500079661910,-3.9686553,-2.972901,8.200611
1500079661974,-3.6143966,-2.8580062,8.076141
1500079662038,-3.7005677,-3.0016246,8.037844
1500079662102,-4.0644007,-3.1548176,8.1623125
1500079662165,-4.2558923,-3.9016335,8.11444
1500079662229,-4.5144053,-3.4324799,7.8272033
1500079662293,-4.619725,-0.8856468,4.801642
1500079662356,-5.2516465,0.4164934,2.2643836
1500079662421,-6.745278,-1.1633091,2.6377914
1500079662484,-9.100619,-1.4218222,3.758015
1500079662548,-10.546378,-2.6282167,4.73462
1500079662611,-12.011286,-2.5420458,5.787822
1500079662675,-12.509163,-2.1303396,5.2899446
1500079662739,-10.94851,-1.0579889,3.4037561
1500079662802,-10.268716,-1.7377827,2.3792782
1500079662866,-9.474028,-1.7377827,1.622888
1500079662930,-9.301685,-1.0962871,0.47394073
1500079662994,-9.847435,-0.14840569,-1.8335283
1500079663057,-9.196365,-0.64628285,-2.3888528
1500079663121,-9.569773,-0.99096704,-3.039923
1500079663185,-10.661273,-1.776081,-3.1356685
1500079663248,-10.393186,-2.0824668,-1.6133134
1500079663312,-9.110194,-0.83777404,0.023936402
1500079663376,-9.924032,0.751603,0.69415563
1500079663440,-10.642124,0.6558574,0.5218136
1500079663503,-10.115523,0.15798025,0.03351096
1500079663567,-9.493176,-0.19627848,0.023936402
1500079663631,-9.3878565,-0.0718092,-0.023936402
1500079663694,-9.091045,0.69415563,-0.76117754
1500079663758,-9.598496,1.2877784,-1.5079932
1500079663822,-8.487848,0.90479594,-1.14416
1500079663886,-10.307014,-0.023936402,-1.5750152
1500079663949,-10.125097,0.0,-1.4984187
1500079664013,-9.713391,1.4122477,-1.0867126
1500079664077,-9.215514,2.3792782,-1.2782038
1500079664140,-10.383611,1.1250108,-2.0633178
1500079664204,-10.239992,-0.6845811,-1.469695
1500079664268,-9.41658,0.40691882,-0.9526688
1500079664332,-8.784659,2.6186423,-0.8473486
1500079664395,-9.64637,3.0303483,-1.5558661
1500079664459,-9.263388,2.8101335,-1.7665064
1500079664523,-8.23891,4.782493,-1.7665064
1500079664586,-8.832532,4.543129,-2.0633178
1500079664650,-9.071896,2.9633265,-1.6420372
1500079664714,-9.167642,2.1207652,-0.6845811
1500079664777,-9.713391,0.70373017,0.34947145
1500079664841,-9.435729,0.90479594,1.6133134
1500079664905,-9.837861,4.0644007,1.7473572
1500079664969,-10.000628,5.567607,0.32074776
1500079665032,-9.474028,3.7292912,-0.49308985
1500079665096,-8.918703,4.1026993,-0.5792609
1500079665160,-8.947427,4.389936,-1.5271424
1500079665223,-9.129343,3.039923,-1.0196906
1500079665287,-10.048501,2.3697038,-1.3165021
1500079665351,-10.29744,1.0005416,-0.6558574
1500079665415,-11.072979,-1.1920328,-0.3398969
1500079665478,-11.542132,-0.023936402,0.00478728
1500079665542,-11.293194,3.2505634,1.0771381
1500079665606,-10.115523,3.059072,0.9718179
1500079665669,-9.75169,2.475024,-0.9526688
1500079665733,-9.684668,1.9771467,-2.752686
1500079665797,-9.876159,0.11968201,-4.543129
1500079665861,-9.64637,0.4164934,-4.2941904
1500079665924,-8.947427,0.0718092,-3.384607
1500079665988,-9.100619,-0.751603,-2.3888528
1500079666052,-9.110194,-1.2686293,-1.5750152
1500079666115,-9.933606,-1.0292653,-0.8186249
1500079666180,-9.809137,-0.05266008,-0.19627848
1500079666244,-9.713391,-0.5218136,0.7228793
1500079666307,-9.18679,-0.90479594,1.5941644
1500079666371,-8.957002,-1.2111819,1.7377827
1500079666434,-10.536804,-0.2920241,0.5888355
1500079666498,-12.001712,1.9962958,-2.4367256
1500079666561,-9.876159,-0.8281995,-2.4558747
1500079666625,-8.832532,-1.9771467,-1.6899099
1500079666689,-9.320834,-2.6090677,-0.9526688
1500079666752,-9.512326,-1.6803354,-0.081383765
1500079666816,-10.182545,0.081383765,0.7994758
1500079666880,-9.272962,0.8186249,1.1250108
1500079666944,-9.071896,-0.2920241,0.40691882
1500079667007,-9.31126,-0.4356425,0.09095833
1500079667071,-9.904882,-0.11968201,0.14840569
1500079667135,-10.077225,0.6079846,0.26330042
1500079667199,-9.569773,0.59841,0.36862057
1500079667262,-9.598496,0.42606795,0.10053288
1500079667326,-9.809137,0.36862057,0.22500217
1500079667390,-10.40276,0.8760723,-0.2441513
1500079667454,-10.536804,1.622888,-0.5505372
1500079667526,-10.115523,1.4026731,-0.8952214
1500079667581,-9.158067,0.6750065,-1.1537346
1500079667644,-8.296356,-0.2441513,-0.83777404
1500079667708,-7.5591154,-0.36862057,-0.56968635
1500079667772,-9.167642,-0.64628285,-0.76117754
1500079667835,-12.279374,-0.6271337,-1.5175679
1500079667899,-10.651698,-0.5313881,-0.32074776
1500079667963,-8.487848,0.0718092,0.91437054
1500079668027,-10.115523,1.5079932,1.5750152
1500079668090,-11.140001,3.4707782,2.3984275
1500079668154,-11.36979,2.7048132,2.800559
1500079668218,-10.862339,1.7856555,3.518651
1500079668281,-11.752773,0.081383765,3.997379
1500079668345,-11.752773,-2.733537,4.5910015
1500079668409,-11.542132,-5.7782474,4.1026993
1500079668472,-10.680422,-7.1474094,3.3271596
1500079668536,-9.464453,-7.875076,2.6856642
1500079668600,-7.5782647,-7.8655014,2.7239625
1500079668664,-5.376116,-7.875076,2.819708
1500079668727,-3.5282254,-8.363379,1.6803354
1500079668791,-1.4026731,-8.439975,0.7324539
1500079668855,0.56968635,-8.181462,0.30159867
1500079668918,2.5228968,-7.999545,0.043085523
1500079668982,3.8729098,-7.741032,-0.37819514
1500079669046,4.7537694,-6.5825105,-0.8281995
1500079669110,6.0080366,-5.1176023,-1.2590547
1500079669173,6.7931504,-3.930357,-1.2207564
1500079669238,7.1186857,-2.3888528,-0.26330042
1500079669301,7.5303917,-0.54096264,0.7324539
1500079669365,7.5782647,0.9430942,2.427151
1500079669429,6.639958,1.6611862,3.7867386
1500079669492,6.0846334,2.6186423,4.9452605
1500079669555,5.644203,3.451629,6.094208
1500079669620,5.079304,4.2654667,6.6016593
1500079669684,4.610151,3.9590807,7.0612383
1500079669747,3.9878044,3.5090764,7.1091113
1500079669810,3.2601378,3.777164,7.9420977
1500079669874,2.34098,4.2271686,8.439975
1500079669937,1.5750152,4.6675982,8.526146
1500079670001,1.0388398,4.8973875,8.478273
1500079670065,0.8186249,5.1271772,8.535721
1500079670129,0.3877697,4.648449,8.334655
1500079670214,0.13883112,3.9495063,8.612317
1500079670225,-0.062234644,6.2378263,13.169807
1500079670240,-0.18670394,4.198445,8.985725
1500079670256,-0.4835153,3.7675896,8.957002
1500079670272,-0.8664977,4.045252,9.5219
1500079670288,-0.83777404,3.690993,9.378282
1500079670304,-0.76117754,3.0877957,8.985725
1500079670320,-0.92394507,3.126094,8.851681
1500079670336,-1.1633091,3.4612036,9.5889225
1500079670352,-1.2782038,3.8537605,10.172971
1500079670368,-1.1058618,3.6526947,9.722966
1500079670384,-1.1824582,3.2218397,9.675094
1500079670400,-1.79523,3.5856729,10.038927
1500079670416,-2.1207652,4.1888704,10.038927
1500079670432,-1.7665064,3.9399316,9.54105
1500079670448,-1.469695,3.6526947,9.502751
1500079670463,-1.6037389,3.8058877,9.847435
1500079670479,-1.9867213,3.825037,9.952756
1500079670495,-1.9388485,3.451629,9.31126
1500079670511,-1.6803354,2.5516202,8.124015
1500079670527,-1.5367169,1.7856555,6.984642
1500079670543,-1.2207564,3.2409887,5.8931417
1500079670559,-0.44521707,6.764427,5.950589
1500079670575,-0.4356425,8.803808,6.9654927
1500079670591,-1.2590547,8.23891,6.486765
1500079670606,-1.3069274,7.051664,4.8207912
1500079670622,-0.359046,7.3389006,3.1069448
1500079670638,0.6271337,7.4059224,4.2941904
1500079670654,0.56968635,8.258059,5.3569665
1500079670670,0.26330042,8.870831,3.8537605
1500079670686,0.5218136,8.152739,2.9537518
1500079670702,0.50266445,8.32508,2.714388
1500079670718,-0.11968201,9.493176,2.5516202
1500079670734,-0.6750065,10.335738,2.3122563
1500079670750,-0.56011176,10.249567,2.015445
1500079670766,-0.23457673,10.316589,1.6899099
1500079670782,0.0,10.709146,0.8664977
1500079670798,0.11968201,11.044255,0.6079846
1500079670814,0.110107444,10.996383,0.5313881
1500079670830,0.34947145,10.536804,0.043085523
1500079670846,0.3111732,10.239992,-0.7228793
1500079670861,-0.062234644,10.230418,-1.3548003
1500079670877,-0.23457673,10.259142,-1.3356512
1500079670893,-0.062234644,10.153821,-1.2207564
1500079670909,-0.043085523,10.077225,-1.8048047
1500079670925,-0.30159867,9.722966,-2.475024
1500079670941,-0.33032233,9.502751,-3.059072
1500079670957,-0.26330042,9.359133,-2.9346027
1500079670973,-0.47394073,9.579348,-2.7239625
1500079670989,-0.6845811,9.943181,-2.9633265
1500079671005,-0.4356425,9.96233,-3.6526947
1500079671021,0.0718092,9.722966,-3.9878044
1500079671037,0.22500217,9.18679,-3.997379
1500079671053,-0.13883112,8.708063,-4.0644007
1500079671068,-0.54096264,8.708063,-4.1888704
1500079671084,-0.17712937,8.937852,-4.351638
1500079671100,0.3398969,9.0814705,-4.284616
1500079671116,-0.023936402,9.138918,-4.619725
1500079671132,-0.49308985,8.928278,-4.772918
1500079671148,-0.2154276,8.679339,-4.610151
1500079671164,0.0,8.918703,-4.5527034
1500079671180,-0.19627848,9.138918,-4.5622783
1500079671196,-0.062234644,9.148493,-4.610151
1500079671212,0.22500217,8.7750845,-4.3803616
1500079671228,0.11968201,8.880404,-4.4090853
1500079671244,-0.25372586,9.41658,-4.811217
1500079671260,0.25372586,9.560199,-4.8303657
1500079671276,0.77075213,9.110194,-4.5239797
1500079671291,0.3398969,8.641041,-4.428234
1500079671307,-0.15798025,8.535721,-4.6388745
1500079671323,0.2920241,8.497422,-4.610151
1500079671339,0.8664977,8.487848,-4.581427
1500079671355,0.8090504,8.459125,-4.5910015
1500079671371,0.42606795,8.401677,-4.715471
1500079671387,0.46436617,8.2676325,-4.801642
1500079671403,0.6750065,8.258059,-4.6771727
1500079671419,0.6750065,8.32508,-4.5335546
1500079671435,0.71330476,8.487848,-4.619725
1500079671451,0.78032666,8.459125,-4.6675982
1500079671467,0.77075213,8.32508,-4.4473834
1500079671483,0.59841,8.124015,-4.2080193
1500079671499,0.56968635,8.286782,-4.389936
1500079671515,0.751603,8.832532,-4.543129
1500079671531,0.76117754,8.794233,-4.5239797
1500079671547,0.7228793,8.372953,-4.456958
1500079671563,0.5792609,8.372953,-4.389936
1500079671579,0.50266445,8.784659,-4.3707867
1500079671594,0.7994758,8.889979,-4.1792955
1500079671610,0.8281995,8.736787,-3.9590807
1500079671626,0.45479164,8.631466,-3.9782298
1500079671642,0.11968201,8.688913,-3.930357
1500079671658,0.19627848,8.813383,-3.8537605
1500079671674,0.40691882,9.004874,-4.0261025
1500079671690,0.6271337,9.014449,-3.8058877
1500079671706,0.27287498,8.832532,-3.7005677
1500079671722,-0.19627848,8.746361,-3.758015
1500079671738,-0.23457673,8.966576,-4.0548263
1500079671753,0.05266008,9.655944,-4.303765
1500079671769,0.3111732,9.809137,-4.1888704
1500079671785,0.37819514,9.550624,-4.456958
1500079671801,0.3398969,9.397431,-4.811217
1500079671817,0.42606795,9.225089,-4.504831
1500079671833,0.33032233,8.918703,-4.3803616
1500079671849,0.2154276,8.794233,-4.5622783
1500079671865,0.33032233,8.593168,-4.5622783
1500079671881,0.4835153,8.171887,-4.619725
1500079671897,0.40691882,7.9899707,-4.73462
1500079671913,0.23457673,7.922949,-4.696322
1500079671929,0.27287498,8.095291,-4.7058964
1500079671945,0.34947145,7.9420977,-4.476107
1500079671960,0.11968201,7.8846507,-4.389936
1500079671976,-0.16755481,8.32508,-4.5718527
1500079671992,-0.014361841,8.487848,-4.543129
1500079672008,0.2920241,8.372953,-4.658024
1500079672024,0.2920241,8.1623125,-4.5910015
1500079672040,0.023936402,8.171887,-4.5527034
1500079672056,-0.22500217,8.497422,-4.5335546
1500079672072,-0.42606795,8.4686985,-4.351638
1500079672088,-0.5218136,8.44955,-4.389936
1500079672104,-0.6750065,8.7750845,-4.351638
1500079672120,-0.8952214,9.215514,-4.389936
1500079672136,-0.9622433,9.138918,-4.303765
1500079672152,-1.0292653,8.947427,-4.495256
1500079672168,-1.1154363,9.100619,-4.7058964
1500079672184,-0.9718179,9.397431,-4.275041
1500079672200,-1.0388398,9.617646,-4.198445
1500079672216,-1.2016073,9.636795,-4.1601467
1500079672231,-1.3165021,9.713391,-4.3707867
1500079672247,-1.2303311,9.732541,-4.5335546
1500079672263,-1.0196906,9.761265,-4.5718527
1500079672279,-0.85692316,9.809137,-4.5622783
1500079672295,-0.78990126,9.837861,-4.342063
1500079672311,-1.0292653,9.5219,-4.2654667
1500079672327,-1.4409714,9.435729,-4.4473834
1500079672343,-1.6994845,9.569773,-4.5527034
1500079672359,-1.3930986,9.684668,-4.236743
1500079672375,-1.14416,9.435729,-3.8824842
1500079672391,-1.383524,9.31126,-4.121848
1500079672407,-1.2303311,9.052747,-4.045252
1500079672423,-0.8952214,8.535721,-3.7867386
1500079672439,-1.0292653,8.487848,-4.0261025
1500079672455,-0.9526688,9.110194,-4.581427
1500079672471,-0.15798025,9.263388,-4.2654667
1500079672486,0.13883112,8.66019,-3.7005677
1500079672502,-0.6079846,8.430401,-4.0356774
1500079672518,-0.9622433,8.861256,-4.389936
1500079672534,-0.4356425,8.794233,-3.7197168
1500079672550,-0.42606795,8.363379,-3.3750327
1500079672566,-1.2877784,8.535721,-3.3941817
1500079672582,-1.9388485,9.272962,-3.8633351
1500079672598,-1.6803354,9.579348,-3.8729098
1500079672614,-0.9622433,9.3878565,-3.7867386
1500079672630,-0.91437054,9.426155,-4.1792955
1500079672646,-0.90479594,9.675094,-4.619725
1500079672661,-0.13883112,9.713391,-4.658024
1500079672678,0.14840569,9.407005,-4.1122737
1500079672693,-0.47394073,9.158067,-3.8824842
1500079672709,-1.0867126,9.177217,-3.9495063
1500079672725,-1.1345854,9.253813,-4.045252
1500079672741,-0.7420284,9.330409,-4.1026993
1500079672757,-0.54096264,9.263388,-4.0739756
1500079672773,-0.7420284,9.014449,-4.0261025
1500079672789,-1.0771381,8.708063,-3.8537605
1500079672805,-1.1345854,8.698488,-3.7197168
1500079672821,-0.9430942,8.9761505,-3.5760984
1500079672837,-0.76117754,9.18679,-3.6239712
1500079672853,-0.6079846,9.301685,-3.8633351
1500079672869,-0.50266445,9.263388,-3.777164
1500079672885,-0.47394073,9.31126,-3.7675896
1500079672901,-0.4164934,9.320834,-3.6143966
1500079672916,-0.2441513,9.272962,-3.4612036
1500079672932,-0.14840569,9.215514,-3.4803526
1500079672948,-0.2154276,9.29211,-3.365458
1500079672964,-0.45479164,9.368708,-3.3271596
1500079672980,-0.5792609,9.378282,-3.2409887
1500079672996,-0.45479164,9.0814705,-3.020774
1500079673012,-0.5792609,9.138918,-3.1835413
1500079673028,-0.6079846,9.2825365,-3.126094
1500079673044,-0.4164934,9.359133,-3.0303483
1500079673059,-0.33032233,9.368708,-3.1356685
1500079673076,-0.28244954,9.464453,-3.2984362
1500079673091,-0.2154276,9.234664,-3.1356685
1500079673107,-0.2920241,9.033598,-3.1452432
1500079673123,-0.2441513,8.928278,-3.1548176
1500079673139,-0.15798025,8.889979,-3.1356685
1500079673155,-0.10053288,8.889979,-3.3271596
1500079673171,-0.110107444,8.937852,-3.499502
1500079673187,-0.081383765,8.803808,-3.3080106
1500079673203,-0.25372586,8.5740185,-3.126094
1500079673219,-0.5505372,8.602742,-3.1643922
1500079673235,-0.512239,8.842107,-3.3941817
1500079673251,-0.3398969,8.899554,-3.384607
1500079673267,-0.44521707,8.889979,-3.3367343
1500079673283,-0.61755913,8.995299,-3.4803526
1500079673299,-0.512239,9.18679,-3.518651
1500079673315,-0.37819514,9.129343,-3.3941817
1500079673330,-0.46436617,8.928278,-3.3367343
1500079673346,-0.6079846,8.899554,-3.5665238
1500079673362,-0.6079846,9.062322,-3.6335456
1500079673378,-0.4835153,8.937852,-3.2888615
1500079673394,-0.5505372,8.985725,-3.3175852
1500079673410,-0.83777404,8.966576,-3.2984362
1500079673426,-1.0292653,9.043172,-3.4229054
1500079673442,-0.98139244,9.158067,-3.5090764
1500079673458,-0.90479594,9.100619,-3.5665238
1500079673474,-1.0196906,9.215514,-3.7963133
1500079673490,-0.99096704,9.330409,-3.9016335
1500079673506,-0.78990126,9.196365,-3.7388659
1500079673522,-0.9526688,9.18679,-3.6431203
1500079673537,-1.4026731,9.3878565,-3.7963133
1500079673554,-1.4505459,9.378282,-3.8633351
1500079673569,-1.2016073,9.253813,-3.8346114
1500079673585,-1.2686293,9.29211,-3.844186
1500079673601,-1.5367169,9.253813,-3.8729098
1500079673617,-1.5750152,9.263388,-3.911208
1500079673633,-1.4601204,9.167642,-3.671844
1500079673649,-1.4505459,9.2825365,-3.6335456
1500079673665,-1.5367169,9.531475,-3.6622694
1500079673681,-1.5654407,9.502751,-3.5378
1500079673697,-1.5175679,9.301685,-3.4420545
1500079673713,-1.4026731,9.071896,-3.3175852
1500079673729,-1.5175679,9.20594,-3.4133308
1500079673745,-1.6133134,9.569773,-3.4899273
1500079673760,-1.3643749,9.445304,-3.2984362
1500079673777,-1.3452257,9.138918,-3.2218397
1500079673792,-1.5462915,9.18679,-3.3175852
1500079673808,-1.5271424,9.29211,-3.0877957
1500079673824,-1.5271424,9.177217,-3.1165195
1500079673840,-1.6133134,9.110194,-3.2697124
1500079673856,-1.6324625,8.995299,-3.1069448
1500079673872,-1.7186337,9.062322,-3.078221
1500079673888,-1.8239537,9.272962,-3.173967
1500079673904,-1.6037389,9.3878565,-3.2409887
1500079673920,-1.4313968,9.167642,-3.0686467
1500079673936,-1.622888,9.071896,-3.173967
1500079673952,-1.9196993,9.31126,-3.231414
1500079673968,-1.862252,9.339984,-3.039923
1500079673984,-1.6899099,9.31126,-3.020774
1500079674000,-1.6899099,9.234664,-3.0016246
1500079674015,-1.9196993,9.263388,-3.1069448
1500079674031,-1.9962958,9.483603,-3.1356685
1500079674047,-1.862252,9.359133,-3.0016246
1500079674063,-1.7856555,9.454879,-3.1069448
1500079674079,-1.7856555,9.770839,-3.1069448
1500079674095,-1.6899099,9.75169,-2.9441774
1500079674111,-1.6707608,9.655944,-2.9920502
1500079674127,-1.9388485,9.560199,-2.905879
1500079674143,-2.101616,9.531475,-2.8484318
1500079674159,-2.0728924,9.617646,-2.8963046
1500079674175,-2.0058703,9.5889225,-2.867581
1500079674191,-1.9579976,9.579348,-2.905879
1500079674206,-1.8718265,9.569773,-2.9441774
1500079674222,-1.776081,9.502751,-2.8101335
1500079674238,-1.7856555,9.3878565,-2.8388572
1500079674254,-2.0058703,9.454879,-2.8963046
1500079674270,-1.929274,9.531475,-2.8580062
1500079674286,-1.7856555,9.502751,-2.867581
1500079674302,-1.7377827,9.454879,-2.905879
1500079674318,-1.7282082,9.18679,-2.800559
1500079674334,-1.8143792,9.158067,-2.905879
1500079674350,-1.8814012,9.378282,-3.0494976
1500079674366,-1.5941644,9.474028,-2.9537518
1500079674381,-1.2494801,9.2825365,-2.752686
1500079674397,-1.3643749,9.272962,-2.819708
1500079674413,-1.7569319,9.349558,-2.8292825
1500079674429,-1.8143792,9.349558,-2.9537518
1500079674445,-1.5462915,9.196365,-2.905879
1500079674461,-1.3260766,9.119769,-2.8580062
1500079674477,-1.4122477,9.263388,-2.88673
1500079674493,-1.5462915,9.349558,-2.9250283
1500079674509,-1.6420372,9.31126,-2.972901
1500079674525,-1.5175679,9.158067,-2.972901
1500079674541,-1.3069274,9.167642,-2.9920502
1500079674557,-1.1824582,9.253813,-2.9920502
1500079674572,-1.1633091,9.244238,-2.8963046
1500079674588,-1.2686293,9.100619,-2.8484318
1500079674604,-1.3930986,9.100619,-2.905879
1500079674620,-1.5367169,9.244238,-2.9346027
1500079674636,-1.4888442,9.225089,-2.905879
1500079674652,-1.2590547,9.215514,-3.020774
1500079674668,-1.2016073,9.29211,-3.0111992
1500079674684,-1.3452257,9.349558,-2.9537518
1500079674700,-1.469695,9.368708,-2.8580062
1500079674716,-1.4026731,9.378282,-2.867581
1500079674732,-1.3548003,9.407005,-2.9824755
1500079674748,-1.3356512,9.378282,-2.9154537
1500079674764,-1.383524,9.359133,-2.8963046
1500079674780,-1.3452257,9.320834,-3.0016246
1500079674796,-1.1824582,9.3878565,-3.0303483
1500079674811,-0.98139244,9.272962,-2.8388572
1500079674827,-0.9718179,9.20594,-2.905879
1500079674843,-1.0196906,9.349558,-3.020774
1500079674859,-0.98139244,9.359133,-2.8101335
1500079674875,-1.0579889,9.129343,-2.7048132
1500079674891,-1.1633091,9.0814705,-2.733537
1500079674907,-1.1633091,9.100619,-2.733537
1500079674971,-1.1058618,9.0814705,-2.5899186
1500079675034,-1.1633091,9.483603,-2.5707695
1500079675098,-1.3452257,9.54105,-2.580344
1500079675162,-1.709059,9.320834,-2.6856642
1500079675226,-1.2016073,9.531475,-2.8580062
1500079675289,-0.93351966,9.531475,-2.714388
1500079675354,-1.14416,9.196365,-2.5420458
1500079675417,-1.1058618,9.253813,-2.4558747
1500079675481,-1.1154363,9.339984,-2.2643836
1500079675544,-1.3260766,9.339984,-2.3505547
1500079675609,-1.1154363,9.244238,-2.4367256
1500079675672,-1.2686293,9.454879,-2.4558747
1500079675735,-1.3452257,9.407005,-2.408002
1500079675799,-1.4026731,9.397431,-2.3697038
1500079675863,-1.6037389,9.397431,-2.2931073
1500079675926,-1.3739494,9.445304,-2.3697038
1500079675990,-1.2686293,9.349558,-2.3314054
1500079676054,-1.469695,9.148493,-2.2452345
1500079676117,-1.5079932,9.225089,-2.321831
1500079676181,-1.4792696,9.253813,-2.427151
1500079676245,-1.862252,9.196365,-2.34098
1500079676309,-2.2835326,9.397431,-2.3505547
1500079676372,-2.2452345,9.569773,-2.4558747
1500079676436,-2.3314054,9.579348,-2.5037475
1500079676501,-2.4463003,9.6942425,-2.2931073
1500079676564,-2.4654493,9.7899885,-2.0920415
1500079676627,-2.2643836,9.598496,-2.1111906
1500079676691,-2.1111906,9.330409,-2.1111906
1500079676755,-2.1207652,9.5219,-2.1207652
1500079676818,-2.034594,9.41658,-2.3026817
1500079676882,-2.1111906,9.091045,-2.5228968
1500079676946,-1.9771467,9.119769,-2.513322
1500079677009,-1.9388485,9.2825365,-2.5037475
1500079677074,-1.9388485,9.234664,-2.513322
1500079677137,-2.0058703,9.244238,-2.6377914
1500079677201,-1.9962958,9.2825365,-2.647366
1500079677264,-2.1303396,9.3878565,-2.3888528
1500079677328,-2.0250196,9.464453,-2.1973617
1500079677392,-1.9771467,9.445304,-2.1111906
1500079677455,-1.6611862,9.445304,-2.1111906
1500079677519,-1.6516117,9.339984,-2.1782124
1500079677584,-1.622888,9.215514,-2.2931073
1500079677646,-1.6133134,9.2825365,-2.2835326
1500079677711,-1.8048047,9.493176,-1.9962958
1500079677774,-1.6899099,9.550624,-1.9675722
1500079677838,-1.6516117,9.426155,-1.9388485
1500079677901,-1.709059,9.244238,-2.0441687
1500079677965,-1.7473572,9.560199,-2.168638
1500079678029,-1.8431029,9.464453,-2.2069361
1500079678092,-1.8431029,9.349558,-2.187787
1500079678156,-1.709059,9.301685,-2.2643836
1500079678220,-1.9005502,9.368708,-2.2835326
1500079678283,-1.6899099,9.5889225,-2.2643836
1500079678347,-1.7665064,9.54105,-2.1207652
1500079678411,-1.6707608,9.569773,-2.0920415
1500079678475,-1.5941644,9.426155,-2.1590633
1500079678538,-1.5750152,9.215514,-2.1111906
1500079678602,-1.5558661,9.244238,-2.1111906
1500079678666,-1.4026731,9.426155,-2.2260852
1500079678729,-1.5941644,9.244238,-2.2165108
1500079678793,-1.776081,9.454879,-2.149489
1500079678857,-1.7569319,9.933606,-2.1111906
1500079678920,-1.6037389,9.6942425,-2.149489
1500079678984,-1.8239537,9.320834,-2.0250196
1500079679048,-1.4888442,9.464453,-2.2835326
1500079679111,-1.1728836,9.579348,-2.2835326
1500079679176,-1.4218222,9.071896,-2.4463003
1500079679240,-1.2111819,9.100619,-2.6377914
1500079679304,-1.2973529,9.167642,-2.666515
1500079679366,-1.3930986,9.2825365,-2.580344
1500079679430,-1.4026731,9.445304,-2.3984275
1500079679495,-1.4601204,9.474028,-2.2931073
1500079679559,-1.4218222,9.301685,-2.015445
1500079679621,-1.5654407,9.5219,-1.948423
1500079679685,-1.622888,9.703817,-2.034594
1500079679750,-1.5462915,9.512326,-2.149489
1500079679813,-1.5750152,9.445304,-2.0250196
1500079679876,-1.6420372,9.349558,-1.9005502
1500079679940,-1.5845897,9.20594,-1.7473572
1500079680004,-1.622888,9.349558,-1.5941644
1500079680067,-1.7856555,9.64637,-1.3165021
1500079680131,-1.929274,9.85701,-1.1250108
1500079680195,-2.0058703,9.96233,-1.1154363
1500079680258,-1.8814012,9.770839,-1.2303311
1500079680322,-1.7377827,9.569773,-1.3356512
1500079680386,-1.5558661,9.397431,-1.2207564
1500079680449,-1.6707608,9.339984,-1.2590547
1500079680513,-1.8335283,9.502751,-1.4505459
1500079680577,-1.7282082,9.847435,-1.6803354
1500079680641,-1.7377827,9.675094,-1.4313968
1500079680704,-1.6516117,9.445304,-1.5654407
1500079680768,-1.3548003,9.397431,-1.5750152
1500079680832,-1.383524,9.234664,-1.6611862
1500079680895,-1.4505459,9.454879,-1.8048047
1500079680959,-1.622888,9.531475,-2.0824668
1500079681023,-1.6803354,9.809137,-2.2739582
1500079681087,-1.6037389,9.770839,-2.3697038
1500079681150,-1.5079932,9.3878565,-2.360129
1500079681214,-1.1920328,9.138918,-2.34098
1500079681278,-0.98139244,8.957002,-2.0728924
1500079681342,-1.0484143,9.234664,-1.9005502
1500079681405,-0.751603,9.569773,-1.8239537
1500079681469,-0.7228793,9.263388,-1.862252
1500079681533,-0.9526688,8.784659,-1.6803354
1500079681596,-1.0867126,8.708063,-1.5079932
1500079681660,-1.1250108,9.100619,-0.99096704
1500079681724,-1.3260766,9.225089,-0.16755481
1500079681788,-1.5750152,9.043172,0.8856468
1500079681851,-1.7377827,9.253813,1.8239537
1500079681915,-2.0250196,9.043172,2.5228968
1500079681979,-2.0633178,8.34423,3.2218397
1500079682043,-3.0303483,8.4686985,3.4133308
1500079682107,-2.819708,8.143164,3.518651
1500079682170,-2.6282167,8.564445,3.6814184
1500079682233,-3.2026904,8.248484,4.0261025
1500079682297,-2.800559,8.11444,4.6675982
1500079682362,-2.7718353,8.028269,5.2037735
1500079682425,-3.2792869,7.5974135,5.414414
1500079682489,-3.7292912,7.281453,5.1654754
1500079682552,-3.5282254,6.9654927,4.954835
1500079682616,-3.9207826,7.0995364,5.232497
1500079682680,-3.9590807,6.6016593,5.433563
1500079682744,-4.2175937,6.6878304,5.7303743
1500079682807,-4.466532,6.697405,6.132506
1500079682870,-4.6867476,6.975067,6.0463347
1500079682934,-4.648449,6.611234,5.9027166
1500079682998,-4.2558923,6.218677,5.500585
1500079683062,-3.777164,5.672927,5.5101595
1500079683125,-3.690993,5.194199,5.538883
1500079683189,-4.1792955,4.6771727,5.82612
1500079683253,-4.08355,4.275041,6.2091026
1500079683316,-4.351638,4.2175937,6.9942164
1500079683380,-4.466532,3.7292912,8.018694
1500079683444,-4.696322,2.254809,8.851681
1500079683507,-4.5239797,2.0824668,9.502751
1500079683571,-3.5282254,-1.14416,7.721883
1500079683635,-3.7005677,-3.9686553,7.1091113
1500079683699,-5.3569665,-4.131423,8.985725
1500079683762,-4.428234,-5.17505,8.037844
1500079683826,-3.2409887,-4.2080193,6.4963393
1500079683890,-2.2356598,-5.7782474,7.3006024
1500079683953,-1.5367169,-6.4197426,8.526146
1500079684017,-1.2016073,-6.8601727,7.875076
1500079684081,-1.4218222,-5.873993,7.6261373
1500079684144,-1.4792696,-5.82612,7.511243
1500079684208,-1.2973529,-5.6633525,7.7123084
1500079684272,-1.0962871,-5.759098,7.9037995
1500079684336,-0.8760723,-6.0367603,7.875076
1500079684399,-0.93351966,-6.2952733,7.3197513
1500079684463,-1.0771381,-6.094208,7.4920936
1500079684527,-1.3356512,-6.285699,7.396348
1500079684590,-1.3165021,-6.391019,7.35805
1500079684654,-1.1537346,-6.3144226,7.35805
1500079684718,-1.0292653,-6.410168,7.2718787
1500079684781,-1.2016073,-6.2665496,7.0708127
1500079684845,-1.2973529,-6.37187,6.975067
1500079684909,-1.0675635,-6.4484663,7.137835
1500079684973,-1.0771381,-6.8027253,6.9942164
1500079685036,-1.1058618,-6.4676156,7.0803876
1500079685100,-1.1633091,-6.697405,7.051664
1500079685165,-1.1345854,-6.668681,6.936769
1500079685228,-1.1537346,-6.8027253,6.7931504
1500079685291,-1.0675635,-6.668681,6.831449
1500079685355,-1.1250108,-6.7069798,6.8410234
1500079685419,-1.1728836,-6.8027253,6.9080453
1500079685482,-1.1728836,-6.8410234,6.9559183
1500079685546,-1.1633091,-6.8601727,6.8410234
1500079685610,-1.2207564,-6.9176197,6.8122997
1500079685673,-1.0771381,-6.984642,6.7261286
1500079685737,-1.0292653,-6.936769,6.6591067
1500079685801,-1.1728836,-7.0708127,6.6016593
1500079685865,-1.2494801,-7.2144313,6.630383
1500079685928,-1.0292653,-7.1857076,6.3622956
1500079685992,-1.0484143,-7.3006024,6.410168
1500079686056,-1.3643749,-7.2527294,6.333572
1500079686119,-1.3930986,-7.137835,6.3144226
1500079686183,-1.2494801,-7.2240057,6.304848
1500079686247,-1.4313968,-7.3676243,6.3527207
1500079686310,-1.5079932,-7.4059224,6.2378263
1500079686374,-1.6899099,-7.2718787,6.180379
1500079686438,-1.7665064,-7.396348,6.218677
1500079686502,-1.7186337,-7.2623043,6.2952733
1500079686565,-1.7473572,-7.3006024,6.2665496
1500079686629,-2.1399143,-6.975067,6.5346375
1500079686693,-2.2643836,-6.850598,6.4484663
1500079686756,-2.168638,-7.0803876,6.410168
1500079686820,-2.0537431,-6.9463434,6.47719
1500079686884,-2.1590633,-7.156984,6.4005938
1500079686948,-2.0728924,-6.9080453,6.5825105
1500079687011,-2.4367256,-6.783576,6.3622956
1500079687075,-2.4654493,-7.204857,6.2761245
1500079687139,-2.733537,-6.975067,6.256975
1500079687203,-3.193116,-6.333572,5.9027166
1500079687266,-4.322914,-5.806971,5.309094
1500079687331,-4.696322,-4.3707867,4.351638
1500079687394,-4.6005764,-2.4654493,1.7665064
1500079687457,-4.504831,-1.7282082,1.3548003
1500079687521,-8.459125,-6.4963393,0.63670826
1500079687585,-11.341067,-8.870831,0.16755481
1500079687648,-11.791071,-9.052747,0.13883112
1500079687712,-11.025106,-7.6835847,-0.26330042
1500079687776,-10.766593,-4.9739842,-0.4356425
1500079687840,-10.804892,-3.7005677,-0.7228793
1500079687904,-10.469782,-2.4558747,-0.5792609
1500079687967,-9.876159,-1.9005502,-0.3111732
1500079688031,-9.64637,-1.4218222,-0.6271337
1500079688094,-9.770839,-1.1633091,-1.1058618
1500079688158,-9.263388,-1.1728836,-0.91437054
1500079688222,-9.426155,-1.14416,-0.69415563
1500079688285,-9.713391,-1.2782038,-0.5888355
1500079688349,-9.5889225,-1.2686293,-0.32074776
1500079688413,-10.19212,-1.0005416,-0.3111732
1500079688476,-9.722966,-0.7324539,-0.0718092
1500079688540,-9.809137,-1.1537346,-0.043085523
1500079688604,-9.512326,-1.3356512,-0.15798025
1500079688668,-9.579348,-1.4026731,0.0718092
1500079688731,-10.096374,-1.3548003,0.13883112
1500079688795,-11.274045,-0.9622433,-0.18670394
1500079688859,-10.326163,-1.0196906,0.023936402
1500079688922,-7.961247,-1.2686293,0.42606795
1500079688986,-9.119769,-1.1058618,-0.18670394
1500079689050,-10.795317,-0.8473486,-0.28244954
1500079689114,-8.679339,-1.6420372,1.14416
1500079689177,-8.641041,-1.8143792,1.1537346
1500079689242,-9.885734,-1.1920328,0.8186249
1500079689305,-10.622974,-0.0718092,1.2686293
1500079689369,-11.1208515,1.2016073,0.54096264
1500079689432,-11.503835,1.4792696,-3.4037561
1500079689496,-9.100619,-0.023936402,-3.1548176
1500079689560,-8.889979,-0.22500217,-1.8335283
1500079689623,-5.979313,-0.09095833,0.0
1500079689687,-6.5346375,-0.34947145,1.1058618
1500079689752,-10.728295,0.56968635,1.0867126
1500079689815,-12.394268,0.3398969,1.9771467
1500079689879,-12.308098,0.0,2.3984275
1500079689943,-10.92936,-0.20585304,3.3367343
1500079690006,-8.23891,-0.78032666,2.3314054
1500079690069,-9.110194,-2.0633178,-0.12925656
1500079690133,-10.105948,-1.948423,-1.2590547
1500079690197,-11.561282,-0.99096704,-1.9579976
1500079690260,-9.445304,-0.64628285,-1.3260766
1500079690324,-9.0814705,-1.6037389,-0.64628285
1500079690388,-9.7899885,-1.7282082,-0.19627848
1500079690451,-10.172971,-1.3165021,0.751603
1500079690515,-9.483603,-0.85692316,1.3356512
1500079690579,-9.924032,-1.3260766,0.9622433
1500079690643,-10.622974,-1.4026731,0.71330476
1500079690706,-11.015532,-1.1345854,-0.4356425
1500079690770,-11.312344,-1.2494801,-0.64628285
1500079690834,-9.885734,-0.98139244,-0.19627848
1500079690897,-8.526146,-0.30159867,0.27287498
1500079690961,-9.062322,-0.8090504,1.0579889
1500079691025,-9.5889225,-1.1154363,2.647366
1500079691089,-10.048501,1.383524,3.212265
1500079691152,-10.220843,2.972901,2.427151
1500079691216,-9.818711,1.383524,1.4984187
1500079691280,-9.0814705,0.85692316,1.8718265
1500079691343,-9.0814705,1.5367169,2.0824668
1500079691407,-9.550624,0.9430942,1.7665064
1500079691471,-9.339984,0.32074776,2.4654493
1500079691535,-8.076141,0.4835153,3.9399316
1500079691598,-7.5591154,1.9771467,4.9069624
1500079691662,-7.664436,2.647366,4.437809
1500079691726,-8.258059,2.2069361,3.9686553
1500079691789,-8.784659,1.9867213,3.3175852
1500079691853,-8.918703,1.4026731,2.9346027
1500079691917,-9.196365,1.4218222,2.513322
1500079691980,-9.512326,1.709059,2.0250196
1500079692044,-9.75169,1.2303311,1.7186337
1500079692108,-10.345312,-0.3111732,1.8814012
1500079692172,-9.885734,-0.70373017,2.9250283
1500079692235,-9.138918,-1.2590547,3.4612036
1500079692299,-8.430401,-1.5175679,3.4707782
1500079692363,-8.516571,-1.9579976,2.9824755
1500079692427,-8.583593,-2.561195,2.3888528
1500079692490,-9.7899885,-3.2218397,2.5516202
1500079692554,-10.431483,-3.1356685,4.0739756
1500079692618,-9.550624,-5.692076,5.8835673
1500079692681,-8.621892,-5.8835673,6.4293175
1500079692746,-8.23891,-4.8782387,5.7303743
1500079692808,-7.396348,-3.8154624,4.495256
1500079692873,-5.845269,-2.3792782,4.3803616
1500079692936,-4.6675982,0.3877697,4.476107
1500079693000,-4.5335546,1.6420372,4.648449
1500079693064,-5.7495236,0.99096704,6.745278
1500079693127,-5.8548436,0.45479164,12.518738
1500079693191,-6.2952733,1.0292653,12.978316
1500079693255,-3.4133308,-3.0973704,4.1601467
1500079693318,-1.9101248,-5.232497,7.0133657
1500079693382,2.6186423,-3.6431203,9.6942425
1500079693446,1.5750152,-4.0931244,8.928278
1500079693509,1.1633091,-3.1835413,8.487848
1500079693573,1.9005502,-3.4324799,8.708063
1500079693637,2.360129,-2.867581,8.755936
1500079693700,2.6760898,-3.4612036,8.688913
1500079693764,2.9920502,-3.7675896,8.593168
1500079693828,3.7484405,-2.9154537,8.9761505
1500079693892,3.4899273,-3.1835413,8.717637
1500079693955,3.2505634,-2.8292825,8.66019
1500079694019,3.0494976,-3.4612036,8.181462
1500079694083,3.3080106,-3.193116,7.999545
1500079694146,3.911208,-1.3356512,8.957002
1500079694210,3.2697124,-2.6186423,8.698488
1500079694274,3.911208,-2.3792782,8.736787
1500079694338,3.4707782,-2.3314054,8.66019
1500079694401,3.2697124,-1.8814012,8.487848
1500079694465,3.844186,-1.79523,8.755936
1500079694529,3.8346114,-2.3505547,8.621892
1500079694592,4.1601467,-1.8335283,8.851681
1500079694656,4.150572,-1.6133134,8.430401
1500079694720,4.437809,-1.0196906,8.6697645
1500079694783,4.2654667,-1.6803354,8.899554
1500079694847,4.466532,-0.8473486,8.765511
1500079694911,3.7675896,-0.50266445,8.420826
1500079694975,3.7963133,-0.5888355,8.813383
1500079695038,3.3080106,-0.69415563,8.832532
1500079695102,3.212265,-0.36862057,8.851681
1500079695166,3.1165195,-0.36862057,8.736787
1500079695229,2.9633265,-0.014361841,8.727212
1500079695293,3.059072,-1.383524,8.755936
1500079695357,3.039923,-1.4505459,9.119769
1500079695421,3.4612036,-1.2494801,8.995299
1500079695484,3.7197168,-1.1537346,8.918703
1500079695548,3.7484405,-1.0962871,8.794233
1500079695612,3.671844,-1.5462915,8.545295
1500079695675,3.7963133,-1.3930986,8.621892
1500079695739,3.997379,-1.6803354,8.66019
1500079695803,4.322914,-2.015445,8.918703
1500079695867,4.495256,-0.93351966,8.6697645
1500079695930,4.169721,-1.1920328,8.430401
1500079695994,4.2175937,-0.8664977,8.32508
1500079696058,3.911208,-1.709059,8.478273
1500079696121,4.0739756,-1.8814012,8.803808
1500079696185,4.0931244,-1.7377827,8.813383
1500079696249,3.9399316,-1.6803354,8.698488
1500079696313,3.825037,-1.1633091,8.44955
1500079696376,3.7101421,-0.9430942,8.822957
1500079696440,3.5760984,-2.254809,9.014449
1500079696504,2.88673,-2.149489,8.918703
1500079696567,2.5707695,-1.7569319,8.641041
1500079696631,2.8771553,-1.7186337,8.803808
1500079696695,2.8292825,-1.8048047,8.861256
1500079696758,3.4707782,-1.2494801,8.889979
1500079696822,3.690993,-1.6133134,9.167642
1500079696886,3.4324799,-1.6899099,9.071896
1500079696950,3.3080106,-1.7665064,9.004874
1500079697013,2.7909844,-1.6899099,9.0814705
1500079697077,2.9154537,-0.76117754,8.813383
1500079697141,2.494173,-1.2686293,8.966576
1500079697205,2.5228968,-0.8664977,9.052747
1500079697268,2.5324712,-1.1345854,9.052747
1500079697332,2.5324712,-1.3165021,9.119769
1500079697395,2.3314054,-1.3452257,9.148493
1500079697459,2.6377914,-1.3548003,9.062322
1500079697523,2.561195,-1.3260766,9.062322
1500079697587,2.8101335,-1.5079932,8.966576
1500079697650,3.2026904,-1.4313968,9.033598
1500079697714,3.2409887,-1.5941644,9.119769
1500079697778,3.193116,-1.5462915,8.947427
1500079697841,3.193116,-1.4984187,8.832532
1500079697905,2.972901,-1.7377827,8.928278
1500079697970,3.078221,-1.8909757,8.966576
1500079698033,3.0877957,-2.0250196,9.043172
1500079698096,3.1452432,-1.9962958,9.20594
1500079698169,3.0303483,-1.7377827,9.129343
1500079698224,2.88673,-1.1824582,8.947427
1500079698287,2.580344,-1.2973529,8.803808
1500079698351,2.580344,-1.4601204,8.947427
1500079698415,2.0058703,-1.8239537,9.0814705
1500079698478,1.9675722,-1.9579976,9.29211
1500079698542,2.3122563,-1.2782038,9.18679
1500079698606,0.8760723,-2.9537518,9.5889225
1500079698669,0.76117754,-1.5654407,9.339984
1500079698733,0.64628285,-1.4984187,9.368708
1500079698797,0.5505372,-1.0579889,9.2825365
1500079698861,0.4835153,-1.4026731,9.41658
1500079698924,0.12925656,-0.85692316,9.339984
1500079698988,0.25372586,-0.9430942,9.368708
1500079699052,0.49308985,-0.90479594,9.29211
1500079699115,0.6750065,-1.0101161,9.445304
1500079699179,0.76117754,-0.8090504,9.483603
1500079699243,-0.2441513,-1.1250108,9.665519
1500079699307,0.081383765,-1.1154363,9.502751
1500079699370,0.39734426,-1.1537346,9.531475
1500079699434,0.10053288,-0.91437054,9.560199
1500079699498,-0.081383765,-0.85692316,9.31126
1500079699561,0.110107444,-0.9430942,9.5889225
1500079699625,0.42606795,-0.6079846,9.665519
1500079699689,0.0,-0.77075213,9.608071
1500079699752,-0.17712937,-0.6558574,9.5219
1500079699816,-0.22500217,-0.7994758,9.502751
1500079699880,-0.23457673,-0.85692316,9.445304
1500079699944,-0.42606795,-0.9622433,9.512326
1500079700007,-0.61755913,-0.7420284,9.531475
1500079700071,-0.78990126,-0.665432,9.368708
1500079700135,-0.99096704,-0.37819514,9.378282
1500079700199,-1.1058618,-0.44521707,9.368708
1500079700262,-1.0101161,-0.39734426,9.445304
1500079700326,-1.3548003,-0.110107444,9.41658
1500079700389,-1.5175679,-0.6845811,9.550624
1500079700453,-1.5079932,-0.20585304,9.253813
1500079700517,-1.6611862,-0.2920241,9.359133
1500079700581,-1.5271424,-0.42606795,9.41658
1500079700644,-1.469695,-0.12925656,9.368708
1500079700708,-1.8526775,-0.0718092,9.426155
1500079700772,-1.6994845,0.014361841,9.148493
1500079700835,-1.948423,0.13883112,9.397431
1500079700899,-2.0633178,0.2154276,9.052747
1500079700963,-2.2356598,0.2154276,9.330409
1500079701027,-1.9962958,0.12925656,9.234664
1500079701090,-2.168638,0.19627848,9.339984
1500079701154,-2.1111906,0.17712937,9.177217
1500079701218,-2.0537431,0.00478728,9.167642
1500079701281,-2.0537431,0.081383765,9.359133
1500079701345,-2.0537431,0.03351096,9.2825365
1500079701409,-2.0058703,0.2920241,9.18679
1500079701472,-2.3792782,0.18670394,9.349558
1500079701536,-2.1111906,0.25372586,9.148493
1500079701600,-2.1303396,0.37819514,9.129343
1500079701663,-2.0824668,0.23457673,9.29211
1500079701727,-1.9196993,0.23457673,9.2825365
1500079701791,-2.015445,0.2154276,9.339984
1500079701855,-1.8718265,0.17712937,9.29211
1500079701918,-1.8814012,0.081383765,9.330409
1500079701982,-1.8143792,0.062234644,9.349558
1500079702046,-1.8239537,-0.00478728,9.215514
1500079702109,-1.4888442,0.16755481,9.464453
1500079702173,-1.929274,0.0718092,9.359133
1500079702237,-1.8718265,0.05266008,9.359133
1500079702301,-1.7473572,0.00478728,9.225089
1500079702364,-1.7282082,0.25372586,8.985725
1500079702428,-1.5175679,0.36862057,9.29211
1500079702492,-1.776081,-0.11968201,9.502751
1500079702555,-1.5079932,0.12925656,9.550624
1500079702619,-1.4888442,0.2154276,9.330409
1500079702683,-1.5367169,0.14840569,9.349558
1500079702747,-1.5271424,0.13883112,9.3878565
1500079702810,-1.5271424,0.11968201,9.3878565
1500079702874,-1.6133134,0.14840569,9.3878565
1500079702937,-1.5175679,0.03351096,9.378282
1500079703001,-1.5558661,0.10053288,9.31126
1500079703065,-1.6420372,0.10053288,9.301685
1500079703130,-1.5558661,0.062234644,9.397431
1500079703193,-1.5750152,0.043085523,9.368708
1500079703256,-1.5750152,0.023936402,9.397431
1500079703320,-1.4218222,0.10053288,9.320834
1500079703383,-1.4409714,-0.062234644,9.3878565
1500079703447,-1.4313968,-0.043085523,9.339984
1500079703511,-1.6803354,0.00478728,9.359133
1500079703575,-1.5271424,-0.014361841,9.339984
1500079703638,-1.4218222,-0.0718092,9.3878565
1500079703702,-1.4505459,-0.062234644,9.41658
1500079703766,-1.4409714,0.00478728,9.320834
1500079703829,-1.6324625,0.09095833,9.330409
1500079703893,-1.5941644,0.05266008,9.378282
1500079703957,-1.5750152,0.043085523,9.339984
1500079704021,-1.5558661,0.043085523,9.397431
1500079704084,-1.5941644,0.062234644,9.339984
1500079704148,-1.5558661,0.043085523,9.397431
1500079704212,-1.8143792,0.16755481,9.301685
1500079704275,-1.8526775,-0.062234644,9.349558
1500079704339,-0.56011176,-0.4835153,9.474028
1500079704403,-0.8090504,-0.6845811,9.550624
1500079704467,-1.0771381,-0.2920241,9.474028
1500079704530,-1.0005416,-0.7994758,9.502751
1500079704594,-0.49308985,-1.1250108,9.301685
1500079704658,-0.64628285,-1.0867126,9.655944
1500079704721,-0.8281995,-0.98139244,9.454879
1500079704785,-0.49308985,-1.2207564,9.54105
1500079704849,-0.4164934,-1.1250108,9.474028
1500079704912,-0.13883112,-1.1154363,9.301685
1500079704976,0.18670394,-1.4409714,9.435729
1500079705040,0.043085523,-1.3069274,9.54105
1500079705104,0.110107444,-1.4218222,9.493176
1500079705167,-0.03351096,-1.4505459,9.397431
1500079705231,0.18670394,-1.3260766,9.445304
1500079705295,0.3877697,-1.4122477,9.435729
1500079705358,0.34947145,-1.5750152,9.636795
1500079705422,0.30159867,-1.4218222,9.320834
1500079705486,0.5313881,-1.6707608,9.493176
1500079705549,0.4835153,-1.4122477,9.493176
1500079705613,0.56968635,-1.8335283,9.454879
1500079705677,0.44521707,-1.6420372,9.435729
1500079705740,0.8090504,-1.3165021,9.445304
1500079705804,0.7420284,-1.1920328,9.435729
1500079705868,1.1058618,-0.6845811,8.937852
1500079705932,1.0675635,-1.4505459,9.617646
1500079705995,-0.8090504,-1.9962958,9.608071
1500079706059,0.37819514,-1.3069274,9.426155
1500079706123,1.2207564,-1.383524,9.033598
1500079706187,0.18670394,-1.5367169,9.41658
1500079706250,0.8281995,-1.5271424,9.550624
1500079706314,1.1824582,-1.5750152,9.435729
1500079706378,0.45479164,-1.6324625,9.493176
1500079706441,0.92394507,-1.2111819,9.18679
1500079706505,0.5792609,-1.6037389,9.339984
1500079706569,0.6271337,-1.7186337,9.502751
1500079706632,1.5271424,-1.6803354,9.158067
1500079706696,1.2016073,-1.9579976,9.560199
1500079706760,1.4122477,-1.9101248,9.560199
1500079706824,0.78990126,-2.7622607,9.818711
1500079706887,1.9101248,-0.93351966,8.822957
1500079706951,1.2303311,-2.187787,8.9761505
1500079707015,1.3165021,-1.6899099,9.397431
1500079707078,1.4026731,-2.1303396,9.263388
1500079707142,1.5750152,-1.383524,8.641041
1500079707206,1.6516117,-1.9771467,9.5219
1500079707270,-0.062234644,-3.604822,9.502751
1500079707333,1.0388398,-2.0728924,9.407005
1500079707397,0.23457673,-2.513322,9.215514
1500079707461,-0.27287498,-2.0250196,9.502751
1500079707525,0.043085523,-1.6133134,9.426155
1500079707588,-0.56968635,-1.79523,9.368708
1500079707652,-0.6271337,-1.2877784,9.397431
1500079707715,-0.99096704,-1.14416,9.272962
1500079707779,-0.8473486,-1.4122477,9.41658
1500079707843,-0.27287498,-1.948423,9.29211
1500079707907,0.0718092,-2.034594,9.359133
1500079707970,-0.54096264,-1.4505459,9.138918
1500079708034,-0.014361841,-1.8718265,9.043172
1500079708098,-0.10053288,-1.4313968,9.158067
1500079708162,-0.16755481,-0.512239,10.000628
1500079708226,0.512239,-0.6845811,9.655944
1500079708297,-0.0718092,-0.49308985,9.933606
1500079708352,0.6271337,-0.12925656,8.191036
1500079708416,-0.7420284,-1.622888,7.051664
1500079708480,-3.1356685,0.081383765,2.905879
1500079708544,-4.1122737,-0.56968635,-0.665432
1500079708607,-3.212265,-1.6611862,1.79523
1500079708671,-7.8367777,-5.299519,5.538883
1500079708735,-14.270883,-8.985725,9.378282
1500079708798,-12.748528,-7.5303917,9.339984
1500079708862,-11.59958,-3.8824842,6.5346375
1500079708926,-10.278291,-2.2835326,4.9452605
1500079708989,-9.62722,-0.5888355,3.8920588
1500079709053,-10.92936,0.03351096,2.8963046
1500079709117,-10.182545,0.8760723,2.254809
1500079709181,-9.885734,0.47394073,1.6324625
1500079709244,-9.54105,0.2920241,1.1633091
1500079709308,-9.41658,-0.12925656,0.64628285
1500079709372,-8.296356,0.42606795,1.0005416
1500079709435,-8.066567,-0.09095833,1.6420372
1500079709499,-9.885734,-0.17712937,0.40691882
1500079709563,-9.5219,-0.3111732,0.47394073
1500079709627,-9.828286,0.6079846,0.8281995
1500079709690,-7.808054,0.78990126,1.1824582
1500079709754,-9.062322,1.1537346,1.7377827
1500079709818,-12.432567,1.0388398,1.1633091
1500079709881,-9.885734,0.44521707,-2.5037475
1500079709945,-11.15915,3.059072,-0.69415563
1500079710009,-11.341067,1.6324625,2.8388572
1500079710072,-10.862339,-0.9622433,0.03351096
1500079710136,-9.722966,1.6133134,-0.49308985
1500079710200,-9.29211,1.1920328,0.18670394
1500079710264,-8.889979,0.61755913,-1.7569319
1500079710327,-10.307014,1.8431029,-0.110107444
1500079710391,-10.354887,1.0292653,-0.28244954
1500079710455,-9.5889225,0.33032233,-1.0005416
1500079710518,-8.583593,1.8718265,1.8526775
1500079710582,-8.506997,0.12925656,4.016528
1500079710646,-9.167642,0.23457673,1.4792696
1500079710709,-11.350641,-2.6186423,-6.3622956
1500079710773,-10.680422,5.088879,1.0292653
1500079710837,-8.248484,-0.47394073,2.0920415
1500079710901,-9.780414,-0.8760723,-0.54096264
1500079710964,-10.450633,1.6324625,1.5079932
1500079711028,-9.474028,-3.7197168,0.5313881
1500079711092,-10.038927,1.0579889,-0.3398969
1500079711155,-11.245321,-0.20585304,0.13883112
1500079711219,-6.4676156,1.3739494,3.0973704
1500079711283,-9.828286,-3.1452432,-1.4122477
1500079711347,-10.536804,1.2016073,-0.5218136
1500079711410,-8.23891,1.2973529,1.4026731
1500079711474,-10.268716,-2.4845984,0.71330476
1500079711538,-10.096374,1.0579889,-0.00478728
1500079711601,-9.818711,0.09095833,0.081383765
1500079711665,-9.426155,0.0718092,0.40691882
1500079711729,-9.876159,0.2154276,0.42606795
1500079711792,-9.474028,2.3792782,0.22500217
1500079711856,-9.703817,1.0867126,0.6271337
1500079711920,-9.636795,0.56968635,0.6558574
1500079711984,-9.320834,0.77075213,0.3398969
1500079712047,-9.732541,0.93351966,0.50266445
1500079712111,-9.397431,1.383524,0.00478728
1500079712175,-9.866585,0.50266445,0.64628285
1500079712239,-9.550624,1.383524,0.37819514
1500079712302,-9.809137,0.6750065,0.8856468
1500079712366,-9.41658,1.2016073,0.7994758
1500079712430,-9.493176,1.5558661,0.9622433
1500079712493,-9.8953085,-0.14840569,0.8090504
1500079712557,-9.320834,1.0771381,0.59841
1500079712621,-9.407005,1.4218222,0.93351966
1500079712685,-9.761265,1.3452257,0.8090504
1500079712748,-9.512326,0.99096704,0.9718179
1500079712812,-9.6942425,0.03351096,0.8856468
1500079712875,-9.339984,1.0675635,0.6845811
1500079712939,-9.41658,2.1590633,1.0867126
1500079713003,-9.732541,0.56968635,1.1633091
1500079713067,-9.493176,0.9526688,0.93351966
1500079713131,-9.263388,1.1058618,1.1633091
1500079713194,-9.550624,1.4505459,1.1920328
1500079713259,-9.5889225,1.5462915,0.751603
1500079713322,-9.531475,1.1728836,1.1058618
1500079713386,-9.359133,0.99096704,0.9526688
1500079713449,-9.598496,1.383524,0.6845811
1500079713512,-9.770839,0.8281995,0.7420284
1500079713576,-9.225089,1.776081,0.9622433
1500079713640,-9.54105,1.6516117,0.99096704
1500079713704,-9.397431,1.3356512,0.8281995
1500079713767,-9.818711,0.4164934,0.7420284
1500079713831,-9.272962,1.3739494,1.0962871
1500079713895,-9.493176,1.2686293,1.1345854
1500079713958,-9.560199,1.1537346,1.1633091
1500079714022,-9.225089,1.0867126,1.5750152
1500079714086,-9.397431,0.8952214,1.5175679
1500079714149,-9.378282,0.83777404,1.1250108
1500079714213,-9.62722,0.76117754,1.5271424
1500079714277,-9.445304,2.2739582,2.0824668
1500079714341,-9.378282,1.4888442,1.1058618
1500079714405,-9.349558,1.0292653,1.8143792
1500079714468,-9.761265,0.751603,0.98139244
1500079714532,-9.158067,0.91437054,1.8239537
1500079714595,-9.41658,1.0388398,2.0728924
1500079714659,-9.378282,1.469695,1.6803354
1500079714723,-9.31126,1.2303311,2.2452345
1500079714787,-9.483603,0.665432,2.2835326
1500079714850,-9.85701,-0.5313881,2.3792782
1500079714914,-9.368708,-0.3111732,2.1782124
1500079714978,-9.665519,0.37819514,2.2643836
1500079715041,-9.445304,0.42606795,1.9101248
1500079715105,-9.579348,1.0196906,1.5271424
1500079715169,-9.024023,0.61755913,1.9675722
1500079715232,-10.259142,1.3260766,3.4707782
1500079715296,-11.15915,0.062234644,1.8048047
1500079715360,-11.254896,1.14416,0.9526688
1500079715424,-9.435729,0.98139244,-1.79523
1500079715487,-9.253813,0.081383765,-2.4845984
1500079715551,-9.96233,0.13883112,-1.5367169
1500079715615,-9.98148,0.014361841,-1.1537346
1500079715678,-9.828286,-0.2154276,-1.0101161
1500079715742,-9.713391,-0.665432,-1.1345854
1500079715806,-9.598496,-0.99096704,-1.1058618
1500079715870,-9.732541,-0.751603,-1.1345854
1500079715933,-9.722966,-0.7420284,-1.0292653
1500079715997,-9.598496,-0.63670826,-1.2686293
1500079716061,-10.220843,-0.59841,-1.6420372
1500079716124,-10.479357,-0.76117754,-1.9962958
1500079716188,-10.632549,-0.6845811,-2.1399143
1500079716252,-10.163396,-0.76117754,-2.0250196
1500079716316,-8.957002,-0.8856468,-1.8431029
1500079716379,-8.985725,-1.0579889,-1.862252
1500079716443,-9.052747,-0.93351966,-1.6994845
1500079716507,-9.119769,-1.0579889,-1.3930986
1500079716570,-9.5219,-1.469695,-1.0579889
1500079716634,-9.531475,-1.3548003,-0.8281995
1500079716698,-9.5219,-0.9622433,-0.69415563
1500079716761,-9.799562,-1.0292653,-0.64628285
1500079716825,-10.2016945,-1.5845897,-0.61755913
1500079716889,-10.06765,-1.2016073,-0.5888355
1500079716953,-9.7899885,-0.47394073,-0.8281995
1500079717016,-9.799562,-0.50266445,-0.59841
1500079717080,-9.368708,-0.42606795,-0.8473486
1500079717144,-9.004874,-1.1345854,-1.0867126
1500079717208,-9.033598,-1.5654407,-0.9622433
1500079717271,-8.899554,-1.2399056,-0.6750065
1500079717335,-9.263388,-1.3452257,-0.56968635
1500079717399,-9.435729,-1.2399056,-0.56968635
1500079717462,-9.167642,-1.4984187,-0.56968635
1500079717526,-9.148493,-1.4122477,-0.34947145
1500079717590,-9.397431,-1.2494801,-0.27287498
1500079717653,-9.18679,-1.2207564,-0.12925656
1500079717717,-9.244238,-1.3069274,-0.03351096
1500079717781,-9.158067,-1.5367169,0.10053288
1500079717845,-9.5219,-1.4792696,0.26330042
1500079717908,-9.742115,-1.4218222,0.4356425
1500079717972,-9.713391,-1.3356512,0.6079846
1500079718036,-9.675094,-1.383524,0.49308985
1500079718099,-9.426155,-1.4792696,0.47394073
1500079718163,-9.177217,-1.4792696,0.36862057
1500079718227,-9.234664,-1.5941644,0.23457673
