1500140311106,3.8537605,-9.62722,-2.5324712
1500140311169,3.212265,-9.033598,-2.2356598
1500140311233,3.2601378,-8.55487,-1.7569319
1500140311297,3.7675896,-9.225089,-2.2931073
1500140311361,3.7484405,-9.435729,-2.4367256
1500140311425,3.1452432,-8.526146,-1.7282082
1500140311488,3.6335456,-8.995299,-2.1111906
1500140311552,3.997379,-9.54105,-2.5228968
1500140311615,3.1548176,-8.688913,-1.948423
1500140311679,3.5760984,-8.889979,-2.2643836
1500140311743,4.0069537,-9.253813,-2.4463003
1500140311806,3.2792869,-8.870831,-1.8239537
1500140311870,3.3750327,-8.861256,-2.0537431
1500140311934,4.121848,-9.7899885,-2.714388
1500140311998,3.2026904,-8.621892,-1.862252
1500140312061,3.2026904,-8.392102,-1.8814012
1500140312125,4.3707867,-10.029352,-2.8484318
1500140312189,3.0494976,-8.631466,-1.8239537
1500140312253,3.1643922,-8.439975,-1.8048047
1500140312316,4.658024,-10.06765,-2.8771553
1500140312380,2.9250283,-8.602742,-1.8431029
1500140312443,3.365458,-8.631466,-2.015445
1500140312507,4.437809,-9.809137,-2.7431116
1500140312571,3.0016246,-8.478273,-1.7473572
1500140312635,3.671844,-8.6697645,-2.1399143
1500140312698,4.1026993,-9.971905,-2.666515
1500140312762,3.0111992,-8.286782,-1.6899099
1500140312826,3.8633351,-8.765511,-2.1590633
1500140312889,4.150572,-9.809137,-2.5899186
1500140312953,3.078221,-8.23891,-1.6611862
1500140313017,3.6239712,-9.31126,-2.2835326
1500140313081,3.9207826,-9.177217,-2.3792782
1500140313144,3.4420545,-8.727212,-2.0250196
1500140313208,3.6526947,-9.177217,-2.3026817
1500140313272,3.8058877,-9.052747,-2.2931073
1500140313335,3.5090764,-8.746361,-2.1303396
1500140313400,3.518651,-9.119769,-2.2835326
1500140313463,3.3367343,-9.215514,-2.2356598
1500140313526,3.2888615,-9.167642,-2.2260852
1500140313590,3.3367343,-9.167642,-2.2643836
1500140313654,3.4229054,-9.033598,-2.2835326
1500140313718,3.5473747,-9.110194,-2.2452345
1500140313781,3.5473747,-8.985725,-2.2260852
1500140313845,3.758015,-8.650616,-2.2835326
1500140313909,4.0644007,-8.9761505,-2.3314054
1500140313972,3.825037,-8.861256,-2.3697038
1500140314036,4.169721,-8.353804,-1.929274
1500140314100,4.08355,-9.158067,-1.929274
1500140314163,3.8154624,-9.339984,-2.2260852
1500140314228,3.4899273,-8.7750845,-2.2931073
1500140314291,3.997379,-8.612317,-2.4654493
1500140314355,3.9590807,-9.320834,-2.3697038
1500140314418,3.078221,-9.349558,-2.2356598
1500140314483,3.0973704,-8.420826,-2.3026817
1500140314546,4.715471,-8.296356,-2.6282167
1500140314611,4.275041,-9.493176,-2.494173
1500140314673,2.867581,-9.368708,-2.34098
1500140314737,3.3080106,-8.296356,-2.513322
1500140314801,4.7250457,-8.478273,-2.7431116
1500140314864,3.7388659,-9.454879,-2.4558747
1500140314928,2.7814097,-9.110194,-2.494173
1500140314992,3.8058877,-8.076141,-2.6952388
1500140315055,4.581427,-8.957002,-2.800559
1500140315119,3.2888615,-9.378282,-2.6377914
1500140315183,3.1643922,-8.6697645,-2.8292825
1500140315247,3.5760984,-8.478273,-2.8580062
1500140315310,3.7197168,-8.909128,-2.9633265
1500140315374,3.6431203,-8.736787,-2.9441774
1500140315438,3.5378,-8.794233,-3.0877957
1500140315502,3.4037561,-9.0814705,-3.212265
1500140315565,2.9154537,-8.641041,-3.4133308
1500140315629,3.2026904,-8.765511,-3.3271596
1500140315693,3.518651,-9.502751,-3.3941817
1500140315756,3.078221,-8.593168,-3.5090764
1500140315820,3.2697124,-8.535721,-3.7101421
1500140315884,3.0303483,-8.966576,-3.5856729
1500140315947,2.752686,-9.100619,-3.499502
1500140316012,2.714388,-8.813383,-3.451629
1500140316075,2.9441774,-8.631466,-3.4133308
1500140316138,3.1069448,-8.765511,-3.384607
1500140316202,2.9441774,-9.148493,-3.1356685
1500140316266,3.0973704,-9.0814705,-3.1548176
1500140316330,2.9824755,-9.071896,-3.3080106
1500140316393,2.8484318,-9.062322,-3.0494976
1500140316458,2.8101335,-9.138918,-2.8388572
1500140316521,2.88673,-9.043172,-2.8580062
1500140316584,3.2984362,-8.746361,-2.9346027
1500140316648,3.777164,-8.612317,-2.8292825
1500140316712,3.7005677,-8.765511,-2.6856642
1500140316775,3.6335456,-8.794233,-2.647366
1500140316840,3.758015,-8.736787,-2.714388
1500140316903,3.6239712,-8.842107,-2.6952388
1500140316967,3.604822,-8.966576,-2.88673
1500140317030,4.0548263,-8.296356,-3.059072
1500140317094,4.5527034,-8.813383,-3.078221
1500140317159,3.2026904,-9.0814705,-2.752686
1500140317221,3.3080106,-8.535721,-3.0111992
1500140317285,4.389936,-8.372953,-3.173967
1500140317349,3.7197168,-9.024023,-2.867581
1500140317413,3.0877957,-8.851681,-2.9154537
1500140317477,3.5378,-8.4686985,-3.0686467
1500140317540,4.4186597,-8.602742,-3.0973704
1500140317604,3.7388659,-9.598496,-3.0973704
1500140317667,2.7048132,-8.564445,-3.1069448
1500140317731,3.499502,-8.085716,-3.3558834
1500140317796,4.0356774,-9.320834,-3.2888615
1500140317858,2.752686,-9.368708,-3.1069448
1500140317922,3.0303483,-8.210186,-3.365458
1500140317986,4.389936,-8.21976,-3.4707782
1500140318050,3.8154624,-9.138918,-3.3271596
1500140318114,2.3697038,-9.493176,-3.1452432
1500140318177,2.647366,-8.526146,-3.2409887
1500140318241,4.0356774,-7.329326,-3.346309
1500140318304,4.8207912,-9.052747,-3.5569491
1500140318368,2.867581,-9.531475,-3.212265
1500140318432,2.7431116,-8.55487,-3.346309
1500140318495,3.8537605,-8.076141,-3.6526947
1500140318559,4.322914,-9.024023,-3.5665238
1500140318623,2.9154537,-9.033598,-3.346309
1500140318687,3.2026904,-8.55487,-3.6526947
1500140318750,3.3558834,-8.545295,-3.5378
1500140318814,3.5760984,-8.7750845,-3.4229054
1500140318878,3.6239712,-8.717637,-3.5090764
1500140318941,3.2505634,-8.4686985,-3.5090764
1500140319005,2.9441774,-8.621892,-3.346309
1500140319069,3.2409887,-9.110194,-3.4803526
1500140319133,3.2409887,-8.650616,-3.6622694
1500140319196,3.2505634,-8.506997,-3.5378
1500140319260,3.4899273,-8.957002,-3.5569491
1500140319324,3.1165195,-8.736787,-3.6526947
1500140319387,2.8963046,-8.889979,-3.6335456
1500140319451,2.9441774,-8.832532,-3.499502
1500140319515,3.193116,-8.583593,-3.5473747
1500140319578,3.193116,-8.602742,-3.6143966
1500140319642,3.1452432,-8.813383,-3.3367343
1500140319707,3.039923,-9.158067,-3.3175852
1500140319770,3.231414,-8.937852,-3.604822
1500140319834,3.2888615,-8.688913,-3.5569491
1500140319898,3.0686467,-8.736787,-3.4133308
1500140319961,3.2505634,-8.909128,-3.4324799
1500140320024,3.2984362,-8.631466,-3.3367343
1500140320088,3.6814184,-8.5740185,-3.3367343
1500140320152,3.911208,-8.526146,-3.2505634
1500140320216,4.08355,-8.535721,-3.2218397
1500140320279,3.9686553,-8.34423,-3.3271596
1500140320343,3.690993,-8.478273,-3.2792869
1500140320407,3.499502,-8.947427,-3.1835413
1500140320470,3.8058877,-8.861256,-3.1356685
1500140320534,3.9590807,-8.210186,-3.4229054
1500140320598,4.466532,-8.066567,-3.5473747
1500140320661,4.0356774,-8.736787,-3.384607
1500140320725,3.1643922,-8.143164,-3.2984362
1500140320789,3.6526947,-8.133589,-3.6239712
1500140320853,3.4899273,-8.392102,-3.7388659
1500140320916,3.0973704,-8.535721,-3.825037
1500140320981,3.3175852,-8.258059,-4.2080193
1500140321044,3.3941817,-8.018694,-4.5622783
1500140321108,3.193116,-8.018694,-4.5527034
1500140321171,3.1356685,-8.133589,-4.9452605
1500140321235,3.0877957,-7.9516726,-5.3569665
1500140321298,2.9346027,-7.7314577,-5.873993
1500140321363,2.8292825,-7.4920936,-6.0750585
1500140321426,2.8484318,-7.4537954,-6.4293175
1500140321491,2.8388572,-7.396348,-6.6208086
1500140321554,2.666515,-7.2335806,-6.8027253
1500140321617,2.4558747,-6.7261286,-7.0325146
1500140321681,2.3697038,-6.678256,-7.089962
1500140321745,2.408002,-6.8027253,-7.0325146
1500140321809,2.3026817,-6.764427,-7.0612383
1500140321872,2.3314054,-6.7357035,-7.0708127
1500140321936,2.2452345,-6.6878304,-7.12826
1500140321999,2.2260852,-6.668681,-7.1474094
1500140322063,2.168638,-6.639958,-7.243155
1500140322127,2.0824668,-6.611234,-7.1186857
1500140322190,2.2931073,-6.8410234,-7.1665583
1500140322254,2.0920415,-6.410168,-7.3771987
1500140322318,1.9675722,-6.323997,-7.243155
1500140322382,2.015445,-6.6495323,-7.2623043
1500140322445,2.0920415,-6.5059137,-7.2910275
1500140322509,2.015445,-6.391019,-7.3676243
1500140322573,1.8909757,-6.2665496,-7.501668
1500140322636,1.7856555,-6.3144226,-7.5399666
1500140322700,1.7377827,-6.3622956,-7.587839
1500140322764,1.6516117,-6.256975,-7.6740103
1500140322828,1.622888,-6.218677,-7.7314577
1500140322891,1.6899099,-6.218677,-7.769756
1500140322955,1.6516117,-6.1229315,-7.7506065
1500140323019,1.6420372,-6.103782,-7.721883
1500140323082,1.6707608,-6.0463347,-7.7793303
1500140323146,1.6994845,-6.1612296,-7.7984796
1500140323210,1.5654407,-6.0463347,-7.769756
1500140323273,1.6037389,-6.0846334,-7.808054
1500140323337,1.6037389,-6.1420803,-7.8367777
1500140323401,1.5845897,-5.950589,-7.855927
1500140323465,1.622888,-6.094208,-7.8272033
1500140323528,1.776081,-6.4197426,-7.846352
1500140323592,1.7856555,-6.525063,-7.741032
1500140323656,1.9579976,-6.4963393,-7.6835847
1500140323720,1.948423,-6.5537868,-7.6740103
1500140323783,2.0441687,-7.089962,-7.4250717
1500140323847,1.8814012,-7.4154973,-6.5825105
1500140323911,1.4601204,-7.3006024,-4.619725
1500140323974,0.2441513,-8.497422,-3.365458
1500140324038,-0.76117754,-9.971905,-1.5367169
1500140324102,-0.20585304,-11.896391,-2.0728924
1500140324165,1.9867213,-13.390023,-1.9867213
1500140324229,2.8388572,-10.757019,1.2686293
1500140324293,1.4409714,-8.909128,1.3260766
1500140324357,-0.8760723,-6.6016593,2.1207652
1500140324420,-4.73462,-5.692076,4.4856815
1500140324484,-8.028269,-3.3271596,6.410168
1500140324548,-7.9420977,-3.4803526,8.583593
1500140324611,-5.299519,-1.3260766,7.7984796
1500140324675,-5.433563,-3.3367343,6.7548523
1500140324739,-5.06973,-2.408002,8.248484
1500140324802,-5.3952646,-0.45479164,7.7793303
1500140324866,-5.2420716,-1.7377827,6.7548523
1500140324931,-5.6250544,-0.69415563,8.497422
1500140324994,-6.783576,-2.867581,6.4484663
1500140325057,-5.797396,-2.972901,7.2910275
1500140325121,-5.299519,-2.3505547,8.870831
1500140325185,-5.4718614,-2.4463003,7.9133744
1500140325249,-4.83994,-2.647366,7.2527294
1500140325312,-3.777164,-3.6335456,8.037844
1500140325376,-3.5856729,-4.9069624,6.1995277
1500140325440,-1.5941644,-6.6016593,5.6154795
1500140325503,-0.13883112,-7.5399666,5.38569
1500140325567,-0.03351096,-8.583593,4.9739842
1500140325632,0.20585304,-9.62722,3.6431203
1500140325695,0.7324539,-10.996383,3.346309
1500140325758,0.9526688,-10.565528,3.1165195
1500140325822,0.30159867,-9.876159,3.9686553
1500140325886,-0.8856468,-9.531475,4.322914
1500140325949,-1.8814012,-8.583593,4.619725
1500140326013,-2.1782124,-8.315506,4.4473834
1500140326077,-2.1207652,-8.171887,4.169721
1500140326140,-1.9388485,-8.296356,4.0261025
1500140326204,-1.862252,-8.420826,4.1888704
1500140326268,-1.8335283,-8.487848,4.303765
1500140326331,-1.7569319,-8.602742,4.2654667
1500140326395,-1.6324625,-8.765511,4.1888704
1500140326459,-1.8239537,-8.880404,4.1601467
1500140326523,-2.168638,-8.813383,4.284616
1500140326586,-2.2739582,-8.516571,4.2271686
1500140326650,-2.34098,-8.4686985,4.1409974
1500140326714,-2.2835326,-8.526146,3.997379
1500140326779,-2.2931073,-8.698488,3.9782298
1500140326841,-2.2835326,-8.717637,4.0548263
1500140326905,-2.0920415,-8.621892,4.121848
1500140326969,-1.9675722,-8.6697645,4.045252
1500140327032,-1.9196993,-8.755936,3.9590807
1500140327096,-2.0824668,-8.851681,3.825037
1500140327160,-2.0441687,-8.765511,3.7675896
1500140327223,-2.0058703,-8.813383,3.7388659
1500140327287,-2.1111906,-8.985725,3.7963133
1500140327351,-2.3122563,-8.899554,4.08355
1500140327414,-2.513322,-8.44955,4.1122737
1500140327478,-2.187787,-8.124015,3.825037
1500140327542,-2.0920415,-8.497422,3.6526947
1500140327606,-2.2356598,-9.014449,3.7101421
1500140327669,-2.1973617,-9.167642,4.0548263
1500140327733,-2.0633178,-8.794233,4.131423
1500140327797,-1.7856555,-8.612317,4.045252
1500140327860,-2.2739582,-9.062322,4.016528
1500140327924,-2.5516202,-8.928278,3.9782298
1500140327988,-2.187787,-8.478273,3.9016335
1500140328052,-1.6899099,-8.545295,3.9590807
1500140328117,-1.4218222,-8.899554,4.0356774
1500140328179,-0.8760723,-9.071896,4.4090853
1500140328243,0.05266008,-9.560199,4.3995104
1500140328306,0.8281995,-9.8953085,4.150572
1500140328370,1.14416,-9.569773,3.690993
1500140328434,1.0292653,-9.96233,3.5090764
1500140328497,1.4888442,-8.899554,3.5282254
1500140328561,1.6803354,-8.765511,3.4803526
1500140328625,1.6324625,-7.9899707,3.5090764
1500140328689,0.22500217,-7.195282,4.3133397
1500140328752,-1.4601204,-7.2144313,3.7005677
1500140328816,-3.9590807,-7.02294,5.261221
1500140328880,-5.414414,-6.7069798,6.6208086
1500140328943,-6.0750585,-4.868664,6.7931504
1500140329007,-6.745278,-2.7622607,6.697405
1500140329071,-6.869747,-2.1207652,7.2910275
1500140329135,-7.3006024,-1.1920328,7.2144313
1500140329198,-6.6016593,-1.2111819,8.00912
1500140329262,-6.4197426,-0.64628285,9.052747
1500140329326,-8.583593,-2.2069361,9.18679
1500140329389,-8.1623125,-2.3697038,7.0325146
1500140329453,-4.7250457,-2.4845984,6.697405
1500140329517,-1.1920328,-5.2420716,5.941015
1500140329580,-1.0484143,-6.975067,5.519734
1500140329644,-0.9622433,-9.20594,4.0069537
1500140329708,-0.5313881,-9.85701,2.8101335
1500140329772,-0.359046,-9.675094,2.1399143
1500140329835,-0.39734426,-9.96233,1.9771467
1500140329899,-0.359046,-9.598496,1.1824582
1500140329963,-0.2154276,-9.85701,0.8760723
1500140330026,-0.23457673,-9.770839,0.32074776
1500140330090,-0.5218136,-9.828286,0.23457673
1500140330154,-0.9622433,-10.096374,-0.4835153
1500140330219,-1.3643749,-10.29744,-0.5792609
1500140330281,-1.6324625,-9.75169,-0.2920241
1500140330345,-1.9867213,-10.019777,-0.9718179
1500140330409,-2.321831,-9.904882,-0.9622433
1500140330472,-2.360129,-9.914457,-0.8952214
1500140330537,-2.101616,-9.64637,-1.0005416
1500140330600,-1.6133134,-9.320834,-1.3069274
1500140330663,-1.0867126,-9.426155,-1.7186337
1500140330727,-0.78990126,-9.5219,-1.622888
1500140330791,-0.5313881,-9.407005,-1.9101248
1500140330856,-0.27287498,-9.301685,-1.8718265
1500140330918,-0.6079846,-9.799562,-2.015445
1500140330982,-0.9622433,-10.153821,-1.8143792
1500140331046,-0.8856468,-9.569773,-1.3260766
1500140331110,-0.76117754,-9.761265,-1.8526775
1500140331174,-0.34947145,-9.158067,-1.5845897
1500140331237,-0.081383765,-9.435729,-2.2165108
1500140331301,-0.12925656,-9.991054,-2.6186423
1500140331364,-0.2154276,-9.924032,-2.5899186
1500140331428,-0.00478728,-9.713391,-2.4175766
1500140331491,0.0718092,-9.531475,-2.2643836
1500140331556,-0.18670394,-9.799562,-2.5420458
1500140331620,-0.4356425,-10.105948,-2.494173
1500140331683,-0.34947145,-9.75169,-2.168638
1500140331747,-0.15798025,-9.684668,-1.9771467
1500140331810,0.00478728,-9.5889225,-1.9675722
1500140331874,0.7228793,-9.234664,-2.2356598
1500140331938,1.1633091,-9.435729,-2.7909844
1500140332001,1.2207564,-9.598496,-3.193116
1500140332065,0.7994758,-9.454879,-3.039923
1500140332129,-0.33032233,-10.0868,-3.020774
1500140332193,-1.1058618,-10.000628,-2.4463003
1500140332256,-1.1250108,-10.029352,-1.6037389
1500140332320,-0.56011176,-9.8953085,-1.2399056
1500140332384,-0.081383765,-9.636795,-1.0962871
1500140332447,-0.023936402,-9.847435,-1.0388398
1500140332511,-0.03351096,-9.780414,-0.8186249
1500140332575,0.3111732,-9.885734,-1.2016073
1500140332640,0.6750065,-9.2825365,-1.7473572
1500140332702,1.1154363,-9.368708,-1.6899099
1500140332766,1.4984187,-9.837861,-2.2739582
1500140332830,1.3548003,-9.761265,-1.1920328
1500140332893,1.1920328,-9.837861,-0.14840569
1500140332957,1.2877784,-8.506997,0.49308985
1500140333021,1.6037389,-9.952756,-1.5271424
1500140333084,2.1207652,-9.770839,-0.9622433
1500140333148,2.408002,-10.096374,-1.8239537
1500140333212,2.0633178,-8.191036,-2.3697038
1500140333276,1.8526775,-10.747444,-3.930357
1500140333339,1.6803354,-9.215514,-3.8346114
1500140333403,1.776081,-8.258059,-2.2260852
1500140333467,1.3356512,-10.230418,0.11968201
1500140333530,1.7569319,-9.75169,-3.5952475
1500140333594,1.9962958,-10.584677,-3.020774
1500140333658,2.4654493,-8.755936,-2.475024
1500140333722,1.2016073,-10.345312,-0.7994758
1500140333785,0.45479164,-10.565528,-0.20585304
1500140333849,1.5175679,-8.583593,0.10053288
1500140333913,1.4218222,-8.602742,1.383524
1500140333976,1.1058618,-8.459125,2.3314054
1500140334040,1.0484143,-9.85701,-0.11968201
1500140334105,2.7431116,-12.6527815,-2.2356598
1500140334167,2.321831,-10.488931,0.023936402
1500140334233,-0.93351966,-4.275041,5.538883
1500140334295,0.27287498,-9.3878565,2.6186423
1500140334359,0.99096704,-11.4272375,1.1058618
1500140334422,0.78990126,-7.137835,4.782493
1500140334486,1.5654407,-8.727212,2.4175766
1500140334550,1.9388485,-11.360216,-0.27287498
1500140334615,1.0101161,-9.8953085,2.3888528
1500140334677,-0.77075213,-7.894225,3.5090764
1500140334741,0.46436617,-10.622974,0.39734426
1500140334805,1.1824582,-10.182545,2.561195
1500140334868,1.1154363,-8.277207,4.5144053
1500140334932,1.2303311,-9.024023,2.7622607
1500140334996,-0.61755913,-7.396348,4.2558923
1500140335059,0.110107444,-9.464453,2.1111906
1500140335123,0.8856468,-9.96233,1.1537346
1500140335187,1.0005416,-10.182545,1.3165021
1500140335251,0.8186249,-10.900637,2.2739582
1500140335314,0.22500217,-11.216598,2.321831
1500140335378,0.40691882,-10.431483,1.7569319
1500140335442,0.4835153,-9.96233,1.4313968
1500140335506,0.63670826,-10.019777,1.3260766
1500140335569,0.751603,-9.675094,1.3452257
1500140335633,0.8760723,-9.3878565,1.3643749
1500140335697,0.91437054,-8.947427,1.6420372
1500140335760,0.8186249,-8.851681,1.8239537
1500140335825,0.8856468,-8.842107,2.1782124
1500140335888,1.1537346,-9.052747,2.7239625
1500140335951,1.2207564,-9.483603,2.8771553
1500140336016,0.9430942,-9.550624,3.3750327
1500140336079,0.8952214,-9.799562,3.231414
1500140336143,1.0962871,-9.225089,2.867581
1500140336206,1.3260766,-9.330409,2.5037475
1500140336270,1.2494801,-9.675094,2.408002
1500140336334,1.1345854,-9.971905,2.494173
1500140336397,1.1345854,-9.665519,2.7814097
1500140336461,1.2207564,-9.655944,2.800559
1500140336525,1.4409714,-10.058076,3.020774
1500140336588,1.8048047,-10.594251,3.499502
1500140336652,2.561195,-10.575102,4.2463174
1500140336717,4.993133,-11.26447,2.3792782
1500140336780,7.2240057,-10.900637,0.45479164
1500140336844,7.0803876,-10.383611,0.9718179
1500140336907,3.9207826,-10.172971,1.9101248
1500140336971,1.6420372,-7.4154973,3.7484405
1500140337034,-0.23457673,-7.549541,5.644203
1500140337098,-2.8771553,-3.212265,8.803808
1500140337162,0.00478728,1.4218222,9.943181
1500140337226,5.82612,1.7569319,8.191036
1500140337289,7.6069884,0.85692316,7.2240057
1500140337353,8.1623125,1.1824582,6.668681
1500140337417,7.0325146,0.2154276,5.979313
1500140337480,7.3771987,-1.2111819,6.4963393
1500140337544,7.4920936,-0.4164934,6.611234
1500140337608,7.310177,-0.7420284,6.563361
1500140337672,7.9037995,-0.63670826,6.7261286
1500140337735,7.02294,-1.2686293,6.8601727
1500140337799,6.8122997,-0.6750065,5.845269
1500140337863,7.6835847,-0.28244954,5.835695
1500140337926,7.4537954,-0.64628285,6.4293175
1500140337990,7.348475,-0.2920241,6.333572
1500140338054,7.3867736,-0.34947145,6.3622956
1500140338118,7.195282,-0.6558574,6.3814445
1500140338181,7.1186857,-0.37819514,6.47719
1500140338245,7.3676243,-0.3398969,6.630383
1500140338309,7.042089,-0.6079846,6.7357035
1500140338372,7.051664,-0.4835153,6.1995277
1500140338436,7.482519,-0.25372586,5.9697385
1500140338500,7.35805,-0.49308985,6.5825105
1500140338564,7.02294,-0.3877697,6.6208086
1500140338627,7.12826,-0.4164934,6.5729356
1500140338691,6.9942164,-0.5792609,6.678256
1500140338755,7.0133657,-0.5888355,6.7548523
1500140338818,7.0133657,-0.59841,6.783576
1500140338882,6.745278,-0.3398969,6.7357035
1500140338946,7.0803876,-0.26330042,6.323997
1500140339010,7.46337,-0.40691882,6.4484663
1500140339073,6.7261286,-0.4164934,6.697405
1500140339137,6.716554,-0.18670394,6.7261286
1500140339201,7.051664,-0.359046,6.898471
1500140339265,6.7740016,-0.78990126,7.348475
1500140339328,6.4963393,-0.45479164,7.051664
1500140339392,6.8122997,-0.23457673,6.6495323
1500140339456,7.003791,-0.00478728,6.3622956
1500140339519,7.176133,0.09095833,7.1186857
1500140339584,6.37187,-0.45479164,7.0133657
1500140339647,6.630383,-0.10053288,6.630383
1500140339710,6.9942164,-0.359046,6.8888965
1500140339774,6.6208086,-0.5792609,7.4059224
1500140339838,6.630383,-0.19627848,7.2718787
1500140339901,6.544212,-0.043085523,6.716554
1500140339965,6.9654927,0.0,6.668681
1500140340029,6.6591067,-0.043085523,6.9463434
1500140340092,6.6878304,-0.10053288,6.869747
1500140340156,6.6016593,0.0718092,6.8122997
1500140340220,6.544212,-0.15798025,7.02294
1500140340285,6.563361,-0.2920241,7.051664
1500140340348,7.003791,-0.3877697,7.3389006
1500140340411,6.151655,-0.50266445,7.434646
1500140340475,6.592085,-0.28244954,6.8410234
1500140340538,7.0995364,0.14840569,6.4293175
1500140340602,6.9080453,-0.09095833,7.195282
1500140340666,6.4963393,-0.2441513,7.1091113
1500140340731,6.7357035,0.03351096,6.6208086
1500140340793,6.745278,0.00478728,6.5729356
1500140340857,6.9559183,-0.110107444,6.8888965
1500140340921,6.8601727,-0.44521707,7.501668
1500140340984,5.8931417,-0.39734426,7.3867736
1500140341049,6.6878304,0.023936402,6.5346375
1500140341112,7.3867736,-0.26330042,6.611234
1500140341176,6.592085,-0.2154276,7.1857076
1500140341239,6.668681,0.081383765,6.8601727
1500140341303,6.745278,0.10053288,6.639958
1500140341367,6.7740016,-0.13883112,6.7261286
1500140341431,6.9463434,-0.12925656,6.8601727
1500140341494,6.7931504,-0.4164934,7.1857076
1500140341558,6.5537868,-0.50266445,6.9463434
1500140341622,6.47719,0.05266008,6.2091026
1500140341685,7.1665583,-0.023936402,6.0750585
1500140341749,6.170804,-0.20585304,6.9176197
1500140341813,6.218677,-0.54096264,6.6495323
1500140341876,6.764427,-1.2207564,6.7261286
1500140341940,7.2623043,-1.6611862,6.9559183
1500140342004,7.4442205,-1.2303311,7.195282
1500140342067,7.0612383,-0.99096704,6.898471
1500140342131,6.8410234,-1.4984187,6.668681
1500140342195,6.869747,-1.4313968,6.783576
1500140342259,7.0133657,-1.8431029,6.7357035
1500140342322,6.783576,-2.1590633,6.515488
1500140342386,7.4537954,-2.2452345,5.873993
1500140342450,7.6835847,-2.4463003,5.653778
1500140342515,7.5303917,-2.8388572,6.151655
1500140342577,7.3006024,-2.9537518,6.1229315
1500140342641,7.3389006,-2.8771553,5.82612
1500140342705,7.204857,-2.9633265,5.7686725
1500140342768,7.204857,-3.212265,6.0750585
1500140342832,7.1857076,-3.020774,5.8548436
1500140342896,7.2623043,-3.1548176,5.7782474
1500140342959,7.0995364,-3.193116,5.979313
1500140343023,7.0803876,-3.0877957,5.979313
1500140343087,7.0803876,-3.126094,5.979313
1500140343150,7.1665583,-3.0877957,5.8931417
1500140343214,7.1665583,-3.0973704,5.9314404
1500140343278,7.2527294,-3.0973704,5.9218655
1500140343341,7.1186857,-3.1356685,6.0846334
1500140343405,7.137835,-3.0686467,5.979313
1500140343469,7.137835,-3.1165195,5.8835673
1500140343533,7.1091113,-2.8292825,5.7016506
1500140343596,6.869747,-2.6282167,5.82612
1500140343660,7.176133,-2.800559,6.065484
1500140343724,7.3771987,-2.9537518,6.1612296
1500140343787,7.243155,-2.9154537,6.0463347
1500140343851,7.137835,-2.9346027,6.027186
1500140343915,7.3676243,-3.0016246,6.0846334
1500140343979,6.984642,-2.8388572,6.027186
1500140344042,7.3006024,-2.7718353,5.5963306
1500140344106,7.4920936,-2.8484318,5.797396
1500140344170,7.137835,-2.819708,6.0080366
1500140344233,7.176133,-2.9154537,5.9314404
1500140344298,7.2144313,-2.905879,5.912291
1500140344361,7.1474094,-2.867581,5.759098
1500140344424,7.3197513,-2.714388,5.7016506
1500140344488,7.1665583,-3.2697124,6.0750585
1500140344552,7.2335806,-2.9346027,5.8931417
1500140344616,7.2910275,-2.905879,5.6154795
1500140344679,7.2910275,-3.039923,5.8644185
1500140344743,7.281453,-3.0494976,5.787822
1500140344807,7.396348,-3.059072,5.739949
1500140344870,7.329326,-3.0686467,5.8165455
1500140344934,7.329326,-2.9920502,5.7303743
1500140344998,7.348475,-3.020774,5.759098
1500140345061,7.310177,-3.0111992,5.7686725
1500140345125,7.2623043,-3.0303483,5.7686725
1500140345189,7.396348,-2.9824755,5.9027166
1500140345253,7.1857076,-2.9154537,5.845269
1500140345316,7.4250717,-2.9920502,5.634629
1500140345380,7.281453,-2.7814097,5.8931417
1500140345444,7.1474094,-2.7622607,5.759098
1500140345508,7.156984,-2.666515,5.806971
1500140345571,7.281453,-2.8101335,5.950589
1500140345635,7.3006024,-2.8388572,5.979313
1500140345699,7.204857,-2.8771553,6.0559096
1500140345763,7.2240057,-2.8292825,6.017611
1500140345826,7.2144313,-2.7622607,5.950589
1500140345890,7.243155,-2.6760898,5.960164
1500140345954,7.176133,-2.7718353,6.065484
1500140346017,7.243155,-2.6186423,6.017611
1500140346081,7.1857076,-2.580344,6.065484
1500140346145,7.003791,-2.5516202,5.988888
1500140346208,7.6069884,-2.7718353,5.9027166
1500140346272,7.2623043,-2.6090677,5.998462
1500140346336,6.9559183,-2.6282167,6.0080366
1500140346399,7.1665583,-2.7622607,6.0463347
1500140346463,7.1857076,-2.7431116,5.8548436
1500140346527,7.396348,-2.8101335,5.682502
1500140346590,7.2910275,-2.8292825,5.912291
1500140346654,7.2240057,-2.905879,6.0750585
1500140346718,7.2335806,-2.8580062,5.7686725
1500140346781,7.3867736,-2.8771553,5.7495236
1500140346846,7.2718787,-2.9441774,5.988888
1500140346909,7.2144313,-2.8963046,5.835695
1500140346973,7.2910275,-2.8963046,5.806971
1500140347038,7.3197513,-2.88673,5.835695
1500140347100,7.243155,-2.9154537,5.8835673
1500140347164,7.2623043,-2.9154537,5.8548436
1500140347227,7.281453,-2.9346027,5.8165455
1500140347291,7.310177,-2.9441774,5.8835673
1500140347356,7.2240057,-2.9537518,5.8548436
1500140347419,7.3676243,-3.059072,5.950589
1500140347482,7.2335806,-2.9920502,5.979313
1500140347546,7.2240057,-2.905879,5.7112255
1500140347610,7.2527294,-2.9250283,5.806971
1500140347674,7.243155,-2.8388572,5.873993
1500140347737,7.2335806,-2.800559,5.9027166
1500140347801,7.137835,-2.752686,5.8548436
1500140347865,7.1474094,-2.8484318,6.027186
1500140347928,6.9080453,-2.800559,5.9314404
1500140347992,7.176133,-2.733537,5.835695
1500140348056,7.156984,-2.88673,6.0463347
1500140348120,7.0325146,-2.9633265,5.979313
1500140348183,7.2240057,-2.88673,5.7686725
1500140348247,7.693159,-3.0973704,5.739949
1500140348311,6.9176197,-3.4133308,6.7740016
1500140348375,6.563361,-3.212265,5.845269
1500140348439,7.922949,-2.8771553,4.619725
1500140348502,8.047418,-2.972901,5.806971
1500140348565,6.9271946,-3.3750327,6.4676156
1500140348629,7.2718787,-3.1643922,5.462287
1500140348693,7.482519,-3.0494976,5.82612
1500140348756,6.783576,-3.346309,6.180379
1500140348820,6.9654927,-2.8580062,5.38569
1500140348884,7.549541,-3.0973704,5.873993
1500140348948,6.936769,-2.9346027,6.3527207
1500140349011,7.0325146,-2.7909844,5.7016506
1500140349075,7.281453,-2.8101335,5.7208
1500140349139,7.195282,-2.8101335,5.82612
1500140349202,7.3006024,-2.8771553,5.6250544
1500140349266,7.1091113,-2.800559,5.7495236
1500140349330,6.821874,-2.8388572,5.682502
1500140349394,7.137835,-3.3271596,5.682502
1500140349457,7.4059224,-3.499502,5.6633525
1500140349522,7.3197513,-3.6622694,5.462287
1500140349585,7.2144313,-3.9016335,5.328243
1500140349648,7.1474094,-4.131423,5.3569665
1500140349712,7.2335806,-4.3133397,5.2899446
1500140349776,7.4250717,-4.5144053,5.28037
1500140349841,7.2718787,-4.6005764,5.232497
1500140349903,7.156984,-4.6293,5.2707953
1500140349967,7.0995364,-4.581427,5.2707953
1500140350031,6.9176197,-4.476107,5.041006
1500140350094,6.898471,-4.4856815,4.9739842
1500140350158,6.9654927,-4.6388745,5.261221
1500140350222,6.869747,-4.8782387,5.28037
1500140350285,7.0803876,-4.9835587,5.155901
1500140350349,7.1186857,-4.887813,5.2707953
1500140350413,7.089962,-4.954835,5.309094
1500140350478,7.2335806,-4.8782387,5.2899446
1500140350540,7.2144313,-4.83994,5.376116
1500140350604,7.0995364,-4.5239797,5.4718614
1500140350668,7.0325146,-4.3995104,5.519734
1500140350731,6.8410234,-3.911208,5.5580325
1500140350795,6.8027253,-3.604822,5.5484576
1500140350859,6.6016593,-3.126094,5.5101595
1500140350923,5.586756,-2.513322,5.912291
1500140350986,4.4856815,-2.6569405,5.7112255
1500140351050,3.6526947,-2.7622607,5.0601554
1500140351114,2.6569405,-5.452712,4.581427
1500140351177,2.8484318,-9.435729,0.99096704
1500140351241,5.0601554,-10.125097,-5.146326
1500140351305,2.254809,-3.844186,-10.105948
1500140351368,0.8473486,-2.3697038,-13.974071
1500140351432,-1.3165021,-2.3026817,-10.862339
1500140351496,-2.4654493,-2.5228968,-12.049584
1500140351560,-2.4367256,-2.3314054,-9.474028
1500140351623,0.49308985,-4.5622783,-7.8176284
1500140351687,-0.63670826,-3.384607,-10.220843
1500140351751,-5.1271772,-1.6516117,-9.550624
1500140351814,-2.7718353,-5.500585,-9.100619
1500140351878,-3.9686553,-6.017611,-12.193203
1500140351942,-2.3505547,-7.846352,-8.526146
1500140352006,0.40691882,-9.263388,-5.079304
1500140352069,4.7250457,-8.372953,-3.6239712
1500140352133,8.784659,-7.4059224,-2.321831
1500140352197,5.5963306,-6.8122997,-3.2601378
1500140352260,3.9590807,-6.1899533,-3.4420545
1500140352324,4.83994,-5.4431376,-3.5569491
1500140352388,5.806971,-6.678256,-5.28037
1500140352452,6.5346375,-6.170804,-6.783576
1500140352515,7.635712,-5.6154795,-6.5729356
1500140352579,4.7058964,-8.037844,-7.0325146
1500140352643,3.212265,-8.047418,-5.873993
1500140352706,3.9782298,-6.8122997,-4.7441945
1500140352770,5.309094,-6.6016593,-4.322914
1500140352834,5.586756,-6.2282515,-4.045252
1500140352898,5.146326,-7.0995364,-4.2175937
1500140352961,5.0314317,-8.55487,-4.476107
1500140353025,4.342063,-10.010203,-3.5473747
1500140353090,3.4707782,-10.316589,-0.39734426
1500140353152,2.7718353,-10.996383,1.5845897
1500140353216,0.28244954,-12.451715,1.9196993
1500140353280,2.3505547,-6.7740016,6.678256
1500140353343,3.2026904,-6.6878304,6.9176197
1500140353407,2.5994933,-7.846352,6.151655
1500140353471,2.0920415,-8.478273,6.8793216
1500140353535,2.8963046,-5.7303743,7.702734
1500140353598,2.5228968,-4.7441945,7.8176284
1500140353662,1.4313968,-3.1452432,8.918703
1500140353726,1.8143792,-5.4048395,7.4250717
1500140353789,4.7537694,-2.427151,8.44955
1500140353853,5.7208,-2.0728924,8.995299
1500140353917,4.0931244,-2.1303396,7.664436
1500140353980,4.5239797,-1.948423,8.085716
1500140354044,5.1846247,-3.499502,7.3389006
1500140354109,4.7441945,-3.3558834,7.3676243
1500140354172,5.5101595,-4.8207912,6.678256
1500140354235,5.8931417,-5.7686725,5.605905
1500140354299,6.592085,-6.151655,6.37187
1500140354363,6.3622956,-5.759098,4.2175937
1500140354428,5.739949,-6.4676156,4.619725
1500140354490,5.0984535,-6.9271946,4.916537
1500140354554,4.916537,-10.2016945,1.5654407
1500140354617,3.997379,-9.359133,1.6803354
1500140354681,2.88673,-8.784659,1.6994845
1500140354746,2.905879,-8.66019,0.8186249
1500140354809,3.9878044,-9.091045,1.1633091
1500140354872,4.935686,-7.4537954,4.9739842
1500140354936,5.988888,-6.6591067,5.567607
1500140355000,5.739949,-5.6250544,5.8931417
1500140355065,5.366541,-6.2665496,5.17505
1500140355127,4.849515,-7.3389006,4.782493
1500140355191,3.6814184,-8.2676325,4.1026993
1500140355255,3.4612036,-8.200611,3.6814184
1500140355318,3.844186,-8.028269,3.844186
1500140355383,4.0261025,-8.487848,4.0261025
1500140355446,3.690993,-8.516571,4.2558923
1500140355509,4.2175937,-7.693159,4.08355
1500140355573,4.495256,-7.4059224,3.9782298
1500140355637,4.2558923,-8.181462,3.997379
1500140355702,3.9495063,-8.612317,4.0739756
1500140355764,3.8058877,-8.200611,4.322914
1500140355828,3.690993,-7.894225,4.428234
1500140355892,3.7292912,-7.846352,4.351638
1500140355955,3.911208,-8.11444,4.4090853
1500140356020,3.8154624,-8.248484,4.322914
1500140356083,3.8824842,-8.066567,4.3133397
1500140356146,3.997379,-7.855927,4.4090853
1500140356210,5.1654754,-7.501668,3.9686553
1500140356274,6.975067,-7.0325146,1.7856555
1500140356337,6.869747,-7.3389006,-2.2452345
1500140356401,2.5228968,-8.928278,-4.322914
1500140356465,0.5505372,-10.776168,-5.2516465
1500140356528,1.6707608,-8.1623125,-2.8771553
1500140356592,3.3271596,-10.259142,-3.7101421
1500140356656,4.7250457,-6.764427,-4.0644007
1500140356720,5.538883,-11.4272375,-5.634629
1500140356783,4.2080193,-9.138918,-5.653778
1500140356847,3.518651,-4.772918,-0.043085523
1500140356911,3.7484405,-9.407005,-2.7622607
1500140356974,3.5856729,-7.616563,-3.8346114
1500140357039,5.002708,-8.372953,-3.844186
1500140357103,3.4324799,-7.1186857,-3.2601378
1500140357165,3.5760984,-8.717637,-3.5856729
1500140357230,7.875076,-1.7569319,-9.464453
1500140357293,5.088879,-4.303765,-8.765511
1500140357357,4.3324885,-8.143164,-8.076141
1500140357420,4.5144053,-3.1452432,-5.960164
1500140357484,3.7101421,-5.38569,-3.4803526
1500140357548,3.2601378,-9.225089,-4.8590894
1500140357612,3.2697124,-4.3133397,-8.143164
1500140357675,8.880404,-6.2091026,-10.670848
1500140357739,8.5740185,-8.679339,-6.821874
1500140357803,0.751603,-3.2888615,6.103782
1500140357866,5.2133484,-9.952756,-4.7537694
1500140357930,6.1420803,-4.811217,-3.911208
1500140357994,4.7441945,-7.56869,-4.8207912
1500140358057,4.658024,-6.678256,-5.414414
1500140358121,4.83994,-8.55487,-2.3314054
1500140358185,5.8548436,-4.7250457,-6.2378263
1500140358249,3.6622694,-3.499502,-8.497422
1500140358312,6.9559183,-7.788905,-8.650616
1500140358376,3.9878044,-6.6591067,-5.672927
1500140358441,6.0463347,-5.5101595,-6.592085
1500140358503,4.456958,-6.9463434,-7.7314577
1500140358567,3.4707782,-5.7208,-3.7963133
1500140358631,3.8729098,-7.1186857,-6.9271946
1500140358695,3.930357,-8.7750845,-3.5760984
1500140358758,3.1643922,-7.9899707,-4.5335546
1500140358822,5.452712,-4.0548263,-6.975067
1500140358886,9.943181,-7.12826,-11.455961
1500140358949,2.3026817,-4.619725,4.6867476
1500140359013,2.7814097,-9.847435,-1.1728836
1500140359077,4.7250457,-9.368708,-4.73462
1500140359141,5.433563,-7.9037995,-1.4888442
1500140359204,3.3271596,-6.821874,-1.2111819
1500140359268,2.408002,-7.511243,-6.0559096
1500140359332,0.5505372,-8.439975,-4.389936
1500140359395,-1.9101248,-6.869747,-1.4601204
1500140359459,-1.9388485,-8.851681,-1.5941644
1500140359523,-1.3069274,-9.569773,-2.360129
1500140359586,-1.6803354,-9.301685,-4.342063
1500140359650,-1.8143792,-9.014449,-4.303765
1500140359714,-3.2888615,-9.426155,-6.2474008
1500140359779,-3.5473747,-9.866585,-6.256975
1500140359841,-3.930357,-9.809137,-5.806971
1500140359905,-4.3803616,-10.5080805,-7.4537954
1500140359969,-5.155901,-9.579348,-6.1612296
1500140360032,-4.303765,-8.401677,-4.801642
1500140360096,-4.8782387,-7.8846507,-4.495256
1500140360160,-3.8537605,-7.693159,-3.4612036
1500140360223,-3.5665238,-8.439975,-3.518651
1500140360287,-3.6622694,-8.966576,-3.039923
1500140360351,-3.911208,-9.244238,-2.1303396
1500140360414,-3.930357,-8.870831,-0.6271337
1500140360478,-3.4899273,-8.056993,0.2441513
1500140360542,-2.6760898,-7.4154973,1.6133134
1500140360606,-4.8973875,-6.9463434,1.9771467
1500140360669,-7.875076,-4.8782387,3.2026904
1500140360733,-8.957002,-3.499502,3.4612036
1500140360797,-9.598496,-3.1165195,4.648449
1500140360860,-8.55487,-4.1026993,5.9027166
1500140360924,-7.329326,-6.639958,5.1654754
1500140360988,-7.3867736,-7.0708127,4.437809
1500140361051,-7.204857,-6.5537868,5.309094
1500140361116,-6.9271946,-6.113357,3.9686553
1500140361179,-5.108028,-6.984642,5.787822
1500140361243,-3.671844,-5.586756,7.35805
1500140361306,-2.2643836,-4.5335546,8.21976
1500140361370,-0.83777404,-5.0601554,4.466532
1500140361434,-1.8431029,-9.64637,-0.2154276
1500140361497,-3.4899273,-3.499502,0.50266445
1500140361561,-6.525063,-7.2718787,-3.0303483
1500140361625,-6.458041,-4.2558923,-5.2516465
1500140361688,-7.875076,-5.8931417,-6.132506
1500140361752,-7.2527294,-5.0505805,-4.2558923
1500140361816,3.126094,-6.1899533,-1.3069274
1500140361880,-13.351725,-2.1590633,-7.1091113
1500140361943,-7.7123084,-6.027186,-5.2420716
1500140362007,-9.445304,-4.5622783,-5.586756
1500140362071,-9.847435,-3.5378,-5.644203
1500140362135,-8.1623125,-4.6005764,-7.8176284
1500140362199,-8.708063,-1.5367169,-7.693159
1500140362263,-9.033598,-2.254809,-5.912291
1500140362326,-8.880404,-2.4654493,-5.7303743
1500140362389,-8.420826,-2.34098,-6.668681
1500140362453,-8.487848,-3.1165195,-6.697405
1500140362517,-7.156984,-3.4612036,-8.315506
1500140362580,-7.501668,-3.2218397,-8.612317
1500140362644,-7.2144313,-4.150572,-8.248484
1500140362708,-5.672927,-3.9016335,-8.363379
1500140362771,-3.8729098,-4.2175937,-7.4537954
1500140362835,-2.3984275,-5.5484576,-8.755936
1500140362899,-2.7048132,-3.365458,-9.31126
1500140362962,-3.2984362,-3.7867386,-7.9037995
1500140363026,-3.2026904,-4.0644007,-7.6452866
1500140363090,-2.561195,-4.782493,-7.7123084
1500140363154,-2.1303396,-4.6771727,-7.12826
1500140363217,-1.7473572,-4.3707867,-6.2474008
1500140363282,-0.17712937,-3.3367343,-3.365458
1500140363345,2.3792782,-5.873993,-0.93351966
1500140363408,4.0069537,-8.315506,-5.1846247
1500140363472,2.1399143,-8.842107,-10.421909
1500140363536,2.9441774,-5.7495236,-7.0612383
1500140363601,2.3122563,-6.170804,-7.46337
1500140363663,2.580344,-5.452712,-8.124015
1500140363727,3.1452432,-6.544212,-6.8601727
1500140363791,3.518651,-7.5591154,-6.9463434
1500140363854,3.365458,-7.2910275,-5.912291
1500140363918,2.905879,-7.664436,-4.8973875
1500140363982,3.5569491,-7.1474094,-6.5537868
1500140364045,3.4612036,-6.6878304,-6.323997
1500140364109,3.825037,-6.7357035,-6.1229315
1500140364173,4.08355,-6.7548523,-6.8122997
1500140364236,4.284616,-6.6016593,-6.5059137
1500140364300,4.169721,-6.7261286,-6.2378263
1500140364364,3.8729098,-6.486765,-5.950589
1500140364428,3.4229054,-6.3814445,-6.1995277
1500140364491,3.2697124,-5.979313,-6.592085
1500140364555,3.4229054,-5.7782474,-6.410168
1500140364619,2.9441774,-6.285699,-6.151655
1500140364682,2.408002,-7.5303917,-7.3676243
1500140364746,2.580344,-8.621892,-7.6740103
1500140364810,2.7622607,-8.047418,-7.3197513
1500140364873,2.561195,-7.4059224,-6.3431463
1500140364937,1.5462915,-8.4686985,-5.2037735
1500140365001,1.383524,-8.708063,-3.5282254
1500140365065,1.1920328,-7.9899707,-1.2590547
1500140365128,0.63670826,-8.870831,-1.6899099
1500140365192,-0.46436617,-9.971905,-1.0005416
1500140365256,2.2260852,-9.837861,-5.0984535
1500140365320,0.78990126,-9.0814705,-4.1601467
1500140365383,-0.18670394,-11.063405,-1.948423
1500140365448,0.05266008,-11.111278,-0.27287498
1500140365511,0.0718092,-8.296356,3.231414
1500140365574,0.5505372,-6.438892,9.560199
1500140365638,2.6282167,-4.868664,8.851681
1500140365702,1.0388398,-6.438892,6.850598
1500140365765,-2.800559,-1.929274,9.445304
1500140365829,-1.8239537,-3.518651,7.3771987
1500140365893,-2.5994933,-2.0441687,8.6697645
1500140365957,-1.5750152,-1.5654407,8.909128
1500140366020,-2.666515,-2.8484318,8.727212
1500140366084,-2.4367256,-2.187787,10.29744
1500140366148,-3.1356685,-4.9452605,8.516571
1500140366211,-1.8909757,-4.811217,7.5208173
1500140366275,-2.7718353,-6.1420803,6.592085
1500140366339,-3.5952475,-6.783576,6.486765
1500140366402,-2.5707695,-7.616563,6.0463347
1500140366466,-2.2165108,-5.500585,7.3006024
1500140366530,-1.5654407,-5.739949,7.310177
1500140366593,-1.4409714,-4.96441,7.8367777
1500140366657,-1.7186337,-4.610151,7.9133744
1500140366721,-1.8143792,-4.916537,8.066567
1500140366786,-1.4409714,-5.998462,7.721883
1500140366848,0.00478728,-6.8122997,6.6591067
1500140366912,-2.0441687,-6.0080366,6.47719
1500140366976,-6.6016593,-3.1452432,9.6942425
1500140367039,-4.4856815,-6.639958,9.043172
1500140367104,-1.8048047,-7.5303917,5.108028
1500140367167,3.5473747,-7.281453,4.3133397
1500140367230,3.7484405,-8.430401,1.622888
1500140367294,2.168638,-9.952756,1.6803354
1500140367358,-0.043085523,-10.326163,4.5622783
1500140367422,-2.1111906,-10.29744,5.1271772
1500140367486,-0.512239,-6.821874,2.2835326
1500140367550,-1.2399056,-9.8953085,2.6569405
1500140367614,-0.25372586,-11.178299,2.7622607
1500140367676,-0.3111732,-6.333572,5.787822
1500140367740,-2.2452345,-8.966576,6.094208
1500140367804,-2.475024,-7.2335806,5.8548436
1500140367868,-0.64628285,-8.688913,4.456958
1500140367931,-1.6516117,-9.636795,5.1271772
1500140367995,-3.777164,-10.450633,3.6335456
1500140368059,-1.9675722,-4.5335546,5.4431376
1500140368122,3.4612036,-6.8888965,6.0559096
1500140368186,3.2218397,-5.644203,6.3622956
1500140368250,0.98139244,-9.148493,4.5910015
1500140368313,0.33032233,-10.737869,0.8664977
1500140368377,-0.49308985,-11.580431,1.2399056
1500140368441,-0.9622433,-8.746361,3.0686467
1500140368505,-0.8664977,-9.924032,1.5558661
1500140368568,-0.2154276,-9.091045,0.9622433
1500140368632,0.512239,-8.085716,0.00478728
1500140368696,0.023936402,-10.795317,-2.3888528
1500140368759,-1.0292653,-11.4272375,-0.85692316
1500140368823,-0.512239,-10.450633,-2.475024
1500140368887,-1.469695,-10.622974,-3.231414
1500140368950,-0.3877697,-9.971905,-3.7867386
1500140369014,0.8760723,-9.167642,-4.2271686
1500140369078,0.78990126,-7.003791,-2.0920415
1500140369142,1.3548003,-5.8931417,-0.3111732
1500140369205,0.77075213,-6.2952733,0.32074776
1500140369269,-0.93351966,-7.3771987,0.39734426
1500140369333,-2.8101335,-8.909128,-0.98139244
1500140369396,-2.7718353,-9.780414,-5.232497
1500140369460,-3.690993,-8.028269,-4.5910015
1500140369524,-4.2654667,-7.7601814,-5.002708
1500140369587,-4.3133397,-7.922949,-5.941015
1500140369651,-5.0505805,-7.6835847,-4.849515
1500140369715,-4.935686,-7.7984796,-5.7208
1500140369779,-4.96441,-7.2718787,-5.366541
1500140369842,-5.1367517,-7.8176284,-5.644203
1500140369906,-5.500585,-7.7793303,-5.49101
1500140369970,-4.993133,-8.286782,-5.567607
1500140370035,-5.7303743,-8.277207,-5.1846247
1500140370097,-6.9463434,-8.401677,-5.586756
1500140370161,-8.966576,-6.285699,-4.2558923
1500140370224,-7.664436,-6.4197426,-3.7675896
1500140370288,-6.5537868,-6.9176197,-2.8292825
1500140370352,-6.094208,-8.152739,-1.2016073
1500140370416,-6.285699,-8.621892,-1.0484143
1500140370479,-6.256975,-7.961247,-0.9526688
1500140370543,-6.438892,-7.999545,-0.8473486
1500140370607,-6.975067,-6.323997,-2.0441687
1500140370670,-8.535721,-6.486765,-2.3697038
1500140370734,-9.263388,-5.49101,-3.0877957
1500140370798,-10.565528,-4.926111,-2.8292825
1500140370862,-10.6134,-3.6335456,-2.0058703
1500140370925,-11.551707,-5.0601554,-1.2686293
1500140370989,-11.781497,-6.103782,0.16755481
1500140371053,-11.187874,-7.7506065,1.5750152
1500140371117,-9.225089,-9.866585,1.5367169
1500140371180,-5.481436,-10.431483,-0.59841
1500140371244,-2.819708,-7.7793303,-0.7994758
1500140371308,0.7228793,-4.342063,-0.0718092
1500140371372,4.121848,-3.078221,1.0579889
1500140371435,4.150572,-1.2782038,3.0303483
1500140371499,4.5144053,-1.0867126,4.6867476
1500140371562,5.2420716,-1.1250108,5.7112255
1500140371626,7.3006024,-0.90479594,6.3622956
1500140371690,8.909128,-0.28244954,6.2378263
1500140371755,8.66019,1.5462915,6.065484
1500140371817,7.549541,3.2697124,5.8165455
1500140371881,5.960164,4.2271686,3.7388659
1500140371945,4.648449,5.4048395,4.2558923
1500140372008,5.998462,3.6622694,5.529309
1500140372072,6.4293175,5.9697385,5.4718614
1500140372136,6.4005938,7.9420977,6.132506
1500140372199,9.071896,1.709059,5.0505805
