1500079162137,-3.365458,8.631466,-3.3558834
1500079162201,-2.9154537,8.23891,-4.0069537
1500079162265,-3.384607,8.2676325,-3.9399316
1500079162329,-3.2218397,8.526146,-3.911208
1500079162393,-3.4133308,8.621892,-3.5282254
1500079162456,-3.5090764,8.9761505,-3.193116
1500079162520,-2.9824755,8.957002,-2.4845984
1500079162583,-4.8207912,9.301685,-1.9101248
1500079162647,-3.173967,9.100619,-1.79523
1500079162711,-3.6526947,8.66019,-2.2739582
1500079162774,-3.7197168,8.985725,-2.475024
1500079162838,-3.2026904,9.014449,-3.1452432
1500079162902,-3.5282254,8.794233,-3.5378
1500079162965,-3.4420545,8.411251,-3.1548176
1500079163029,-3.059072,9.004874,-2.9346027
1500079163093,-3.3367343,8.23891,-3.059072
1500079163157,-3.0877957,8.353804,-2.7048132
1500079163220,-3.231414,8.564445,-3.0686467
1500079163284,-3.346309,8.803808,-2.3792782
1500079163348,-3.5090764,8.995299,-2.0250196
1500079163411,-3.7101421,9.033598,-1.5271424
1500079163475,-3.9016335,9.75169,-0.37819514
1500079163539,-3.8537605,9.445304,-1.3739494
1500079163602,-3.7963133,8.966576,-1.469695
1500079163666,-3.5473747,8.66019,-1.3260766
1500079163730,-3.5760984,8.6697645,-1.9962958
1500079163794,-3.6814184,8.6697645,-2.321831
1500079163857,-3.4133308,8.9761505,-2.0250196
1500079163921,-3.690993,9.177217,-2.6377914
1500079163985,-3.3558834,8.899554,-2.1399143
1500079164048,-3.5378,8.679339,-2.2931073
1500079164112,-3.451629,8.708063,-2.0058703
1500079164176,-3.7963133,8.803808,-1.9771467
1500079164239,-3.5952475,9.809137,-1.6899099
1500079164303,-3.671844,9.272962,-1.3739494
1500079164367,-3.7292912,8.851681,-0.61755913
1500079164431,-3.5090764,9.062322,-0.8856468
1500079164494,-3.9399316,8.315506,-1.6899099
1500079164558,-3.518651,8.842107,-1.0675635
1500079164622,-3.6431203,8.9761505,-1.2782038
1500079164685,-3.6814184,8.7750845,-1.7186337
1500079164749,-3.4707782,8.593168,-1.7665064
1500079164813,-3.7484405,9.18679,-1.8239537
1500079164877,-3.604822,8.727212,-2.0633178
1500079164940,-3.7292912,8.688913,-2.254809
1500079165004,-3.690993,8.861256,-1.8909757
1500079165068,-3.7484405,8.880404,-2.0920415
1500079165131,-3.997379,8.7750845,-2.34098
1500079165195,-4.0356774,8.411251,-2.0058703
1500079165259,-4.236743,8.880404,-1.2590547
1500079165323,-4.4856815,9.100619,-0.8760723
1500079165386,-4.5527034,8.822957,-1.0196906
1500079165451,-4.303765,8.813383,-0.9430942
1500079165514,-4.495256,9.148493,-1.5079932
1500079165578,-4.2654667,8.717637,-1.8431029
1500079165642,-4.2558923,8.545295,-1.948423
1500079165705,-4.045252,8.602742,-1.8143792
1500079165769,-4.0644007,8.535721,-2.187787
1500079165833,-4.0739756,8.200611,-2.2739582
1500079165896,-3.9878044,8.095291,-2.2643836
1500079165961,-4.150572,8.095291,-2.7239625
1500079166024,-4.1026993,8.765511,-1.9196993
1500079166087,-4.658024,8.6697645,-2.3026817
1500079166151,-4.437809,8.736787,-1.9388485
1500079166215,-4.801642,8.593168,-1.7569319
1500079166278,-4.801642,8.794233,-1.3739494
1500079166342,-4.8303657,8.334655,-1.4984187
1500079166406,-4.610151,8.315506,-1.4122477
1500079166469,-4.83994,8.593168,-1.6994845
1500079166533,-4.73462,8.526146,-1.9579976
1500079166597,-4.715471,8.382527,-2.2835326
1500079166660,-4.6867476,8.564445,-2.3888528
1500079166724,-4.466532,8.32508,-2.494173
1500079166788,-4.504831,8.085716,-2.7239625
1500079166852,-4.437809,7.922949,-2.7239625
1500079166915,-4.543129,7.894225,-2.5420458
1500079166979,-4.6675982,7.999545,-2.2931073
1500079167043,-4.811217,8.248484,-1.9867213
1500079167106,-5.2516465,8.363379,-2.1973617
1500079167170,-5.0122824,8.918703,-1.948423
1500079167234,-5.194199,8.736787,-1.948423
1500079167298,-5.146326,8.124015,-1.6420372
1500079167362,-4.9739842,8.076141,-1.2399056
1500079167426,-5.1846247,8.124015,-1.2303311
1500079167497,-5.232497,8.191036,-1.5175679
1500079167552,-4.926111,8.478273,-1.9005502
1500079167616,-4.782493,8.478273,-2.0537431
1500079167680,-4.916537,8.487848,-2.580344
1500079167744,-4.619725,8.277207,-2.7048132
1500079167807,-4.543129,7.894225,-3.039923
1500079167871,-4.303765,7.9899707,-3.0973704
1500079167935,-4.121848,7.788905,-2.9441774
1500079167998,-4.610151,8.133589,-3.1165195
1500079168062,-4.5144053,8.382527,-2.6282167
1500079168126,-4.7441945,8.755936,-2.7048132
1500079168190,-4.437809,8.305931,-2.427151
1500079168253,-4.648449,8.296356,-2.2069361
1500079168317,-4.954835,8.411251,-0.78990126
1500079168381,-4.916537,8.612317,-0.32074776
1500079168444,-5.002708,8.085716,-0.44521707
1500079168508,-4.916537,8.363379,-1.3260766
1500079168572,-4.811217,8.34423,-1.6324625
1500079168636,-4.782493,8.44955,-2.2069361
1500079168699,-4.6867476,8.516571,-2.4558747
1500079168763,-4.7537694,8.2676325,-2.8484318
1500079168827,-4.696322,8.439975,-3.2601378
1500079168890,-4.495256,8.056993,-3.0973704
1500079168954,-4.5622783,8.258059,-3.4324799
1500079169018,-4.2175937,7.999545,-2.7431116
1500079169082,-4.437809,8.487848,-2.666515
1500079169145,-5.0122824,8.966576,-2.475024
1500079169209,-4.5718527,8.755936,-2.034594
1500079169273,-4.3133397,7.6069884,-1.8909757
1500079169336,-4.7250457,7.8846507,-1.5079932
1500079169400,-4.6388745,8.210186,-1.4888442
1500079169464,-4.7537694,8.4686985,-1.7569319
1500079169528,-4.495256,8.717637,-2.0824668
1500079169591,-4.868664,8.717637,-2.4175766
1500079169655,-4.6293,8.392102,-2.580344
1500079169719,-4.658024,8.372953,-2.867581
1500079169782,-4.5144053,8.32508,-2.9154537
1500079169846,-4.275041,7.922949,-3.2409887
1500079169910,-4.476107,8.018694,-3.193116
1500079169974,-4.342063,8.21976,-3.1069448
1500079170037,-4.476107,8.459125,-3.0686467
1500079170101,-4.3995104,8.631466,-2.5324712
1500079170165,-4.5144053,8.497422,-2.1590633
1500079170228,-4.543129,8.708063,-1.4409714
1500079170292,-3.9207826,8.104865,-1.79523
1500079170356,-5.0314317,8.085716,-1.6324625
1500079170420,-4.3324885,8.353804,-2.034594
1500079170483,-4.6293,8.143164,-2.0058703
1500079170547,-4.4856815,8.411251,-2.0633178
1500079170611,-4.715471,8.717637,-2.6282167
1500079170674,-4.504831,8.535721,-2.7431116
1500079170738,-4.7441945,8.506997,-2.561195
1500079170802,-4.5239797,8.229335,-2.5516202
1500079170866,-4.456958,8.056993,-2.6282167
1500079170929,-4.5527034,7.9325233,-3.126094
1500079170993,-4.1409974,7.7601814,-3.0973704
1500079171057,-4.849515,8.497422,-3.0016246
1500079171120,-4.4090853,8.966576,-1.7186337
1500079171184,-4.96441,8.210186,-1.7377827
1500079171248,-4.9452605,8.7750845,-1.3260766
1500079171312,-4.8207912,8.506997,-1.6994845
1500079171375,-4.648449,7.616563,-1.8048047
1500079171439,-4.7441945,8.248484,-1.709059
1500079171503,-4.954835,8.363379,-1.8239537
1500079171566,-4.763344,8.34423,-1.709059
1500079171630,-4.954835,8.621892,-2.0824668
1500079171694,-4.849515,8.506997,-2.9154537
1500079171757,-4.275041,8.11444,-3.0016246
1500079171821,-4.73462,7.9420977,-3.2601378
1500079171885,-4.5622783,7.587839,-2.8292825
1500079171949,-4.619725,7.788905,-2.561195
1500079172012,-4.476107,8.305931,-2.2356598
1500079172076,-4.8782387,8.755936,-2.3697038
1500079172140,-5.1176023,8.957002,-1.9388485
1500079172204,-4.8782387,9.052747,-1.948423
1500079172267,-4.7537694,8.2676325,-2.4367256
1500079172331,-4.926111,7.702734,-2.0058703
1500079172396,-4.6388745,7.8655014,-1.8239537
1500079172459,-4.887813,7.9516726,-1.5845897
1500079172522,-4.8782387,8.124015,-1.4601204
1500079172586,-4.6675982,8.478273,-1.7665064
1500079172649,-4.7537694,8.296356,-2.0058703
1500079172713,-5.021857,8.7750845,-3.1548176
1500079172777,-4.303765,8.076141,-2.867581
1500079172841,-4.7058964,8.143164,-2.666515
1500079172904,-4.619725,7.7506065,-2.7048132
1500079172968,-4.96441,7.9037995,-2.7814097
1500079173032,-4.9069624,8.4686985,-2.7048132
1500079173095,-4.6388745,8.21976,-2.1111906
1500079173159,-5.347392,8.420826,-2.3026817
1500079173223,-5.108028,8.277207,-1.7377827
1500079173287,-4.868664,8.210186,-1.5750152
1500079173351,-5.041006,8.2676325,-1.8335283
1500079173414,-5.17505,8.191036,-1.4313968
1500079173478,-5.0601554,7.8655014,-2.2356598
1500079173541,-4.811217,7.9899707,-2.0537431
1500079173605,-5.2133484,8.210186,-2.2452345
1500079173669,-4.811217,8.258059,-2.4463003
1500079173733,-5.261221,8.401677,-2.6952388
1500079173796,-4.9452605,8.334655,-2.5516202
1500079173860,-4.868664,8.018694,-2.9441774
1500079173924,-4.8782387,7.7793303,-2.752686
1500079173987,-4.83994,7.7123084,-2.6090677
1500079174051,-4.887813,7.8272033,-2.149489
1500079174115,-5.222923,8.564445,-2.4463003
1500079174179,-4.926111,8.420826,-1.5175679
1500079174242,-5.1654754,8.602742,-2.0441687
1500079174306,-5.041006,7.999545,-1.9675722
1500079174370,-4.6005764,7.788905,-2.321831
1500079174433,-5.328243,7.855927,-2.475024
1500079174497,-4.935686,8.23891,-2.408002
1500079174561,-4.7920675,8.124015,-2.6377914
1500079174625,-5.0122824,8.372953,-2.714388
1500079174688,-4.8973875,8.152739,-2.9250283
1500079174752,-4.7537694,7.999545,-3.0016246
1500079174816,-4.648449,8.028269,-2.9441774
1500079174879,-4.9452605,8.181462,-3.0303483
1500079174943,-4.782493,8.248484,-2.494173
1500079175007,-4.887813,8.037844,-2.0920415
1500079175070,-4.8973875,7.587839,-1.9771467
1500079175134,-4.763344,8.353804,-2.0633178
1500079175198,-4.993133,8.363379,-1.929274
1500079175262,-4.9739842,8.55487,-2.3026817
1500079175326,-4.9739842,8.4686985,-2.168638
1500079175390,-4.8207912,7.999545,-2.4654493
1500079175454,-4.73462,8.124015,-2.5228968
1500079175516,-4.8207912,8.095291,-2.5994933
1500079175580,-4.6771727,8.200611,-2.6569405
1500079175645,-4.782493,8.056993,-2.7622607
1500079175709,-4.581427,7.999545,-2.9250283
1500079175771,-4.581427,7.7314577,-3.0494976
1500079175836,-4.868664,7.9133744,-3.2888615
1500079175900,-4.5527034,8.526146,-3.173967
1500079175963,-4.811217,8.372953,-2.8101335
1500079176026,-4.993133,8.037844,-2.7814097
1500079176090,-4.8303657,8.066567,-2.2739582
1500079176154,-4.887813,8.191036,-1.9962958
1500079176217,-5.0122824,8.44955,-2.1303396
1500079176281,-4.8590894,8.353804,-2.4845984
1500079176345,-4.782493,8.037844,-3.1452432
1500079176408,-4.715471,7.788905,-3.451629
1500079176472,-4.4856815,7.693159,-3.5952475
1500079176536,-4.658024,7.501668,-3.4229054
1500079176600,-4.763344,7.8655014,-2.9537518
1500079176663,-5.1654754,8.631466,-2.2739582
1500079176727,-5.261221,8.803808,-1.7569319
1500079176791,-5.3378177,8.698488,-1.79523
1500079176854,-5.0122824,8.258059,-2.2835326
1500079176918,-4.83994,7.5399666,-3.4707782
1500079176982,-4.5335546,7.2910275,-4.2463174
1500079177046,-4.2654667,6.8601727,-4.5718527
1500079177109,-4.8973875,7.2240057,-3.6814184
1500079177173,-5.2133484,8.200611,-2.015445
1500079177237,-5.49101,9.2825365,-1.1250108
1500079177300,-5.7208,9.41658,-1.0484143
1500079177364,-5.38569,8.363379,-2.2739582
1500079177428,-5.0505805,7.3771987,-2.9920502
1500079177493,-4.7250457,6.611234,-4.5527034
1500079177557,-4.3707867,6.4963393,-4.5910015
1500079177619,-5.021857,7.501668,-3.9878044
1500079177683,-5.28037,8.784659,-3.1356685
1500079177746,-5.7782474,9.330409,-2.5228968
1500079177810,-5.9697385,9.349558,-2.0728924
1500079177874,-5.261221,9.474028,-2.5037475
1500079177938,-4.935686,8.593168,-2.752686
1500079178001,-4.648449,8.717637,-2.9154537
1500079178065,-4.236743,8.229335,-2.6952388
1500079178129,-3.9207826,8.085716,-2.752686
1500079178193,-3.365458,8.210186,-2.494173
1500079178256,-2.9920502,8.286782,-2.7622607
1500079178320,-2.819708,8.851681,-3.020774
1500079178384,-2.6186423,9.330409,-3.3367343
1500079178447,-2.5037475,9.378282,-3.365458
1500079178511,-3.2601378,8.478273,-4.1601467
1500079178575,-2.427151,7.4250717,-4.3707867
1500079178638,-0.3398969,6.458041,-5.0984535
1500079178702,-1.929274,6.323997,-5.5484576
1500079178766,-2.2069361,6.7548523,-5.088879
1500079178830,-2.2643836,6.936769,-4.8973875
1500079178893,-3.3175852,8.1623125,-4.476107
1500079178957,-3.8537605,9.62722,-3.5952475
1500079179021,-4.1026993,9.770839,-3.997379
1500079179085,-4.045252,9.7899885,-2.88673
1500079179148,-4.131423,9.866585,-2.513322
1500079179212,-4.016528,8.305931,-3.365458
1500079179276,-3.4803526,7.051664,-4.3803616
1500079179339,-2.9920502,6.936769,-4.782493
1500079179403,-3.3750327,7.46337,-5.3952646
1500079179467,-3.604822,7.7984796,-4.610151
1500079179531,-4.131423,8.727212,-3.7388659
1500079179594,-4.476107,9.119769,-3.4324799
1500079179658,-4.543129,8.995299,-3.2409887
1500079179722,-4.3612123,8.66019,-4.0356774
1500079179785,-4.045252,9.435729,-4.772918
1500079179849,-4.303765,9.62722,-4.7920675
1500079179913,-3.5090764,8.842107,-4.658024
1500079179977,-2.9920502,7.616563,-4.322914
1500079180040,-2.8580062,7.9516726,-3.777164
1500079180104,-2.2931073,7.56869,-3.997379
1500079180168,-2.0920415,7.310177,-3.8058877
1500079180231,-2.015445,7.8176284,-4.0548263
1500079180295,-2.3697038,8.248484,-4.4090853
1500079180359,-2.4558747,8.612317,-4.5335546
1500079180423,-2.2931073,8.861256,-4.428234
1500079180486,-2.561195,8.55487,-4.5910015
1500079180550,-2.7239625,8.937852,-4.437809
1500079180614,-2.475024,9.110194,-3.9590807
1500079180677,-2.8963046,8.32508,-4.303765
1500079180741,-2.561195,7.922949,-4.342063
1500079180805,-2.800559,7.7314577,-5.108028
1500079180869,-2.5037475,7.6069884,-5.682502
1500079180932,-2.6186423,8.056993,-5.605905
1500079180996,-2.647366,8.315506,-4.9739842
1500079181060,-3.5665238,8.889979,-3.4229054
1500079181123,-3.7197168,9.722966,-2.561195
1500079181187,-3.4899273,9.464453,-2.0250196
1500079181251,-3.346309,9.129343,-3.346309
1500079181315,-3.4133308,7.9516726,-4.6388745
1500079181378,-2.6856642,7.616563,-5.538883
1500079181442,-2.8292825,7.7601814,-5.7112255
1500079181506,-2.647366,8.526146,-3.844186
1500079181570,-4.2080193,8.631466,-3.212265
1500079181633,-3.346309,7.587839,-1.4888442
1500079181697,-4.2941904,9.464453,-2.2643836
1500079181761,-3.7484405,9.770839,-2.7239625
1500079181824,-3.9399316,9.6942425,-2.9346027
1500079181888,-3.4420545,10.06765,-3.7388659
1500079181952,-3.2888615,9.876159,-3.7675896
1500079182015,-3.2505634,9.167642,-3.4133308
1500079182079,-2.513322,7.7984796,-3.173967
1500079182143,-2.149489,7.3867736,-2.5516202
1500079182207,-1.8718265,7.6452866,-2.800559
1500079182270,-1.79523,7.6261373,-2.9250283
1500079182334,-2.034594,8.047418,-3.6239712
1500079182399,-2.149489,9.091045,-4.0644007
1500079182462,-2.321831,9.493176,-4.2558923
1500079182525,-2.5324712,10.115523,-3.231414
1500079182590,-2.5228968,9.617646,-3.0303483
1500079182654,-2.733537,8.2676325,-3.5473747
1500079182716,-2.4367256,7.7601814,-4.198445
1500079182780,-2.3697038,7.46337,-5.06973
1500079182844,-2.647366,7.7601814,-4.8590894
1500079182907,-3.039923,9.024023,-3.9782298
1500079182971,-3.6143966,9.579348,-3.059072
1500079183035,-3.9782298,10.211268,-2.5324712
1500079183099,-3.9495063,9.502751,-2.5228968
1500079183162,-3.6526947,8.650616,-3.2505634
1500079183226,-3.5665238,8.363379,-3.8154624
1500079183290,-3.2505634,8.1623125,-4.2941904
1500079183353,-3.0303483,7.9325233,-4.6867476
1500079183417,-2.9824755,7.808054,-4.926111
1500079183481,-3.0877957,7.961247,-4.6388745
1500079183545,-3.1165195,7.9516726,-4.2463174
1500079183608,-3.4803526,8.34423,-3.3941817
1500079183672,-3.6814184,8.545295,-3.1643922
1500079183736,-3.825037,8.765511,-3.4420545
1500079183799,-4.2080193,10.125097,-4.610151
1500079183864,-3.4037561,10.239992,-4.7537694
1500079183927,-3.7388659,10.06765,-4.5910015
1500079183991,-3.1835413,7.549541,-3.825037
1500079184054,-2.5037475,6.4005938,-3.3941817
1500079184118,-2.1207652,6.5346375,-3.3558834
1500079184182,-2.5228968,7.1186857,-3.844186
1500079184246,-2.5228968,8.066567,-4.342063
1500079184309,-2.905879,8.487848,-4.5144053
1500079184373,-3.2792869,8.258059,-4.5718527
1500079184437,-3.4420545,9.129343,-4.466532
1500079184500,-3.671844,9.330409,-4.303765
1500079184564,-3.7292912,8.966576,-4.619725
1500079184628,-3.8154624,9.445304,-4.4473834
1500079184691,-3.8154624,9.464453,-4.6005764
1500079184755,-3.346309,8.612317,-4.2941904
1500079184819,-2.905879,8.439975,-4.1122737
1500079184883,-2.714388,7.4920936,-3.8633351
1500079184946,-2.5420458,6.8410234,-3.690993
1500079185010,-2.4463003,7.4920936,-3.911208
1500079185074,-2.4845984,8.00912,-4.1026993
1500079185137,-2.7718353,8.822957,-4.504831
1500079185201,-2.7814097,8.363379,-4.428234
1500079185265,-3.2697124,8.487848,-4.1792955
1500079185330,-3.2026904,8.602742,-3.9495063
1500079185393,-3.3750327,7.999545,-3.930357
1500079185456,-3.4899273,8.545295,-3.8154624
1500079185520,-3.7675896,9.177217,-4.1026993
1500079185584,-3.8633351,9.0814705,-4.3612123
1500079185648,-4.016528,10.211268,-4.150572
1500079185711,-3.6239712,10.938935,-3.9207826
1500079185774,-3.6526947,8.487848,-4.0356774
1500079185838,-2.6282167,6.821874,-3.6622694
1500079185903,-2.8101335,6.132506,-3.7963133
1500079185966,-2.3984275,6.4963393,-3.4707782
1500079186030,-2.647366,7.56869,-3.6622694
1500079186094,-3.0494976,8.870831,-3.9878044
1500079186157,-3.231414,8.392102,-3.9399316
1500079186221,-3.8346114,8.535721,-3.671844
1500079186285,-3.9495063,8.535721,-3.3750327
1500079186348,-4.198445,8.353804,-3.0494976
1500079186412,-4.581427,10.000628,-3.9686553
1500079186475,-4.437809,11.025106,-4.2654667
1500079186539,-4.5718527,9.359133,-3.8346114
1500079186603,-4.131423,9.445304,-4.1888704
1500079186667,-3.7675896,9.225089,-4.2271686
1500079186730,-3.1548176,8.516571,-3.9207826
1500079186794,-2.5707695,7.8655014,-3.7484405
1500079186858,-1.8431029,6.745278,-3.5378
1500079186922,-1.5654407,6.2282515,-3.3271596
1500079186985,-1.4313968,7.003791,-3.7005677
1500079187049,-1.5941644,7.3771987,-4.0644007
1500079187113,-1.8909757,8.11444,-4.619725
1500079187176,-2.360129,8.736787,-4.581427
1500079187240,-2.9537518,9.454879,-4.437809
1500079187304,-3.0016246,9.6942425,-4.389936
1500079187368,-3.4037561,9.684668,-4.2463174
1500079187431,-3.4707782,9.952756,-4.150572
1500079187496,-3.231414,9.435729,-4.169721
1500079187560,-3.2601378,9.301685,-4.236743
1500079187622,-2.7622607,8.842107,-4.389936
1500079187686,-2.321831,8.506997,-4.4856815
1500079187751,-1.5558661,8.401677,-4.456958
1500079187813,-0.8664977,7.922949,-4.504831
1500079187878,-0.85692316,7.1665583,-4.389936
1500079187941,-1.0962871,6.9271946,-4.121848
1500079188005,-1.1728836,7.1857076,-4.2175937
1500079188068,-1.4122477,7.8272033,-4.2654667
1500079188132,-1.9771467,8.889979,-4.7441945
1500079188196,-2.321831,8.918703,-4.303765
1500079188259,-2.9824755,10.421909,-4.5527034
1500079188324,-3.126094,9.933606,-4.3803616
1500079188387,-3.3367343,9.579348,-3.7963133
1500079188451,-3.1356685,9.397431,-3.7963133
1500079188514,-3.1356685,8.5740185,-4.1792955
1500079188578,-3.0016246,9.8953085,-4.5527034
1500079188642,-2.6282167,9.971905,-3.9399316
1500079188705,-2.2739582,8.487848,-3.4707782
1500079188769,-1.8048047,7.5399666,-3.0016246
1500079188833,-1.5845897,6.8601727,-3.346309
1500079188897,-1.3930986,6.7740016,-3.4420545
1500079188960,-1.6899099,7.9803963,-3.4899273
1500079189024,-1.8526775,9.110194,-3.7963133
1500079189088,-2.4845984,9.196365,-3.8824842
1500079189151,-2.5899186,9.464453,-3.6239712
1500079189215,-2.800559,9.407005,-3.6143966
1500079189279,-2.9824755,9.004874,-3.3175852
1500079189343,-3.2409887,8.985725,-3.2601378
1500079189406,-3.6526947,9.167642,-3.2409887
1500079189470,-3.4229054,9.742115,-3.2984362
1500079189534,-3.690993,10.546378,-3.2697124
1500079189597,-3.4707782,10.125097,-3.3175852
1500079189661,-3.212265,9.722966,-3.4899273
1500079189725,-2.5228968,8.621892,-3.1356685
1500079189789,-2.1303396,7.176133,-3.0973704
1500079189852,-1.6899099,6.9176197,-2.9346027
1500079189916,-1.79523,7.5399666,-3.2505634
1500079189980,-1.8431029,7.8272033,-3.3750327
1500079190043,-2.1399143,8.985725,-3.8537605
1500079190107,-2.3314054,9.0814705,-3.9495063
1500079190171,-2.8580062,9.138918,-3.6431203
1500079190235,-2.9441774,9.148493,-3.3175852
1500079190298,-3.3175852,9.435729,-3.020774
1500079190362,-3.4899273,9.54105,-3.1069448
1500079190426,-3.4899273,9.952756,-3.126094
1500079190489,-3.5090764,10.259142,-3.173967
1500079190553,-2.88673,9.75169,-3.499502
1500079190617,-3.3080106,8.7750845,-3.039923
1500079190680,-2.0824668,8.497422,-3.0494976
1500079190744,-2.034594,7.922949,-3.193116
1500079190808,-1.7377827,8.00912,-3.231414
1500079190873,-1.7856555,8.210186,-3.2505634
1500079190935,-1.6037389,8.018694,-3.1165195
1500079191000,-2.0441687,8.947427,-3.3941817
1500079191063,-2.101616,8.803808,-3.4899273
1500079191126,-2.3792782,8.631466,-3.2888615
1500079191190,-2.6377914,9.052747,-3.1548176
1500079191254,-2.9441774,9.225089,-2.9250283
1500079191318,-3.173967,9.665519,-2.905879
1500079191381,-3.2601378,10.421909,-3.1356685
1500079191445,-3.4324799,10.153821,-3.1548176
1500079191509,-2.9633265,10.134672,-3.2984362
1500079191572,-2.714388,9.024023,-3.2888615
1500079191636,-2.427151,8.717637,-3.1165195
1500079191700,-2.1111906,8.1623125,-3.3941817
1500079191763,-1.8143792,7.3771987,-3.0973704
1500079191827,-1.622888,7.846352,-3.4037561
1500079191891,-2.0441687,8.076141,-3.9686553
1500079191955,-2.0250196,8.918703,-3.8920588
1500079192018,-2.2452345,9.847435,-3.8824842
1500079192082,-2.3888528,8.296356,-3.7197168
1500079192145,-2.6090677,8.717637,-3.2026904
1500079192209,-2.8484318,8.688913,-3.1452432
1500079192273,-3.0111992,8.6697645,-3.2505634
1500079192337,-3.5090764,10.757019,-3.2409887
1500079192401,-3.2409887,10.862339,-3.8633351
1500079192465,-3.020774,9.493176,-3.930357
1500079192529,-2.8580062,9.138918,-3.825037
1500079192592,-2.3984275,8.34423,-3.9016335
1500079192655,-1.9101248,7.999545,-3.6335456
1500079192719,-1.8431029,7.501668,-3.604822
1500079192784,-1.5079932,7.3867736,-3.7867386
1500079192846,-1.7282082,8.066567,-4.0644007
1500079192911,-2.0824668,8.717637,-4.5144053
1500079192974,-1.9101248,8.765511,-4.3707867
1500079193037,-2.1399143,8.679339,-4.121848
1500079193101,-2.3314054,8.765511,-3.7675896
1500079193165,-2.666515,8.487848,-3.7005677
1500079193229,-2.7239625,9.004874,-3.9590807
1500079193292,-2.867581,8.995299,-4.121848
1500079193356,-3.0111992,8.966576,-4.5239797
1500079193420,-2.9824755,9.550624,-4.772918
1500079193483,-3.078221,9.799562,-4.581427
1500079193547,-2.8963046,9.560199,-4.495256
1500079193611,-2.513322,8.985725,-3.8920588
1500079193675,-2.3122563,7.9899707,-3.844186
1500079193738,-1.9867213,7.3006024,-3.604822
1500079193802,-1.7569319,7.5399666,-3.844186
1500079193866,-1.7377827,7.434646,-4.169721
1500079193929,-2.0824668,8.382527,-4.4473834
1500079193993,-2.2643836,8.870831,-4.5718527
1500079194057,-2.561195,8.4686985,-4.2654667
1500079194120,-2.647366,8.229335,-4.1026993
1500079194184,-2.819708,8.535721,-3.9016335
1500079194248,-3.3080106,9.320834,-3.5665238
1500079194312,-3.4420545,9.464453,-3.5760984
1500079194375,-3.671844,9.818711,-3.9207826
1500079194439,-3.451629,9.569773,-4.275041
1500079194503,-3.231414,9.952756,-4.236743
1500079194566,-2.9346027,8.899554,-3.9686553
1500079194630,-2.5228968,8.32508,-3.930357
1500079194694,-2.1111906,7.56869,-3.5760984
1500079194758,-1.9771467,7.195282,-3.518651
1500079194821,-1.9101248,7.501668,-3.3271596
1500079194885,-2.2069361,8.085716,-3.7292912
1500079194949,-2.4558747,8.822957,-3.9878044
1500079195012,-2.7239625,9.014449,-3.844186
1500079195076,-2.9537518,8.880404,-3.8824842
1500079195140,-2.9920502,8.966576,-3.825037
1500079195204,-3.365458,8.755936,-3.7963133
1500079195267,-3.2505634,9.378282,-3.7867386
1500079195331,-3.6431203,9.7899885,-3.7292912
1500079195395,-3.7005677,9.263388,-3.844186
1500079195458,-3.3080106,10.000628,-3.7867386
1500079195523,-2.8580062,9.339984,-3.6239712
1500079195586,-2.8771553,8.995299,-3.7867386
1500079195650,-2.0633178,7.3389006,-3.4420545
1500079195714,-2.2452345,7.4059224,-3.384607
1500079195778,-1.7473572,7.4729443,-3.365458
1500079195840,-2.0250196,7.9037995,-3.6622694
1500079195905,-2.3888528,8.861256,-3.8058877
1500079195969,-2.6377914,8.909128,-4.0069537
1500079196033,-2.2069361,8.363379,-3.5760984
1500079196096,-3.0877957,9.0814705,-3.5473747
1500079196159,-2.9633265,8.947427,-3.3941817
1500079196223,-3.2984362,9.263388,-3.4803526
1500079196287,-3.4420545,9.5889225,-3.5952475
1500079196350,-3.4037561,9.349558,-3.7197168
1500079196414,-3.1069448,9.062322,-3.9878044
1500079196478,-3.059072,9.5219,-4.236743
1500079196541,-2.7718353,9.138918,-4.5718527
1500079196605,-2.408002,8.813383,-4.4090853
1500079196669,-2.5899186,8.411251,-4.0356774
1500079196733,-2.254809,7.741032,-3.5569491
1500079196796,-2.0728924,7.5303917,-3.671844
1500079196860,-1.9962958,7.2910275,-3.4899273
1500079196924,-2.1782124,8.650616,-3.6239712
1500079196987,-2.427151,8.861256,-3.7292912
1500079197051,-2.7431116,8.420826,-3.8824842
1500079197115,-2.8292825,8.832532,-3.9686553
1500079197179,-2.9346027,8.4686985,-3.9590807
1500079197242,-3.1835413,9.100619,-4.08355
1500079197306,-3.3750327,9.742115,-4.322914
1500079197370,-3.3750327,10.038927,-4.2175937
1500079197434,-3.173967,9.684668,-4.121848
1500079197498,-2.9537518,8.918703,-3.8729098
1500079197570,-2.6186423,8.296356,-3.758015
1500079197624,-2.3697038,7.7506065,-3.671844
1500079197688,-2.0537431,7.616563,-3.4612036
1500079197752,-2.0824668,7.9325233,-3.5665238
1500079197816,-2.187787,8.277207,-3.9686553
1500079197879,-2.408002,8.861256,-4.275041
1500079197944,-2.427151,9.0814705,-4.4473834
1500079198008,-2.5228968,9.091045,-4.351638
1500079198071,-2.5899186,8.966576,-4.236743
1500079198134,-2.5037475,8.6697645,-3.9207826
1500079198198,-2.6569405,8.526146,-3.7197168
1500079198262,-2.5707695,8.516571,-3.8729098
1500079198325,-2.7239625,8.593168,-3.8537605
1500079198389,-2.5899186,8.746361,-3.9686553
1500079198453,-2.6760898,8.794233,-4.0548263
1500079198516,-2.7814097,8.650616,-4.045252
1500079198580,-2.714388,8.688913,-3.9878044
1500079198644,-2.7909844,8.430401,-3.8633351
1500079198708,-2.800559,8.478273,-3.8154624
1500079198771,-2.9441774,8.315506,-3.758015
1500079198835,-2.9633265,8.11444,-3.690993
1500079198899,-3.0877957,7.9037995,-3.5952475
1500079198962,-3.3367343,7.664436,-3.6239712
1500079199026,-3.8537605,7.8176284,-3.4707782
1500079199090,-4.121848,7.6740103,-3.3750327
1500079199153,-4.581427,6.936769,-3.3558834
1500079199217,-5.6250544,6.5825105,-2.7718353
1500079199281,-6.697405,7.243155,-1.622888
1500079199345,-7.2240057,6.1229315,-1.5271424
1500079199408,-9.368708,4.2080193,-0.8281995
1500079199472,-10.364462,3.365458,-0.0718092
1500079199536,-11.379365,2.3697038,-0.69415563
1500079199599,-11.561282,1.0675635,-1.1154363
1500079199663,-11.963413,-0.61755913,-1.0675635
1500079199727,-11.915541,-2.6377914,-0.42606795
1500079199791,-10.374036,-3.911208,-0.19627848
1500079199854,-9.18679,-5.194199,0.36862057
1500079199918,-7.587839,-5.5963306,0.751603
1500079199982,-5.759098,-4.926111,1.4218222
1500079200045,-4.504831,-4.2175937,1.5941644
1500079200109,-4.619725,-4.2463174,1.2303311
1500079200173,-5.8931417,-4.428234,0.8760723
1500079200237,-7.003791,-3.5378,0.665432
1500079200300,-9.560199,-2.867581,1.6611862
1500079200364,-12.882571,-1.8048047,0.2441513
1500079200428,-14.807057,-0.4356425,-1.2399056
1500079200491,-14.711312,1.0196906,-0.49308985
1500079200555,-11.963413,3.4229054,-0.8090504
1500079200619,-9.742115,4.8303657,-0.6558574
1500079200683,-8.315506,5.873993,-1.1537346
1500079200746,-6.4293175,6.180379,-1.469695
1500079200810,-5.3569665,7.4442205,-1.4601204
1500079200874,-4.3324885,7.8846507,-1.4601204
1500079200937,-3.2888615,7.176133,-1.4601204
1500079201001,-2.6186423,7.5303917,-1.5750152
1500079201065,-2.101616,7.616563,-1.6899099
1500079201128,-1.776081,7.702734,-2.2452345
1500079201192,-1.5367169,8.248484,-2.8388572
1500079201256,-1.622888,8.487848,-2.9920502
1500079201320,-2.6952388,11.38894,-4.495256
1500079201336,-2.187787,7.5591154,-3.1069448
1500079201351,-2.1973617,6.975067,-2.580344
1500079201367,-2.360129,7.5303917,-2.2739582
1500079201383,-2.2931073,7.922949,-2.34098
1500079201399,-2.2835326,7.310177,-2.580344
1500079201415,-2.3314054,6.783576,-2.4367256
1500079201431,-2.752686,6.9942164,-2.0441687
1500079201447,-3.0494976,7.7506065,-2.2739582
1500079201463,-3.5282254,7.0133657,-2.101616
1500079201479,-3.8154624,6.065484,-1.9101248
1500079201495,-4.131423,6.984642,-2.0633178
1500079201511,-4.5144053,7.8655014,-2.1399143
1500079201527,-4.5718527,7.5399666,-1.776081
1500079201543,-4.658024,7.329326,-1.6133134
1500079201558,-5.328243,7.6835847,-1.7282082
1500079201574,-5.9027166,8.813383,-2.0633178
1500079201590,-6.2474008,8.593168,-1.8909757
1500079201606,-6.3431463,8.353804,-1.622888
1500079201622,-6.821874,8.44955,-1.2686293
1500079201638,-7.195282,8.353804,-1.4792696
1500079201654,-7.482519,7.5208173,-1.3069274
1500079201670,-7.808054,7.6261373,-1.4218222
1500079201686,-8.095291,8.870831,-1.776081
1500079201702,-7.8176284,7.616563,-1.1154363
1500079201718,-7.4250717,6.391019,-1.0484143
1500079201734,-8.315506,5.941015,-1.5175679
1500079201750,-9.809137,5.5101595,-1.5750152
1500079201766,-10.699572,5.194199,-1.3930986
1500079201782,-11.044255,4.763344,-1.2782038
1500079201797,-10.891063,4.610151,-1.3930986
1500079201813,-10.584677,4.3995104,-1.8143792
1500079201829,-10.5080805,3.5952475,-1.1920328
1500079201845,-10.728295,2.5994933,-0.78990126
1500079201861,-10.94851,2.2835326,-1.0579889
1500079201877,-11.207023,2.0058703,-1.5750152
1500079201893,-11.092129,1.3452257,-1.4792696
1500079201909,-11.1208515,1.0196906,-1.1058618
1500079201925,-11.465536,0.69415563,-1.0675635
1500079201941,-11.49426,-0.2154276,-1.0101161
1500079201957,-11.350641,-0.5888355,-1.6420372
1500079201972,-11.905966,-0.56011176,-1.6324625
1500079201988,-12.116607,-0.8664977,-1.2686293
1500079202005,-12.298523,-1.0388398,-1.5845897
1500079202020,-12.662356,-1.9101248,-1.5558661
1500079202036,-12.710229,-3.0111992,-0.8952214
1500079202052,-12.614484,-3.2792869,-0.45479164
1500079202068,-12.116607,-3.212265,-0.7228793
1500079202084,-11.187874,-3.6239712,-0.5505372
1500079202100,-10.6134,-3.8920588,-0.22500217
1500079202116,-10.307014,-3.9016335,-0.043085523
1500079202171,-9.64637,-3.844186,-0.15798025
1500079202181,-12.882571,-6.3622956,0.0718092
1500079202211,-11.7336235,-6.1995277,0.2154276
1500079202275,-5.692076,-3.5473747,0.4164934
1500079202339,-5.462287,-4.045252,0.77075213
1500079202403,-5.682502,-4.0356774,0.5505372
1500079202466,-6.7931504,-4.3324885,0.4164934
1500079202530,-7.9420977,-4.0931244,0.27287498
1500079202594,-10.038927,-2.5994933,-0.5792609
1500079202658,-12.001712,-2.2739582,0.42606795
1500079202722,-13.150659,-0.2154276,-1.0484143
1500079202785,-13.150659,1.2782038,-1.2494801
1500079202849,-11.743198,3.7197168,-1.6516117
1500079202912,-9.885734,4.715471,-1.8239537
1500079202976,-8.171887,5.9218655,-1.5079932
1500079203040,-6.5729356,6.8793216,-2.187787
1500079203104,-5.17505,7.3676243,-2.3697038
1500079203167,-4.1792955,7.5782647,-2.2739582
1500079203232,-2.752686,7.9803963,-1.6133134
1500079203295,-2.1973617,7.5974135,-2.427151
1500079203358,-1.8909757,8.1623125,-2.5516202
1500079203422,-1.4984187,7.693159,-2.6856642
1500079203486,-0.92394507,7.3867736,-3.2601378
1500079203549,-1.0579889,7.8655014,-3.6335456
1500079203613,-1.4122477,7.9037995,-3.2888615
1500079203677,-2.9824755,10.919786,-4.619725
1500079203693,-2.4367256,7.922949,-3.2026904
1500079203708,-2.5228968,7.3867736,-2.6377914
1500079203724,-2.7622607,7.3771987,-2.5037475
1500079203740,-3.126094,6.7740016,-2.2069361
1500079203756,-3.6143966,6.821874,-2.0441687
1500079203772,-3.671844,8.085716,-2.5324712
1500079203788,-3.8537605,7.396348,-1.7377827
1500079203804,-4.0739756,6.831449,-1.4888442
1500079203820,-4.7920675,6.7548523,-2.0441687
1500079203836,-5.519734,7.35805,-2.4367256
1500079203852,-5.692076,8.55487,-2.88673
1500079203868,-5.529309,7.003791,-2.3505547
1500079203884,-5.433563,6.47719,-1.9867213
1500079203900,-6.4197426,6.821874,-1.6611862
1500079203916,-7.8655014,6.975067,-1.8143792
1500079203931,-8.746361,7.1857076,-2.427151
1500079203947,-8.899554,6.8410234,-3.0111992
1500079203963,-8.401677,7.6069884,-3.1835413
1500079203979,-8.152739,6.8027253,-2.5324712
1500079203995,-8.191036,5.9027166,-1.9388485
1500079204011,-9.110194,5.998462,-2.1303396
1500079204027,-10.211268,5.088879,-2.149489
1500079204043,-10.71872,4.5718527,-2.800559
1500079204059,-11.417664,3.930357,-2.8771553
1500079204075,-11.82937,3.5282254,-3.039923
1500079204091,-12.422992,3.5090764,-2.9250283
1500079204107,-12.365545,2.9633265,-2.9346027
1500079204123,-12.020861,2.321831,-3.2409887
1500079204138,-12.001712,1.4601204,-3.078221
1500079204154,-11.982562,0.7994758,-2.0728924
1500079204171,-11.905966,0.91437054,-2.149489
1500079204186,-12.183628,0.8186249,-2.752686
1500079204202,-12.298523,0.05266008,-2.733537
1500079204218,-12.576185,-0.8281995,-2.0920415
1500079204234,-12.643207,-1.7282082,-1.4026731
1500079204250,-12.767676,-2.5324712,-0.8664977
1500079204266,-12.738953,-2.8292825,-0.78032666
1500079204282,-12.614484,-2.8580062,-1.14416
1500079204298,-12.451715,-3.212265,-1.3165021
1500079204314,-12.135756,-3.690993,-0.76117754
1500079204330,-11.570856,-3.9207826,0.359046
1500079204346,-10.82404,-3.8346114,0.54096264
1500079204361,-10.153821,-4.504831,-0.043085523
1500079204377,-9.62722,-4.73462,-0.4356425
1500079204393,-9.215514,-4.3133397,0.09095833
1500079204441,-11.915541,-7.35805,0.7994758
1500079204467,-7.3197513,-5.4718614,0.92394507
1500079204505,-5.644203,-4.3803616,0.90479594
1500079204568,-4.6867476,-4.1792955,1.0675635
1500079204633,-4.2175937,-4.772918,1.3356512
1500079204696,-4.849515,-5.194199,1.4218222
1500079204760,-5.941015,-4.6005764,1.2016073
1500079204823,-8.124015,-4.543129,0.5888355
1500079204888,-10.096374,-4.0548263,0.46436617
1500079204952,-12.35597,-4.121848,0.85692316
1500079205016,-12.011286,-1.4601204,-0.37819514
1500079205079,-11.551707,0.98139244,-1.6324625
1500079205143,-11.972988,0.6558574,-1.0962871
1500079205206,-10.785743,3.911208,-1.5462915
1500079205269,-8.44955,4.887813,-1.3356512
1500079205333,-7.9325233,5.4431376,-1.6899099
1500079205398,-7.0708127,6.869747,-1.862252
1500079205461,-6.103782,8.076141,-2.5707695
1500079205524,-4.619725,7.02294,-2.2069361
1500079205588,-3.7197168,7.3389006,-2.4367256
1500079205652,-2.9824755,7.4442205,-2.168638
1500079205715,-2.5037475,7.654861,-2.3792782
1500079205779,-2.360129,7.7506065,-2.9441774
1500079205843,-2.0633178,7.9708214,-3.0494976
1500079205906,-3.2409887,10.891063,-4.5527034
1500079205922,-2.2260852,7.7123084,-3.4420545
1500079205938,-2.1590633,7.0995364,-3.039923
1500079205954,-2.3792782,7.2144313,-2.819708
1500079205970,-2.972901,7.6740103,-3.059072
1500079205986,-3.4803526,7.6069884,-3.231414
1500079206002,-3.6143966,7.2910275,-2.9633265
1500079206018,-3.7675896,7.0612383,-2.8580062
1500079206034,-4.2558923,6.9942164,-2.360129
1500079206050,-4.3707867,8.124015,-3.2601378
1500079206066,-4.0644007,8.583593,-4.2175937
1500079206082,-4.045252,5.845269,-2.3792782
1500079206097,-4.169721,5.452712,-1.622888
1500079206113,-5.366541,6.0367603,-1.5654407
1500079206129,-6.285699,7.2335806,-2.321831
1500079206145,-6.1899533,8.2676325,-4.322914
1500079206161,-5.960164,5.759098,-2.2260852
1500079206177,-6.103782,5.912291,-0.91437054
1500079206193,-7.4154973,7.0708127,-0.8664977
1500079206209,-8.420826,6.975067,-1.7569319
1500079206225,-8.832532,6.783576,-2.8292825
1500079206241,-8.784659,4.811217,-2.3122563
1500079206257,-8.497422,4.7058964,-1.929274
1500079206273,-8.947427,5.299519,-2.0250196
1500079206289,-9.62722,4.8782387,-2.3026817
1500079206305,-10.498506,3.8824842,-1.8909757
1500079206320,-11.063405,2.8292825,-1.2973529
1500079206336,-10.709146,2.0824668,-1.5750152
1500079206352,-10.938935,2.7622607,-3.0973704
1500079206368,-11.752773,2.6282167,-2.3026817
1500079206384,-12.183628,2.101616,-1.3643749
1500079206400,-12.576185,1.6803354,-1.6037389
1500079206416,-12.2410755,1.1154363,-2.3026817
1500079206432,-12.049584,0.8473486,-2.561195
1500079206448,-12.279374,0.27287498,-1.5941644
1500079206464,-12.269799,-0.28244954,-0.7228793
1500079206480,-12.308098,-0.359046,-0.9430942
1500079206496,-12.145329,-0.4356425,-1.5367169
1500079206512,-12.231501,-1.6420372,-1.4122477
1500079206528,-12.413418,-2.6569405,-1.0484143
1500079206543,-12.384694,-2.7622607,-0.46436617
1500079206559,-11.915541,-2.819708,-0.25372586
1500079206575,-11.475111,-3.039923,-0.665432
1500079206591,-11.130426,-3.3175852,-0.71330476
1500079206607,-10.5080805,-3.6335456,-0.19627848
1500079206623,-9.98148,-3.9782298,0.014361841
1500079206673,-9.359133,-4.0739756,0.081383765
1500079206687,-7.875076,-4.284616,0.2441513
1500079206703,-7.3771987,-3.9207826,0.00478728
1500079206719,-7.2335806,-3.9495063,0.043085523
1500079206735,-7.0995364,-4.0739756,0.16755481
1500079206798,-5.9218655,-4.4473834,0.70373017
1500079206862,-5.1367517,-3.7484405,0.78990126
1500079206926,-5.9027166,-3.5856729,0.59841
1500079206991,-7.7506065,-4.437809,1.0005416
1500079207053,-9.531475,-3.3750327,-0.37819514
1500079207118,-11.063405,-2.5420458,-0.03351096
1500079207182,-12.69108,-2.2452345,0.3398969
1500079207245,-13.121935,-0.8952214,-1.6707608
1500079207309,-11.321918,2.0920415,-1.6420372
1500079207373,-10.134672,3.9878044,-2.5516202
1500079207436,-8.995299,5.194199,-3.1165195
1500079207499,-7.3771987,6.898471,-2.3026817
1500079207563,-6.9942164,7.3771987,-3.6622694
1500079207627,-4.3995104,8.459125,-4.0356774
1500079207691,-3.1643922,7.46337,-4.504831
1500079207754,-2.1111906,7.3389006,-4.3612123
1500079207818,-1.2590547,6.47719,-3.777164
1500079207881,-0.5888355,5.500585,-3.384607
1500079207945,-0.42606795,5.299519,-2.867581
1500079208009,-0.8090504,5.414414,-3.3750327
1500079208072,-2.7431116,7.0995364,-3.9016335
1500079208088,-3.0303483,7.1091113,-3.3558834
1500079208104,-3.758015,6.37187,-2.4845984
1500079208120,-4.3612123,7.310177,-3.8920588
1500079208136,-4.849515,7.5303917,-3.2601378
1500079208152,-5.108028,7.3389006,-2.819708
1500079208168,-5.941015,6.5729356,-3.384607
1500079208184,-7.1474094,5.82612,-4.0356774
1500079208200,-7.56869,8.5740185,-4.9069624
1500079208216,-7.5591154,7.961247,-3.1356685
1500079208232,-6.8027253,6.0559096,-2.0537431
1500079208248,-7.999545,7.0133657,-3.039923
1500079208263,-10.5080805,6.3144226,-2.7048132
1500079208279,-12.451715,5.787822,-2.187787
1500079208295,-12.90172,5.0601554,-2.8388572
1500079208311,-11.752773,4.322914,-3.671844
1500079208327,-11.972988,3.8824842,-2.905879
1500079208343,-12.528313,3.7867386,-3.231414
1500079208359,-12.681505,3.231414,-3.384607
1500079208375,-12.662356,3.0016246,-2.8580062
1500079208391,-12.46129,2.0633178,-2.3888528
1500079208407,-12.58576,1.3930986,-3.2026904
1500079208423,-13.34215,1.2590547,-3.3750327
1500079208439,-13.638962,0.83777404,-2.1303396
1500079208455,-13.332576,-0.15798025,-1.7569319
1500079208470,-13.313426,-0.6558574,-2.3984275
1500079208486,-13.677259,-0.8760723,-2.5420458
1500079208502,-13.399597,-1.2877784,-1.4218222
1500079208518,-13.34215,-1.5271424,-1.2207564
1500079208534,-13.121935,-2.2739582,-0.76117754
1500079208550,-12.46129,-2.5516202,-0.6845811
1500079208566,-12.020861,-2.7814097,-0.4835153
1500079208582,-10.92936,-3.126094,-0.14840569
1500079208598,-10.077225,-2.8963046,-0.6750065
1500079208614,-9.445304,-2.8484318,-0.34947145
1500079208630,-8.698488,-3.231414,0.70373017
1500079208646,-8.056993,-3.231414,0.91437054
1500079208709,-6.6208086,-3.4324799,0.36862057
1500079208773,-5.06973,-3.690993,0.71330476
1500079208837,-4.9739842,-3.997379,0.8090504
1500079208901,-6.4676156,-3.7388659,0.3398969
1500079208964,-8.526146,-4.1792955,0.54096264
1500079209028,-11.05383,-4.543129,-0.14840569
1500079209093,-10.622974,-2.0633178,-0.512239
1500079209156,-11.886817,-0.10053288,-1.6707608
1500079209220,-12.9591675,1.1345854,-3.0494976
1500079209284,-11.618729,3.9495063,-3.7197168
1500079209347,-10.431483,5.6250544,-3.5569491
1500079209410,-9.0814705,4.993133,-3.5378
1500079209474,-5.988888,6.2761245,-3.173967
1500079209539,-4.2654667,6.592085,-3.6143966
1500079209602,-3.1643922,6.850598,-3.7197168
1500079209666,-2.360129,6.9559183,-4.1409974
1500079209729,-1.8048047,6.4963393,-4.782493
1500079209792,-0.9622433,6.2091026,-4.9452605
1500079209856,-0.8952214,6.544212,-5.2420716
1500079209920,-1.5750152,6.515488,-4.7250457
1500079209984,-1.7186337,6.2378263,-4.476107
1500079210047,-3.2888615,5.9027166,-3.9686553
1500079210095,-6.9559183,9.0814705,-6.8027253
1500079210111,-5.309094,7.3389006,-4.543129
1500079210127,-5.17505,6.4197426,-4.0261025
1500079210143,-5.3569665,6.639958,-4.1122737
1500079210159,-5.7303743,7.4920936,-4.495256
1500079210175,-6.180379,6.7740016,-3.5473747
1500079210191,-6.592085,5.8548436,-3.2218397
1500079210207,-7.5208173,6.323997,-3.4612036
1500079210222,-8.650616,6.256975,-3.997379
1500079210238,-9.502751,6.2378263,-4.504831
1500079210254,-9.464453,7.894225,-5.0122824
1500079210270,-9.426155,7.042089,-2.3984275
1500079210286,-8.315506,6.017611,-1.7282082
1500079210302,-9.474028,6.285699,-2.647366
1500079210318,-10.852764,4.5527034,-3.9495063
1500079210334,-12.097457,3.126094,-3.7675896
1500079210350,-13.313426,2.3026817,-2.8292825
1500079210366,-13.0549135,1.948423,-2.2739582
1500079210382,-12.336822,2.2165108,-3.1452432
1500079210398,-11.963413,1.929274,-3.7005677
1500079210414,-11.819795,0.8281995,-1.9579976
1500079210430,-11.4272375,1.0675635,-2.101616
1500079210446,-11.685751,0.8952214,-2.2835326
1500079210461,-11.187874,-0.15798025,-3.0686467
1500079210477,-11.417664,-0.98139244,-3.3558834
1500079210493,-11.637878,-1.6994845,-2.1303396
1500079210509,-11.49426,-2.0058703,-1.4792696
1500079210525,-11.72405,-2.6282167,-1.1824582
1500079210541,-11.580431,-3.451629,-1.948423
1500079210557,-11.905966,-3.8633351,-1.776081
1500079210573,-11.743198,-4.0739756,-0.56011176
1500079210589,-11.302769,-3.6526947,-0.99096704
1500079210605,-11.302769,-3.6814184,-0.90479594
1500079210621,-10.488931,-4.045252,-0.20585304
1500079210637,-9.675094,-3.4037561,-0.40691882
1500079210702,-6.5825105,-2.1399143,0.014361841
1500079210737,-6.563361,-3.0686467,-0.03351096
1500079210748,-6.170804,-3.059072,0.023936402
1500079210812,-5.6154795,-3.4037561,0.16755481
1500079210876,-5.873993,-3.8058877,0.3398969
1500079210939,-7.089962,-3.4803526,0.39734426
1500079211003,-9.177217,-2.4367256,-0.47394073
1500079211067,-13.045339,-4.4090853,0.9718179
1500079211132,-11.72405,-0.45479164,-3.0973704
1500079211195,-12.174053,1.0005416,-3.3558834
1500079211259,-12.719804,2.8771553,-2.3888528
1500079211323,-10.689997,5.17505,-2.101616
1500079211386,-9.196365,5.5771813,-2.4654493
1500079211449,-6.170804,5.7782474,-2.733537
1500079211513,-4.868664,6.2091026,-3.0494976
1500079211577,-3.0494976,7.2718787,-3.193116
1500079211640,-2.5324712,7.4729443,-3.2792869
1500079211704,-2.0058703,7.176133,-3.126094
1500079211767,-1.709059,7.846352,-3.5665238
1500079211831,-1.469695,7.482519,-3.2888615
1500079211895,-1.6133134,6.9654927,-3.3367343
1500079211959,-1.9196993,7.434646,-3.499502
1500079212022,-2.9154537,7.549541,-3.3558834
1500079212086,-6.2665496,10.603826,-4.7058964
1500079212102,-5.155901,6.639958,-3.5856729
1500079212118,-5.366541,6.9080453,-3.451629
1500079212134,-5.845269,7.6452866,-2.905879
1500079212150,-6.0750585,6.486765,-2.1399143
1500079212166,-6.1229315,7.2335806,-2.9346027
1500079212182,-6.5537868,6.9080453,-2.6377914
1500079212197,-6.5825105,6.898471,-2.8484318
1500079212213,-7.0803876,6.821874,-2.5324712
1500079212229,-7.693159,6.4676156,-2.187787
1500079212245,-7.922949,4.389936,-1.8909757
1500079212261,-8.363379,4.3324885,-1.9101248
1500079212277,-9.512326,5.222923,-2.2260852
1500079212293,-10.460207,4.83994,-1.9675722
1500079212309,-10.871913,3.844186,-1.4218222
1500079212325,-10.862339,3.7675896,-1.6324625
1500079212341,-10.862339,3.6239712,-1.5941644
1500079212357,-11.140001,4.0069537,-1.6803354
1500079212373,-11.982562,4.0069537,-1.5558661
1500079212389,-12.365545,2.7814097,-0.91437054
1500079212404,-12.107032,1.5750152,-1.1824582
1500079212420,-12.154904,1.1345854,-2.015445
1500079212436,-12.413418,0.9718179,-2.2452345
1500079212452,-12.442142,0.30159867,-2.1111906
1500079212468,-12.528313,-0.17712937,-1.7856555
1500079212484,-12.35597,-0.359046,-1.1058618
1500079212500,-12.049584,-0.56011176,-0.85692316
1500079212516,-11.9346895,-1.0579889,-1.4505459
1500079212532,-12.174053,-1.1728836,-1.9579976
1500079212548,-12.422992,-1.8048047,-0.92394507
1500079212564,-11.944264,-2.6282167,-0.03351096
1500079212580,-11.417664,-2.8292825,-0.25372586
1500079212596,-10.843189,-2.580344,-0.6750065
1500079212612,-10.345312,-3.1548176,-0.12925656
1500079212627,-9.799562,-3.825037,0.043085523
1500079212643,-9.608071,-4.0261025,-0.09095833
1500079212690,-9.502751,-4.1026993,-0.05266008
1500079212707,-7.8846507,-4.581427,0.12925656
1500079212723,-7.788905,-4.6005764,0.11968201
1500079212787,-6.8027253,-4.696322,0.751603
1500079212851,-5.4048395,-4.016528,1.0962871
1500079212915,-5.261221,-3.451629,0.8856468
1500079212978,-6.6208086,-4.1122737,0.70373017
1500079213042,-8.152739,-3.9878044,0.23457673
1500079213106,-9.952756,-3.3750327,1.3356512
1500079213170,-12.2410755,-2.3505547,0.11968201
1500079213233,-12.633633,-0.92394507,-0.45479164
1500079213298,-12.499589,0.83777404,-0.8281995
1500079213361,-11.302769,2.9824755,-1.3165021
1500079213424,-9.761265,4.6771727,-1.5558661
1500079213488,-8.870831,5.9218655,-2.5324712
1500079213552,-6.869747,6.8888965,-3.039923
1500079213615,-5.462287,7.1091113,-3.2409887
1500079213679,-4.322914,7.1091113,-3.8346114
1500079213742,-3.078221,7.348475,-4.045252
1500079213806,-2.647366,8.315506,-4.7537694
1500079213870,-1.4505459,5.9697385,-3.173967
1500079213933,-1.6420372,6.0367603,-3.5760984
1500079213997,-1.929274,7.042089,-3.2505634
1500079214061,-1.9675722,6.323997,-3.4612036
1500079214125,-4.0069537,5.960164,-2.8388572
1500079214140,-4.2941904,7.5974135,-3.8633351
1500079214156,-4.6388745,8.44955,-4.198445
1500079214172,-4.8590894,6.611234,-2.7239625
1500079214188,-5.088879,6.0463347,-2.360129
1500079214204,-6.0750585,5.462287,-2.3697038
1500079214220,-7.204857,5.9314404,-2.8963046
1500079214236,-7.4059224,7.6740103,-3.997379
1500079214252,-7.12826,5.787822,-2.6377914
1500079214268,-7.12826,4.2271686,-1.5654407
1500079214284,-8.5740185,4.916537,-2.5899186
1500079214300,-10.565528,5.2899446,-2.9633265
1500079214316,-11.331492,4.763344,-2.8388572
1500079214332,-11.398514,3.8346114,-2.905879
1500079214347,-11.26447,2.5037475,-2.7239625
1500079214363,-11.465536,2.513322,-2.752686
1500079214379,-12.46129,3.0494976,-2.7622607
1500079214395,-13.121935,2.4845984,-2.015445
1500079214411,-12.911295,1.14416,-1.5845897
1500079214427,-13.035764,0.4835153,-2.101616
1500079214443,-13.380448,0.40691882,-2.3505547
1500079214459,-13.533641,0.4164934,-2.4558747
1500079214475,-14.194285,0.27287498,-2.5707695
1500079214491,-14.404926,-0.09095833,-2.714388
1500079214507,-14.280457,-0.50266445,-2.5516202
1500079214523,-14.280457,-1.0196906,-1.8143792
1500079214539,-13.926198,-2.2165108,-1.0388398
1500079214555,-13.504917,-2.6856642,-1.4505459
1500079214570,-13.246405,-3.1069448,-1.2494801
1500079214586,-12.46129,-3.499502,-0.46436617
1500079214602,-11.867668,-2.9250283,-0.49308985
1500079214618,-11.293194,-3.0303483,-0.359046
1500079214634,-10.230418,-3.5090764,-0.30159867
1500079214658,-9.531475,-3.3271596,-0.3398969
1500079214702,-8.363379,-3.2026904,-0.05266008
1500079214714,-8.650616,-4.2080193,-0.12925656
1500079214730,-5.806971,-3.039923,-0.25372586
1500079214746,-5.38569,-3.3271596,0.2920241
1500079214762,-5.1367517,-3.2409887,0.44521707
1500079214825,-4.935686,-3.5569491,0.44521707
1500079214889,-5.2899446,-3.8824842,0.37819514
1500079214953,-6.8122997,-3.3175852,0.12925656
1500079215017,-9.809137,-3.0016246,-0.16755481
1500079215080,-12.777251,-2.9920502,-1.2303311
1500079215145,-13.294277,-0.28244954,-2.187787
1500079215209,-13.686834,1.5845897,-2.5037475
1500079215272,-12.480439,3.7675896,-2.9346027
1500079215336,-10.29744,4.935686,-2.7909844
1500079215400,-7.664436,5.529309,-2.6856642
1500079215463,-5.1271772,7.0325146,-2.8771553
1500079215526,-4.4856815,6.898471,-3.2505634
1500079215590,-2.034594,6.027186,-2.4654493
1500079215654,-1.5654407,6.7069798,-3.3080106
1500079215717,-1.2399056,7.1474094,-3.2026904
1500079215781,-0.8664977,7.1665583,-3.9207826
1500079215845,-1.3930986,7.0612383,-4.2463174
1500079215908,-2.2069361,7.56869,-3.384607
1500079215972,-3.3175852,6.132506,-3.2218397
1500079216020,-5.2516465,5.108028,-2.2931073
1500079216036,-6.304848,4.8303657,-1.8909757
1500079216052,-7.02294,5.7495236,-2.3026817
1500079216067,-6.486765,9.464453,-4.456958
1500079216083,-6.2952733,6.458041,-2.168638
1500079216099,-6.2952733,3.3558834,0.05266008
1500079216115,-7.5974135,4.322914,-0.6271337
1500079216131,-10.153821,4.342063,-1.79523
1500079216147,-11.877242,4.495256,-2.7239625
1500079216163,-12.978316,5.4718614,-3.4899273
1500079216179,-12.9591675,4.2175937,-3.1165195
1500079216195,-11.657027,2.7814097,-2.5420458
1500079216211,-11.647452,3.4229054,-3.2218397
1500079216227,-12.528313,4.1601467,-3.8920588
1500079216243,-12.805975,3.3175852,-2.7048132
1500079216259,-12.67193,2.4845984,-3.0877957
1500079216274,-12.786825,1.3260766,-3.1643922
1500079216290,-13.074062,1.8143792,-2.666515
1500079216306,-13.705983,2.1399143,-2.6569405
1500079216322,-13.629387,1.0292653,-3.3271596
1500079216338,-13.284702,-0.19627848,-3.4612036
1500079216354,-13.284702,-0.98139244,-2.2356598
1500079216370,-13.303852,-1.2207564,-2.0058703
1500079216386,-13.3612995,-1.7282082,-2.4845984
1500079216402,-12.863422,-2.88673,-2.2643836
1500079216418,-12.2410755,-3.604822,-2.1207652
1500079216434,-12.011286,-3.4803526,-1.6037389
1500079216450,-11.475111,-4.016528,-0.6079846
1500079216466,-10.584677,-4.5718527,-0.359046
1500079216482,-10.038927,-4.466532,-0.5888355
1500079216497,-9.272962,-4.3707867,-0.47394073
1500079216513,-8.688913,-4.5622783,-0.37819514
1500079216569,-8.133589,-4.543129,0.09095833
1500079216577,-10.374036,-7.1665583,0.7324539
1500079216593,-6.333572,-4.9835587,0.33032233
1500079216609,-5.6250544,-4.3803616,0.36862057
1500079216625,-5.366541,-4.0739756,0.30159867
1500079216673,-4.9452605,-4.0931244,0.37819514
1500079216736,-4.236743,-3.9207826,0.49308985
1500079216801,-5.347392,-4.351638,0.34947145
1500079216864,-7.1474094,-5.17505,0.39734426
1500079216927,-9.665519,-4.3803616,-0.8090504
1500079216991,-10.0868,-2.7718353,-0.2920241
1500079217055,-12.748528,-1.4122477,-0.83777404
1500079217120,-13.581514,0.110107444,-2.1207652
1500079217183,-12.710229,1.0867126,-1.8909757
1500079217246,-9.742115,3.5665238,-2.3792782
1500079217311,-8.382527,5.0601554,-2.7814097
1500079217374,-7.2527294,6.285699,-2.7909844
1500079217437,-6.7931504,6.2378263,-3.1069448
1500079217501,-5.433563,7.999545,-4.045252
1500079217565,-3.758015,7.2335806,-3.1548176
1500079217628,-3.0016246,6.4197426,-3.5665238
1500079217692,-2.9633265,6.850598,-3.4899273
1500079217756,-2.4845984,7.3197513,-3.5282254
1500079217819,-2.2835326,7.281453,-3.8633351
1500079217883,-2.7718353,7.0995364,-4.389936
1500079217947,-3.0111992,8.181462,-4.4186597
1500079218010,-3.2697124,8.966576,-4.610151
1500079218074,-5.222923,13.0549135,-7.702734
1500079218090,-3.777164,9.426155,-5.529309
1500079218106,-3.4707782,8.947427,-4.8590894
1500079218122,-3.4324799,9.225089,-5.0122824
1500079218138,-3.5473747,9.18679,-5.17505
1500079218154,-3.5665238,9.004874,-5.1846247
1500079218170,-3.365458,8.602742,-4.7537694
1500079218186,-3.059072,8.526146,-4.73462
1500079218201,-2.9633265,8.21976,-4.849515
1500079218217,-3.1069448,7.4537954,-4.9069624
1500079218233,-3.4037561,7.1091113,-4.7250457
1500079218249,-3.5952475,7.204857,-4.5527034
1500079218265,-3.8058877,7.501668,-4.495256
1500079218281,-3.9016335,7.7793303,-4.303765
1500079218297,-4.275041,7.961247,-4.0261025
1500079218313,-4.2175937,8.363379,-4.0069537
1500079218329,-3.499502,8.650616,-4.1792955
1500079218345,-3.173967,8.037844,-3.9590807
1500079218361,-3.4229054,8.056993,-4.169721
1500079218377,-3.6143966,7.855927,-3.9878044
1500079218392,-3.6143966,7.788905,-3.8729098
1500079218408,-3.825037,8.133589,-4.2175937
1500079218424,-3.844186,7.9420977,-4.4090853
1500079218440,-3.8920588,7.329326,-4.121848
1500079218456,-4.2558923,6.9654927,-4.284616
1500079218472,-4.8303657,6.8027253,-4.5910015
1500079218488,-5.366541,7.654861,-5.0314317
1500079218504,-5.49101,9.244238,-5.108028
1500079218520,-5.222923,9.675094,-4.5527034
1500079218536,-5.1846247,7.664436,-3.930357
1500079218552,-5.519734,7.587839,-5.1271772
1500079218568,-5.82612,7.434646,-5.9697385
1500079218584,-6.5059137,6.410168,-5.462287
1500079218600,-7.137835,5.9218655,-5.261221
1500079218616,-6.821874,7.2335806,-6.5825105
1500079218631,-5.088879,6.821874,-6.1229315
1500079218647,-3.3367343,6.304848,-5.873993
1500079218663,-2.905879,7.156984,-5.28037
1500079218679,-2.9250283,9.158067,-4.96441
1500079218695,-1.8909757,7.961247,-4.495256
1500079218711,-1.2303311,6.151655,-4.466532
1500079218727,-1.7473572,5.8835673,-4.782493
1500079218743,-3.0973704,5.8165455,-5.002708
1500079218759,-4.7058964,5.8835673,-5.2899446
1500079218775,-5.653778,6.4005938,-5.6154795
1500079218791,-6.1995277,6.3622956,-4.9452605
1500079218807,-6.4197426,7.204857,-4.715471
1500079218822,-5.988888,8.133589,-4.8207912
1500079218838,-5.108028,8.11444,-4.456958
1500079218854,-4.581427,7.9037995,-3.7963133
1500079218870,-4.83994,7.396348,-3.2697124
1500079218886,-5.4718614,7.2623043,-3.1452432
1500079218902,-5.941015,6.5729356,-3.3750327
1500079218918,-6.2282515,6.410168,-3.7197168
1500079218934,-6.3527207,6.525063,-3.7675896
1500079218950,-6.4293175,7.5974135,-3.777164
1500079218966,-6.170804,8.947427,-3.6526947
1500079218982,-5.634629,9.167642,-3.4899273
1500079218998,-5.4239883,7.6069884,-3.4707782
1500079219014,-5.806971,6.2091026,-3.1835413
1500079219030,-6.218677,7.0612383,-3.1356685
1500079219046,-6.1995277,8.478273,-3.0303483
1500079219061,-5.5580325,7.7793303,-2.714388
1500079219077,-5.433563,6.850598,-2.9920502
1500079219093,-5.8931417,7.2623043,-3.7867386
1500079219109,-6.132506,8.698488,-3.9782298
1500079219126,-5.739949,8.392102,-3.518651
1500079219141,-5.347392,7.1474094,-3.365458
1500079219157,-5.462287,8.133589,-4.150572
1500079219173,-5.2516465,8.909128,-4.198445
1500079219189,-4.6867476,7.788905,-3.7292912
1500079219205,-4.5527034,7.1186857,-4.2080193
1500079219221,-4.782493,7.5399666,-4.6675982
1500079219237,-4.8207912,8.047418,-4.2941904
1500079219253,-4.916537,7.396348,-3.758015
1500079219268,-5.2133484,7.243155,-4.2654667
1500079219284,-5.347392,7.6740103,-4.5718527
1500079219300,-5.021857,7.6452866,-4.2654667
1500079219316,-4.6867476,7.5974135,-4.2558923
1500079219332,-4.7920675,7.501668,-4.456958
1500079219348,-5.021857,7.4442205,-4.3324885
1500079219364,-5.2707953,7.434646,-3.997379
1500079219380,-5.586756,7.156984,-3.9495063
1500079219396,-6.0559096,7.1474094,-4.045252
1500079219412,-6.256975,7.6740103,-4.3324885
1500079219428,-5.950589,7.3676243,-4.2558923
1500079219444,-5.8644185,6.3814445,-4.5622783
1500079219460,-6.5537868,6.3431463,-4.9069624
1500079219476,-7.5399666,6.630383,-4.7441945
1500079219491,-7.8367777,6.7261286,-4.811217
1500079219507,-7.0708127,7.051664,-5.7016506
1500079219523,-5.6154795,5.605905,-5.194199
1500079219539,-4.916537,5.835695,-4.7058964
1500079219555,-4.8207912,6.831449,-4.7058964
1500079219571,-4.772918,6.333572,-4.3803616
1500079219587,-4.935686,5.787822,-4.342063
1500079219603,-4.926111,7.7123084,-5.4239883
1500079219619,-4.016528,6.869747,-4.8782387
1500079219635,-3.1643922,5.7016506,-4.73462
1500079219651,-3.1069448,6.2282515,-5.347392
1500079219667,-3.758015,5.950589,-4.5239797
1500079219683,-4.3803616,5.672927,-4.2654667
1500079219699,-4.658024,5.1176023,-5.347392
1500079219715,-5.146326,5.088879,-5.2133484
1500079219730,-6.065484,5.17505,-4.696322
1500079219747,-7.042089,5.979313,-5.1176023
1500079219762,-7.1665583,6.8793216,-5.605905
1500079219778,-6.2378263,7.0325146,-4.8207912
1500079219794,-5.2037735,6.7740016,-4.4473834
1500079219810,-5.38569,6.2282515,-4.2654667
1500079219826,-6.2091026,6.668681,-4.916537
1500079219842,-6.6208086,7.0995364,-5.2707953
1500079219858,-6.132506,6.745278,-4.8303657
1500079219874,-5.6154795,7.176133,-4.811217
1500079219890,-5.529309,6.678256,-4.5718527
1500079219906,-5.979313,6.3144226,-4.5239797
1500079219922,-6.592085,6.5825105,-5.2420716
1500079219938,-6.8410234,7.089962,-5.376116
1500079219954,-6.3527207,7.2335806,-4.6388745
1500079219969,-5.739949,6.8888965,-3.8633351
1500079219985,-5.845269,6.9463434,-4.2080193
1500079220001,-6.4005938,7.2718787,-4.73462
1500079220017,-6.7261286,7.0995364,-4.5144053
1500079220033,-6.544212,7.35805,-4.169721
1500079220049,-5.960164,7.482519,-4.236743
1500079220065,-5.481436,7.6261373,-4.284616
1500079220081,-5.232497,7.3676243,-4.198445
1500079220097,-5.28037,6.898471,-3.825037
1500079220113,-5.519734,7.46337,-4.045252
1500079220129,-5.5963306,7.5208173,-4.322914
1500079220145,-5.49101,6.592085,-4.08355
1500079220161,-5.49101,6.764427,-4.2175937
1500079220176,-5.672927,7.2910275,-4.3803616
1500079220193,-5.538883,7.281453,-4.236743
1500079220208,-5.299519,7.051664,-4.1026993
1500079220224,-5.0984535,6.716554,-3.8537605
1500079220240,-4.935686,7.02294,-4.0644007
1500079220256,-5.0314317,6.984642,-4.150572
1500079220272,-5.194199,7.0708127,-4.5239797
1500079220288,-5.347392,7.12826,-4.7537694
1500079220304,-5.452712,6.7740016,-4.3133397
1500079220320,-5.414414,7.243155,-3.8346114
1500079220336,-5.414414,7.482519,-4.045252
1500079220352,-5.7016506,6.783576,-4.2271686
1500079220367,-6.2282515,6.4197426,-4.3324885
1500079220383,-6.678256,6.391019,-4.495256
1500079220400,-6.9463434,6.716554,-4.466532
1500079220415,-6.936769,7.4537954,-5.4431376
1500079220431,-6.5346375,6.8027253,-5.376116
1500079220447,-6.0559096,6.065484,-4.993133
1500079220463,-6.1995277,7.1665583,-5.3569665
1500079220479,-6.218677,7.204857,-4.926111
1500079220495,-5.8548436,6.3527207,-4.3803616
1500079220511,-6.0463347,6.7740016,-5.041006
1500079220527,-5.9697385,8.047418,-6.3144226
1500079220543,-5.1654754,6.6591067,-5.5101595
1500079220558,-4.96441,5.988888,-5.222923
1500079220574,-5.5484576,6.8601727,-5.7495236
1500079220590,-6.0750585,6.8793216,-5.806971
1500079220606,-5.414414,6.47719,-5.5963306
1500079220622,-4.131423,6.094208,-5.49101
1500079220638,-3.2888615,6.103782,-5.5580325
1500079220654,-3.4037561,6.563361,-4.9739842
1500079220670,-3.8824842,6.639958,-5.3186684
1500079220686,-4.1888704,5.873993,-5.155901
1500079220702,-4.150572,5.682502,-5.653778
1500079220718,-4.5144053,5.988888,-4.96441
1500079220734,-4.9452605,6.218677,-4.926111
1500079220750,-5.146326,6.410168,-5.021857
1500079220766,-4.887813,6.458041,-5.0505805
1500079220781,-4.8590894,6.6591067,-4.9452605
1500079220797,-4.8782387,7.664436,-5.366541
1500079220814,-4.7250457,7.35805,-4.96441
1500079220829,-4.763344,6.563361,-4.2941904
1500079220845,-5.414414,7.0325146,-4.6867476
1500079220861,-5.979313,7.769756,-5.8165455
1500079220877,-6.103782,7.329326,-5.4048395
1500079220893,-5.845269,6.9559183,-4.9835587
1500079220909,-5.605905,6.764427,-5.021857
1500079220925,-5.366541,6.745278,-5.2420716
1500079220941,-4.9739842,7.0612383,-5.462287
1500079220957,-4.782493,6.9463434,-4.926111
1500079220973,-4.926111,6.850598,-4.7250457
1500079220989,-5.2899446,7.1474094,-5.1271772
1500079221005,-5.452712,7.0708127,-5.222923
1500079221020,-5.222923,6.8027253,-5.3186684
1500079221037,-4.954835,6.6016593,-4.9835587
1500079221052,-4.83994,7.1665583,-4.5144053
1500079221068,-4.7920675,7.1665583,-4.1409974
1500079221084,-4.772918,7.003791,-4.2080193
1500079221100,-4.696322,7.051664,-4.7441945
1500079221116,-4.495256,6.869747,-4.8782387
1500079221132,-4.045252,7.003791,-4.7537694
1500079221148,-3.6526947,7.0803876,-4.3612123
1500079221164,-3.499502,7.396348,-4.6005764
1500079221180,-3.671844,6.936769,-4.3612123
1500079221196,-4.121848,6.898471,-4.2654667
1500079221212,-4.5718527,7.3771987,-4.696322
1500079221228,-4.8782387,7.35805,-4.2654667
1500079221244,-4.926111,7.281453,-3.8537605
1500079221260,-4.7250457,7.3676243,-3.9782298
1500079221275,-4.6675982,7.549541,-4.466532
1500079221291,-4.581427,7.281453,-4.772918
1500079221307,-4.581427,6.975067,-4.351638
1500079221323,-4.763344,7.089962,-4.6005764
1500079221339,-5.2516465,6.678256,-4.9069624
1500079221355,-5.9314404,7.176133,-5.366541
1500079221371,-6.3527207,7.741032,-5.739949
1500079221387,-6.333572,7.089962,-5.232497
1500079221403,-6.218677,6.5346375,-5.194199
1500079221419,-6.37187,6.668681,-5.6633525
1500079221435,-6.438892,6.7548523,-5.653778
1500079221451,-5.8835673,6.37187,-5.7495236
1500079221466,-5.146326,6.4484663,-5.5484576
1500079221482,-4.5910015,6.6878304,-5.155901
1500079221498,-4.428234,7.042089,-4.926111
1500079221514,-4.466532,7.6069884,-5.586756
1500079221530,-4.2941904,7.3867736,-5.194199
1500079221546,-3.8920588,7.5208173,-4.9069624
1500079221562,-3.777164,7.3771987,-4.916537
1500079221578,-4.351638,7.0995364,-4.648449
1500079221594,-5.222923,7.042089,-4.610151
1500079221610,-5.634629,6.8793216,-5.0601554
1500079221626,-5.644203,6.563361,-4.993133
1500079221642,-5.7112255,6.936769,-5.28037
1500079221657,-5.988888,7.1091113,-4.935686
1500079221674,-6.1612296,7.281453,-4.696322
1500079221689,-5.960164,7.4729443,-4.868664
1500079221705,-5.4431376,7.329326,-5.088879
1500079221721,-5.0314317,7.3197513,-5.1176023
1500079221737,-5.041006,7.0325146,-4.73462
1500079221753,-5.261221,6.821874,-4.7250457
1500079221769,-5.7303743,6.6495323,-4.935686
1500079221785,-5.912291,6.7069798,-5.232497
1500079221801,-5.8165455,6.3527207,-4.9452605
1500079221817,-5.7208,6.410168,-4.73462
1500079221833,-5.7495236,6.7357035,-4.8303657
1500079221848,-5.7208,6.850598,-4.9069624
1500079221864,-5.7208,6.6208086,-4.351638
1500079221880,-5.6250544,7.243155,-4.619725
1500079221896,-5.194199,7.549541,-5.0122824
1500079221912,-4.715471,6.7931504,-5.146326
1500079221928,-4.5910015,5.672927,-5.002708
1500079221944,-4.9069624,5.6633525,-4.7537694
1500079221960,-5.2516465,7.1665583,-4.7058964
1500079221976,-5.3952646,7.12826,-4.4090853
1500079221992,-5.2516465,6.8027253,-4.581427
1500079222008,-5.079304,6.850598,-4.8590894
1500079222024,-4.935686,6.611234,-4.6867476
1500079222040,-5.1367517,6.821874,-4.303765
1500079222056,-5.38569,7.741032,-4.849515
1500079222071,-5.2133484,7.310177,-4.6867476
1500079222087,-4.543129,6.8888965,-4.619725
1500079222104,-4.2654667,7.1474094,-4.7920675
1500079222119,-4.476107,7.396348,-4.83994
1500079222136,-4.6771727,7.1474094,-4.7058964
1500079222151,-4.658024,6.831449,-4.715471
1500079222167,-4.696322,7.042089,-4.7058964
1500079222183,-4.9069624,7.4059224,-5.021857
1500079222199,-5.2037735,7.4250717,-4.772918
1500079222215,-5.261221,7.0325146,-4.456958
1500079222231,-5.155901,7.051664,-4.504831
1500079222247,-5.2037735,7.3006024,-4.6867476
1500079222262,-5.414414,7.348475,-5.0122824
1500079222278,-5.5963306,7.0133657,-4.916537
1500079222294,-5.634629,6.783576,-5.088879
1500079222311,-5.7686725,6.821874,-5.567607
1500079222326,-6.2952733,6.6208086,-5.222923
1500079222342,-6.7931504,6.9080453,-5.49101
1500079222358,-7.0995364,6.563361,-5.644203
1500079222374,-7.3197513,6.515488,-5.787822
1500079222390,-7.281453,7.4442205,-6.4197426
1500079222406,-6.458041,6.285699,-5.452712
1500079222422,-5.7782474,6.0750585,-4.696322
1500079222438,-5.988888,7.0133657,-5.28037
1500079222454,-6.113357,7.7601814,-5.634629
1500079222470,-4.9069624,7.1665583,-5.6250544
1500079222486,-3.4707782,6.2952733,-4.83994
1500079222501,-3.1356685,6.486765,-4.619725
1500079222518,-3.690993,6.6591067,-5.2133484
1500079222533,-4.150572,5.979313,-5.261221
1500079222549,-3.8058877,5.366541,-5.5484576
1500079222565,-3.2026904,5.261221,-5.155901
1500079222581,-3.499502,5.462287,-5.021857
1500079222597,-4.4186597,5.7016506,-5.4431376
1500079222613,-5.4718614,5.806971,-5.500585
1500079222629,-6.0367603,5.7208,-5.2037735
1500079222645,-6.0559096,5.912291,-5.519734
1500079222661,-5.960164,5.960164,-5.222923
1500079222677,-5.787822,6.4484663,-5.041006
1500079222692,-5.682502,6.611234,-4.772918
1500079222709,-5.759098,7.176133,-4.849515
1500079222724,-5.5963306,6.869747,-5.2899446
1500079222740,-5.7303743,6.2761245,-4.610151
1500079222756,-6.1420803,7.2718787,-5.06973
1500079222772,-6.151655,7.329326,-5.088879
1500079222788,-6.017611,7.1474094,-5.1367517
1500079222852,-5.7208,6.678256,-5.0984535
1500079222916,-5.8835673,6.5346375,-5.0984535
1500079222979,-5.8835673,6.783576,-4.926111
1500079223043,-4.887813,6.37187,-4.9835587
1500079223107,-4.73462,7.1186857,-4.8207912
1500079223170,-5.366541,6.8888965,-5.0601554
1500079223234,-4.782493,7.1091113,-4.8303657
1500079223298,-5.4431376,7.0133657,-4.5622783
1500079223361,-6.4484663,6.8410234,-5.261221
1500079223425,-6.678256,7.176133,-5.988888
1500079223490,-6.1899533,6.2282515,-5.912291
1500079223562,-3.4324799,6.0559096,-4.8590894
1500079223616,-3.4707782,5.8644185,-3.9878044
1500079223680,-6.103782,6.391019,-4.3324885
1500079223744,-6.1229315,6.821874,-4.5144053
1500079223807,-5.797396,6.4963393,-4.7537694
1500079223871,-5.988888,6.6495323,-5.079304
