1500081013600,-6.47719,-7.2240057,-0.56011176
1500081013664,-6.4293175,-7.3006024,-0.61755913
1500081013729,-6.458041,-7.35805,-0.59841
1500081013793,-6.4676156,-7.3006024,-0.6079846
1500081013857,-6.5059137,-7.2623043,-0.6079846
1500081013920,-6.458041,-7.281453,-0.6079846
1500081013984,-6.4293175,-7.310177,-0.61755913
1500081014048,-6.391019,-7.3867736,-0.5313881
1500081014112,-6.4293175,-7.2718787,-0.5792609
1500081014176,-6.5346375,-7.3006024,-0.49308985
1500081014239,-6.515488,-7.4154973,-0.44521707
1500081014303,-6.611234,-7.6835847,-0.64628285
1500081014367,-6.668681,-7.9516726,0.081383765
1500081014431,-6.9942164,-9.167642,0.34947145
1500081014495,-6.7931504,-7.9803963,2.1590633
1500081014559,-6.592085,-7.664436,5.7303743
1500081014623,-8.124015,-7.635712,4.7058964
1500081014687,-8.784659,-4.495256,0.751603
1500081014750,-9.742115,-0.19627848,-0.2441513
1500081014814,-9.100619,2.34098,0.11968201
1500081014878,-6.8122997,4.4090853,1.0675635
1500081014942,-5.347392,5.82612,3.059072
1500081015006,-3.1356685,8.028269,3.930357
1500081015069,-3.9399316,5.462287,1.7665064
1500081015133,-5.979313,4.351638,3.8729098
1500081015197,-8.037844,6.7357035,4.0069537
1500081015261,-9.215514,3.9590807,0.6750065
1500081015325,-9.464453,4.3324885,2.7909844
1500081015389,-8.401677,4.73462,2.561195
1500081015453,-8.248484,3.4324799,2.360129
1500081015516,-8.258059,5.7495236,3.4037561
1500081015580,-12.748528,4.696322,0.8090504
1500081015596,-11.7336235,5.2899446,1.8048047
1500081015612,-7.922949,3.0973704,1.3165021
1500081015628,-9.234664,3.8824842,1.2399056
1500081015644,-9.330409,3.777164,1.4409714
1500081015660,-8.813383,3.193116,1.948423
1500081015676,-8.6697645,3.020774,2.5516202
1500081015692,-8.909128,3.7388659,2.6377914
1500081015708,-8.957002,3.0877957,2.9346027
1500081015724,-9.024023,2.7239625,2.408002
1500081015740,-9.158067,3.0494976,2.4175766
1500081015756,-9.359133,4.1888704,1.3548003
1500081015772,-9.330409,5.347392,1.9388485
1500081015788,-8.909128,4.9739842,3.365458
1500081015804,-8.650616,4.389936,3.7675896
1500081015820,-8.478273,4.169721,3.4420545
1500081015836,-8.708063,4.169721,2.714388
1500081015852,-9.024023,4.016528,1.6803354
1500081015868,-8.928278,3.7963133,1.6803354
1500081015884,-8.736787,3.193116,2.0441687
1500081015900,-8.765511,2.972901,1.7856555
1500081015916,-8.736787,2.475024,0.26330042
1500081015932,-9.215514,2.3026817,-0.47394073
1500081015947,-9.818711,1.6994845,0.5888355
1500081015963,-9.426155,1.6611862,1.5271424
1500081015979,-8.813383,2.647366,2.2643836
1500081015995,-8.832532,2.9824755,2.9824755
1500081016011,-9.129343,3.3558834,2.9824755
1500081016027,-9.3878565,3.0016246,3.1069448
1500081016043,-9.167642,2.5324712,2.8484318
1500081016059,-8.9761505,3.346309,1.8814012
1500081016075,-9.033598,3.777164,1.7473572
1500081016091,-8.889979,2.9824755,2.187787
1500081016107,-8.784659,3.0016246,2.513322
1500081016123,-8.794233,3.499502,3.0494976
1500081016139,-8.784659,4.169721,3.604822
1500081016155,-8.803808,4.1122737,3.3367343
1500081016171,-8.708063,3.2505634,2.2260852
1500081016187,-8.497422,2.2452345,1.14416
1500081016203,-8.918703,2.360129,-0.40691882
1500081016219,-9.464453,3.2888615,0.05266008
1500081016235,-9.378282,3.0494976,2.2356598
1500081016251,-8.688913,3.844186,2.4367256
1500081016267,-8.688913,4.466532,2.321831
1500081016283,-8.631466,3.8346114,2.149489
1500081016299,-9.0814705,3.3558834,1.929274
1500081016315,-9.138918,3.0016246,2.5228968
1500081016331,-8.688913,2.8484318,3.499502
1500081016347,-8.392102,4.0644007,3.0016246
1500081016363,-8.392102,4.3803616,2.8484318
1500081016379,-8.698488,3.8346114,3.5378
1500081016395,-8.535721,3.5665238,4.4090853
1500081016411,-8.430401,4.169721,5.433563
1500081016426,-8.23891,5.8548436,4.935686
1500081016442,-8.018694,6.783576,3.5665238
1500081016458,-8.23891,4.9069624,1.9675722
1500081016474,-8.583593,3.5282254,-1.4601204
1500081016490,-9.550624,4.715471,-3.1548176
1500081016506,-9.837861,5.2899446,-1.2207564
1500081016522,-8.688913,5.6250544,1.9771467
1500081016538,-8.23891,7.003791,3.6814184
1500081016554,-8.372953,8.095291,4.1026993
1500081016570,-8.124015,7.616563,3.7867386
1500081016586,-7.7506065,5.682502,3.1069448
1500081016602,-7.7793303,4.1122737,2.254809
1500081016618,-7.9516726,3.4612036,1.6324625
1500081016634,-7.8846507,3.173967,1.4984187
1500081016650,-7.6835847,3.1548176,1.4218222
1500081016666,-7.635712,3.1835413,1.2686293
1500081016682,-7.721883,2.819708,0.77075213
1500081016698,-7.741032,2.0537431,0.3111732
1500081016714,-7.6835847,1.0962871,0.22500217
1500081016730,-7.4442205,0.44521707,0.46436617
1500081016746,-7.2335806,0.34947145,0.77075213
1500081016762,-7.0325146,0.5218136,0.8664977
1500081016778,-6.745278,0.37819514,0.69415563
1500081016794,-6.391019,-0.32074776,0.64628285
1500081016810,-5.9314404,-1.622888,0.70373017
1500081016826,-5.0314317,-3.777164,1.2686293
1500081016842,-4.2175937,-5.49101,2.2356598
1500081016858,-4.5622783,-4.121848,2.513322
1500081016874,-5.759098,-1.7569319,2.714388
1500081016890,-5.6154795,-3.020774,3.499502
1500081016905,-4.131423,-7.176133,3.911208
1500081016922,-3.4707782,-13.13151,4.8782387
1500081016938,-3.9590807,-19.000715,4.6675982
1500081016996,-4.801642,-13.4666195,4.428234
1500081017001,-7.2623043,-15.659194,8.21976
1500081017017,-7.1091113,-13.102786,6.094208
1500081017049,-4.4856815,-9.62722,1.0962871
1500081017113,-5.7782474,-12.805975,-8.813383
1500081017177,-5.366541,-7.482519,-2.8580062
1500081017241,-6.0463347,-4.993133,1.3452257
1500081017305,-5.586756,-7.0803876,1.5367169
1500081017369,-5.481436,-8.526146,1.6133134
1500081017433,-5.7208,-7.35805,1.5367169
1500081017497,-5.9218655,-8.018694,-0.03351096
1500081017561,-5.692076,-7.9516726,0.5505372
1500081017625,-5.692076,-7.999545,0.3111732
1500081017688,-5.845269,-8.095291,-0.56968635
1500081017752,-5.8165455,-7.5591154,-0.4164934
1500081017816,-5.6250544,-8.095291,-0.03351096
1500081017880,-5.462287,-8.286782,0.014361841
1500081017943,-5.500585,-8.085716,0.15798025
1500081018007,-5.6633525,-8.028269,0.00478728
1500081018071,-5.6250544,-7.664436,0.42606795
1500081018135,-5.49101,-8.305931,0.665432
1500081018199,-5.739949,-7.8655014,0.3877697
1500081018263,-5.7782474,-7.635712,0.70373017
1500081018327,-5.5771813,-8.028269,0.83777404
1500081018391,-5.2707953,-8.296356,-0.13883112
1500081018455,-5.519734,-7.999545,0.0
1500081018518,-5.9697385,-7.6261373,0.56011176
1500081018582,-6.0080366,-7.961247,0.50266445
1500081018646,-5.7495236,-7.875076,0.19627848
1500081018711,-5.309094,-7.56869,0.83777404
1500081018774,-5.5101595,-8.143164,0.5505372
1500081018838,-5.950589,-8.296356,-0.03351096
1500081018902,-6.0750585,-7.9516726,0.12925656
1500081018965,-5.692076,-7.7984796,0.3398969
1500081019029,-5.481436,-7.846352,0.4356425
1500081019093,-5.462287,-7.9708214,0.46436617
1500081019157,-5.605905,-8.047418,0.56011176
1500081019221,-5.6633525,-7.9708214,0.7324539
1500081019285,-5.835695,-7.7601814,0.6079846
1500081019349,-5.8835673,-7.741032,0.13883112
1500081019412,-5.9218655,-7.8272033,-0.2154276
1500081019476,-5.8931417,-7.922949,0.00478728
1500081019540,-5.7016506,-7.922949,0.46436617
1500081019604,-5.567607,-7.9420977,0.69415563
1500081019669,-5.605905,-7.961247,0.5792609
1500081019732,-5.7303743,-7.9516726,0.36862057
1500081019796,-5.7208,-7.846352,0.3877697
1500081019860,-5.787822,-7.808054,0.33032233
1500081019923,-5.912291,-7.875076,0.15798025
1500081019987,-5.873993,-7.894225,0.16755481
1500081020051,-5.6633525,-7.922949,0.37819514
1500081020115,-5.6154795,-7.9420977,0.50266445
1500081020179,-5.7112255,-7.9420977,0.47394073
1500081020243,-5.7208,-7.8846507,0.42606795
1500081020307,-5.672927,-7.922949,0.3877697
1500081020370,-5.7112255,-7.9420977,0.3398969
1500081020434,-5.7303743,-7.922949,0.30159867
1500081020498,-5.7208,-7.9133744,0.34947145
1500081020562,-5.6633525,-7.9133744,0.42606795
1500081020626,-5.6250544,-7.9516726,0.42606795
1500081020690,-5.672927,-7.922949,0.4164934
1500081020754,-5.7016506,-7.894225,0.3877697
1500081020818,-5.692076,-7.9420977,0.3398969
1500081020881,-5.7495236,-7.9325233,0.34947145
1500081020945,-5.739949,-7.8655014,0.3398969
1500081021009,-5.692076,-7.922949,0.37819514
1500081021073,-5.692076,-7.9420977,0.37819514
1500081021137,-5.7112255,-7.8846507,0.39734426
1500081021201,-5.7016506,-7.922949,0.37819514
1500081021265,-5.7303743,-7.9325233,0.32074776
1500081021328,-5.739949,-7.9037995,0.33032233
1500081021392,-5.7303743,-7.9037995,0.32074776
1500081021456,-5.7208,-7.9037995,0.36862057
1500081021520,-5.7303743,-7.9133744,0.3877697
1500081021584,-5.672927,-7.9037995,0.36862057
1500081021648,-5.7495236,-7.9325233,0.33032233
1500081021712,-5.7782474,-7.875076,0.34947145
1500081021775,-5.7495236,-7.8367777,0.34947145
1500081021839,-5.7112255,-7.9325233,0.32074776
1500081021903,-5.7303743,-7.9133744,0.359046
1500081021967,-5.739949,-7.8846507,0.36862057
1500081022031,-5.739949,-7.8846507,0.34947145
1500081022095,-5.7495236,-7.875076,0.33032233
1500081022159,-5.7208,-7.9420977,0.34947145
1500081022223,-5.7112255,-7.961247,0.34947145
1500081022286,-5.7495236,-7.855927,0.36862057
1500081022350,-5.7112255,-7.9037995,0.33032233
1500081022414,-5.682502,-7.922949,0.36862057
1500081022478,-5.7686725,-7.9420977,0.3111732
1500081022542,-5.7686725,-7.8367777,0.359046
1500081022606,-5.7303743,-7.846352,0.359046
1500081022670,-5.7303743,-7.9803963,0.30159867
1500081022734,-5.7495236,-7.9037995,0.3398969
1500081022797,-5.7112255,-7.894225,0.359046
1500081022861,-5.7303743,-7.875076,0.3877697
1500081022925,-5.7303743,-7.922949,0.33032233
1500081022989,-5.7303743,-7.894225,0.33032233
1500081023053,-5.7016506,-7.922949,0.33032233
1500081023117,-5.7112255,-7.9325233,0.3877697
1500081023180,-5.7208,-7.9325233,0.37819514
1500081023244,-5.653778,-7.9037995,0.37819514
1500081023308,-5.672927,-7.9325233,0.36862057
1500081023372,-5.7112255,-7.9420977,0.36862057
1500081023436,-5.7208,-7.961247,0.359046
1500081023500,-5.672927,-7.846352,0.40691882
1500081023564,-5.7016506,-7.9420977,0.359046
1500081023627,-5.682502,-7.9516726,0.47394073
1500081023691,-5.787822,-7.894225,0.23457673
1500081023755,-5.759098,-7.8846507,0.2441513
1500081023820,-5.7686725,-7.8272033,0.36862057
1500081023883,-5.692076,-7.922949,0.40691882
1500081023947,-5.7303743,-8.037844,0.33032233
1500081024010,-5.7208,-7.8272033,0.37819514
1500081024074,-5.653778,-7.7123084,0.6750065
1500081024138,-5.692076,-7.9420977,0.4356425
1500081024202,-5.7686725,-8.095291,0.14840569
1500081024266,-5.82612,-7.846352,-0.043085523
1500081024330,-5.912291,-7.769756,-0.110107444
1500081024394,-5.950589,-7.846352,-0.0718092
1500081024458,-5.845269,-7.846352,0.10053288
1500081024521,-5.7495236,-7.875076,0.22500217
1500081024585,-5.7495236,-7.846352,0.26330042
1500081024649,-5.644203,-7.8176284,0.63670826
1500081024713,-5.586756,-8.5740185,-0.54096264
1500081024777,-5.155901,-10.163396,-1.1920328
1500081024841,-5.3569665,-9.991054,-0.6079846
1500081024905,-7.0133657,-9.991054,4.3324885
1500081024969,-8.679339,-6.592085,1.4409714
1500081025032,-7.56869,-3.4803526,-2.101616
1500081025096,-7.1857076,0.70373017,-1.4792696
1500081025160,-7.46337,2.1399143,-0.99096704
1500081025224,-7.6835847,2.427151,1.4313968
1500081025288,-8.00912,4.5527034,4.0069537
1500081025352,-8.152739,5.9218655,5.1846247
1500081025415,-8.171887,5.806971,4.351638
1500081025479,-8.765511,3.0686467,1.9005502
1500081025543,-9.024023,2.1782124,2.321831
1500081025607,-8.947427,3.2697124,2.6569405
1500081025671,-9.052747,2.5420458,2.4654493
1500081025735,-8.937852,3.346309,2.800559
1500081025799,-8.784659,3.518651,2.561195
1500081025862,-8.870831,3.1452432,2.2452345
1500081025926,-9.052747,2.360129,2.2643836
1500081025990,-9.024023,2.321831,2.5516202
1500081026054,-9.004874,2.4463003,2.3505547
1500081026118,-8.889979,3.0877957,2.5994933
1500081026182,-8.746361,3.4707782,2.9537518
1500081026246,-8.736787,3.2888615,3.2601378
1500081026309,-8.631466,3.8729098,3.6526947
1500081026373,-8.7750845,2.714388,2.3122563
1500081026437,-9.320834,2.1973617,1.4505459
1500081026501,-8.861256,3.499502,2.867581
1500081026565,-8.995299,3.499502,2.0250196
1500081026629,-8.765511,3.212265,2.0633178
1500081026692,-8.21976,2.800559,3.777164
1500081026756,-7.089962,1.2207564,7.8272033
1500081026820,-9.349558,-0.081383765,3.3175852
1500081026884,-8.641041,2.2643836,4.4856815
1500081026948,-8.506997,2.427151,3.7963133
1500081027012,-8.210186,3.039923,4.2175937
1500081027075,-8.411251,2.8101335,4.3612123
1500081027139,-8.44955,2.408002,4.1792955
1500081027203,-8.334655,2.360129,4.198445
1500081027267,-8.4686985,2.3026817,4.1888704
1500081027331,-8.497422,2.2260852,4.131423
1500081027395,-8.44955,2.2739582,4.1122737
1500081027459,-8.411251,2.5324712,4.0931244
1500081027523,-8.497422,2.5994933,3.997379
1500081027587,-8.55487,2.6186423,4.0548263
1500081027650,-8.420826,3.173967,5.002708
1500081027714,-8.392102,2.4558747,4.5335546
1500081027778,-8.439975,2.561195,3.0494976
1500081027842,-8.851681,2.0920415,3.346309
1500081027906,-9.004874,0.9526688,2.752686
1500081027970,-9.474028,0.7420284,1.7377827
1500081028033,-9.2825365,1.6707608,2.5420458
1500081028097,-9.426155,1.2782038,3.2026904
1500081028161,-9.253813,0.05266008,3.0877957
1500081028225,-8.947427,0.30159867,3.5760984
1500081028289,-8.5740185,0.3877697,4.3803616
1500081028353,-8.803808,-0.05266008,4.2654667
1500081028417,-9.110194,0.12925656,3.3367343
1500081028481,-9.359133,-0.4835153,2.5516202
1500081028545,-9.0814705,-1.2494801,3.7292912
1500081028608,-7.846352,2.9633265,6.1229315
1500081028672,-7.195282,6.9271946,5.3186684
1500081028736,-6.678256,5.797396,3.758015
1500081028800,-6.47719,1.0101161,3.1643922
1500081028864,-5.567607,-3.0877957,4.658024
1500081028928,-4.8207912,-5.088879,6.7261286
1500081028991,-5.7112255,-9.339984,1.7856555
1500081029055,-6.0367603,-9.713391,-3.6814184
1500081029119,-6.7740016,-12.154904,-11.321918
1500081029183,-5.481436,-5.3569665,-3.5282254
1500081029247,-6.113357,-6.4293175,-0.6845811
1500081029311,-6.2761245,-6.3527207,1.8814012
1500081029375,-6.2282515,-7.5399666,-1.3452257
1500081029439,-6.2952733,-7.8655014,-1.4313968
1500081029503,-6.2761245,-7.6835847,-0.9718179
1500081029566,-6.1229315,-7.3676243,-0.26330042
1500081029630,-6.2761245,-7.3197513,-0.47394073
1500081029694,-6.2378263,-7.5208173,-1.1058618
1500081029759,-6.3431463,-7.46337,-0.16755481
1500081029822,-6.391019,-7.4059224,-0.7324539
1500081029886,-6.333572,-7.3771987,-0.59841
1500081029950,-6.2474008,-7.4154973,-0.359046
1500081030015,-6.2952733,-7.5303917,-0.5313881
1500081030077,-6.2474008,-7.549541,-0.50266445
1500081030141,-6.256975,-7.4059224,-0.3877697
1500081030205,-6.2665496,-7.4729443,-0.46436617
1500081030269,-6.256975,-7.5208173,-0.49308985
1500081030333,-6.256975,-7.501668,-0.4164934
1500081030396,-6.2282515,-7.5303917,-0.40691882
1500081030461,-6.218677,-7.4154973,-0.28244954
1500081030524,-6.1899533,-7.654861,-0.46436617
1500081030588,-6.1995277,-7.5782647,-0.39734426
1500081030652,-6.113357,-7.482519,-0.23457673
1500081030716,-6.2761245,-7.4250717,-0.6271337
1500081030780,-6.103782,-7.999545,-0.30159867
1500081030843,-6.1612296,-7.1474094,-0.78032666
1500081030907,-6.151655,-7.9516726,-0.062234644
1500081030971,-6.151655,-7.1665583,0.56011176
1500081031035,-6.285699,-7.654861,-0.2920241
1500081031099,-6.094208,-7.6069884,0.3111732
1500081031163,-6.151655,-7.654861,-0.014361841
1500081031227,-6.1995277,-7.4920936,0.110107444
1500081031291,-6.1229315,-7.482519,0.12925656
1500081031355,-6.170804,-7.46337,0.00478728
1500081031418,-6.2091026,-7.35805,0.12925656
1500081031482,-6.256975,-7.5208173,-0.2920241
1500081031546,-6.2761245,-7.7123084,-0.27287498
1500081031610,-6.2282515,-7.5399666,-0.16755481
1500081031674,-6.103782,-7.587839,-0.062234644
1500081031738,-6.113357,-7.9420977,-0.14840569
1500081031802,-6.218677,-7.9325233,-0.26330042
1500081031865,-6.391019,-7.3389006,-0.023936402
1500081031929,-6.5825105,-6.697405,0.4356425
1500081031993,-6.8027253,-6.6016593,0.37819514
1500081032057,-7.042089,-6.9080453,-0.110107444
1500081032121,-7.042089,-7.1857076,-0.5313881
1500081032185,-6.764427,-7.35805,-0.17712937
1500081032249,-6.391019,-7.281453,1.3260766
1500081032312,-5.873993,-6.936769,2.5899186
1500081032376,-5.739949,-6.783576,3.365458
1500081032440,-5.8835673,-5.998462,3.6431203
1500081032504,-6.0463347,-6.7931504,3.1452432
1500081032568,-6.4293175,-6.697405,2.3314054
1500081032632,-5.82612,-7.1474094,1.7856555
1500081032696,-5.309094,-8.353804,0.56968635
1500081032759,-5.146326,-9.320834,-0.5218136
1500081032823,-5.002708,-9.598496,-0.09095833
1500081032887,-5.06973,-8.870831,0.14840569
1500081032951,-5.232497,-8.755936,0.19627848
1500081033015,-5.299519,-8.55487,0.6750065
1500081033079,-5.414414,-7.8846507,1.2016073
1500081033143,-5.586756,-7.12826,1.7282082
1500081033207,-5.452712,-6.7931504,2.7718353
1500081033270,-5.309094,-7.243155,3.020774
1500081033334,-5.452712,-7.654861,2.561195
1500081033398,-5.6633525,-8.00912,1.2303311
1500081033462,-5.979313,-8.34423,-0.25372586
1500081033526,-5.433563,-8.506997,-0.6750065
1500081033590,-4.696322,-7.7601814,0.8952214
1500081033654,-4.428234,-8.66019,1.6899099
1500081033717,-4.6867476,-9.339984,1.5845897
1500081033781,-5.079304,-7.875076,1.2494801
1500081033845,-5.2707953,-7.961247,0.9718179
1500081033909,-5.079304,-8.21976,1.469695
1500081033973,-4.935686,-8.2676325,1.1345854
1500081034037,-5.0505805,-8.181462,0.91437054
1500081034101,-5.5101595,-8.34423,-0.09095833
1500081034164,-5.5580325,-8.210186,0.023936402
1500081034228,-5.38569,-8.210186,0.12925656
1500081034292,-5.261221,-8.411251,0.6750065
1500081034356,-4.9835587,-8.526146,0.8664977
1500081034420,-4.916537,-8.478273,0.9526688
1500081034484,-5.194199,-8.315506,0.6750065
1500081034548,-5.452712,-8.00912,0.5888355
1500081034612,-5.538883,-7.46337,0.69415563
1500081034675,-5.3378177,-7.5782647,1.0484143
1500081034739,-5.366541,-7.7506065,0.5792609
1500081034803,-5.4431376,-8.487848,1.1250108
1500081034867,-5.5963306,-8.9761505,0.56011176
1500081034930,-5.376116,-8.258059,0.33032233
1500081034995,-5.2516465,-7.9803963,0.6079846
1500081035059,-5.0122824,-8.00912,1.1250108
1500081035123,-5.2037735,-8.296356,1.1537346
1500081035195,-5.2899446,-8.286782,0.8473486
1500081035250,-5.1271772,-8.124015,0.7994758
1500081035314,-5.232497,-8.095291,0.9718179
1500081035378,-5.328243,-8.277207,0.8281995
1500081035442,-5.28037,-8.133589,0.8186249
1500081035506,-5.366541,-8.191036,0.8090504
1500081035570,-5.366541,-8.23891,0.71330476
1500081035633,-5.232497,-8.229335,0.7994758
1500081035697,-5.232497,-8.066567,0.78990126
1500081035761,-5.0601554,-8.11444,1.2111819
1500081035825,-5.1367517,-8.372953,1.0196906
1500081035889,-5.2707953,-8.420826,0.665432
1500081035952,-5.7112255,-7.961247,0.5218136
1500081036016,-5.8165455,-8.028269,0.5313881
1500081036080,-5.2899446,-8.018694,0.61755913
1500081036144,-4.9069624,-8.382527,1.3548003
1500081036208,-5.0505805,-8.372953,1.0579889
1500081036272,-5.28037,-7.769756,1.14416
1500081036336,-5.462287,-8.047418,0.8664977
1500081036400,-5.49101,-8.305931,0.5792609
1500081036464,-5.1654754,-8.047418,1.0579889
1500081036527,-5.0984535,-8.229335,1.1345854
1500081036591,-5.452712,-8.085716,0.9526688
1500081036655,-5.5580325,-8.11444,0.6750065
1500081036719,-5.28037,-8.200611,0.7420284
1500081036783,-5.2037735,-8.200611,0.91437054
1500081036846,-5.3378177,-8.181462,0.8473486
1500081036910,-5.433563,-8.1623125,0.71330476
1500081036974,-5.376116,-8.152739,0.69415563
1500081037038,-5.2516465,-8.191036,0.7994758
1500081037102,-5.2420716,-8.191036,0.85692316
1500081037166,-5.2516465,-8.171887,0.7994758
1500081037230,-5.328243,-8.181462,0.7228793
1500081037294,-5.376116,-8.248484,0.69415563
1500081037358,-5.347392,-8.305931,0.70373017
1500081037421,-5.3378177,-8.181462,0.69415563
1500081037485,-5.2516465,-7.8176284,0.8760723
1500081037549,-5.0505805,-8.229335,1.0962871
1500081037613,-5.088879,-8.305931,1.0005416
1500081037677,-5.3952646,-8.085716,0.751603
1500081037741,-5.500585,-8.181462,0.64628285
1500081037805,-5.38569,-8.124015,0.6271337
1500081037868,-5.1846247,-8.210186,0.751603
1500081037932,-5.261221,-8.286782,0.6750065
1500081037996,-5.4718614,-8.181462,0.6271337
1500081038060,-5.3952646,-8.095291,0.56011176
1500081038124,-5.261221,-8.11444,0.77075213
1500081038188,-5.261221,-8.210186,0.751603
1500081038252,-5.3569665,-8.210186,0.59841
1500081038316,-5.366541,-8.095291,0.71330476
1500081038379,-5.3186684,-8.1623125,0.6750065
1500081038443,-5.309094,-8.191036,0.6750065
1500081038507,-5.3378177,-8.181462,0.665432
1500081038571,-5.347392,-8.152739,0.63670826
1500081038635,-5.299519,-8.1623125,0.6558574
1500081038700,-5.328243,-8.171887,0.6558574
1500081038763,-5.3569665,-8.1623125,0.63670826
1500081038826,-5.3378177,-8.124015,0.63670826
1500081038890,-5.3186684,-8.200611,0.6271337
1500081038954,-5.347392,-8.1623125,0.63670826
1500081039018,-5.347392,-8.171887,0.61755913
1500081039082,-5.3378177,-8.143164,0.63670826
1500081039146,-5.3186684,-8.1623125,0.6558574
1500081039210,-5.3186684,-8.181462,0.6271337
1500081039274,-5.3186684,-8.171887,0.6271337
1500081039337,-5.3186684,-8.1623125,0.63670826
1500081039401,-5.28037,-8.210186,0.61755913
1500081039465,-5.328243,-8.191036,0.64628285
1500081039529,-5.3378177,-8.152739,0.6271337
1500081039593,-5.28037,-8.191036,0.64628285
1500081039657,-5.261221,-8.296356,0.5888355
1500081039720,-5.376116,-8.229335,0.6079846
1500081039784,-5.366541,-8.085716,0.6271337
1500081039848,-5.28037,-8.076141,0.63670826
1500081039912,-5.17505,-8.248484,0.8090504
1500081039976,-5.261221,-8.181462,0.69415563
1500081040039,-5.414414,-8.076141,0.59841
1500081040104,-5.347392,-8.171887,0.56968635
1500081040167,-5.2707953,-8.191036,0.71330476
1500081040232,-5.328243,-8.200611,0.61755913
1500081040304,-5.4239883,-8.11444,0.5888355
1500081040359,-5.376116,-8.171887,0.56968635
1500081040423,-5.2899446,-8.200611,0.6271337
1500081040487,-5.3186684,-8.1623125,0.6558574
1500081040551,-5.376116,-8.143164,0.5792609
1500081040615,-5.347392,-8.143164,0.6079846
1500081040678,-5.3378177,-8.181462,0.5888355
1500081040742,-5.347392,-8.1623125,0.61755913
1500081040806,-5.366541,-8.152739,0.6079846
1500081040870,-5.3378177,-8.181462,0.59841
1500081040934,-5.3569665,-8.171887,0.5792609
1500081040997,-5.376116,-8.1623125,0.61755913
1500081041061,-5.3569665,-8.085716,0.6271337
1500081041125,-5.3378177,-8.171887,0.6079846
1500081041189,-5.366541,-8.152739,0.6079846
1500081041253,-5.366541,-8.133589,0.59841
1500081041317,-5.3378177,-8.171887,0.5888355
1500081041381,-5.3378177,-8.181462,0.5888355
1500081041445,-5.347392,-8.171887,0.6079846
1500081041509,-5.3378177,-8.152739,0.61755913
1500081041572,-5.3378177,-8.143164,0.5888355
1500081041636,-5.3186684,-8.210186,0.5792609
1500081041700,-5.328243,-8.191036,0.5313881
1500081041764,-5.3569665,-8.171887,0.47394073
1500081041828,-5.3378177,-8.133589,0.59841
1500081041892,-5.2899446,-8.229335,0.5505372
1500081041955,-5.299519,-8.210186,0.56968635
1500081042019,-5.299519,-8.152739,0.61755913
1500081042083,-5.2899446,-8.181462,0.61755913
1500081042147,-5.309094,-8.200611,0.5505372
1500081042211,-5.309094,-8.191036,0.5888355
1500081042275,-5.309094,-8.171887,0.5888355
1500081042339,-5.3186684,-8.1623125,0.5792609
1500081042403,-5.2707953,-8.210186,0.56968635
1500081042466,-5.3378177,-8.229335,0.5505372
1500081042530,-5.38569,-8.152739,0.5505372
1500081042594,-5.38569,-8.191036,0.5218136
1500081042658,-5.3569665,-8.210186,0.5313881
1500081042722,-5.4431376,-8.124015,0.6750065
1500081042786,-5.328243,-8.095291,0.2920241
1500081042849,-5.2420716,-8.229335,0.61755913
1500081042913,-5.2899446,-8.066567,1.0771381
1500081042977,-5.347392,-8.124015,0.56011176
1500081043041,-5.3186684,-8.143164,0.665432
1500081043105,-5.328243,-8.085716,0.77075213
1500081043169,-5.309094,-8.200611,0.63670826
1500081043233,-5.4048395,-8.181462,0.61755913
1500081043296,-5.462287,-8.210186,0.5313881
1500081043361,-5.3952646,-8.1623125,0.56011176
1500081043424,-5.261221,-8.191036,0.6845811
1500081043488,-5.299519,-8.104865,0.751603
1500081043552,-5.366541,-8.171887,0.59841
1500081043616,-5.3952646,-8.171887,0.5792609
1500081043680,-5.3569665,-8.171887,0.5888355
1500081043744,-5.328243,-8.21976,0.64628285
1500081043807,-5.4048395,-8.210186,0.5888355
1500081043871,-5.366541,-8.066567,0.59841
1500081043935,-5.309094,-8.085716,0.76117754
1500081043999,-5.28037,-8.248484,0.751603
1500081044063,-5.309094,-8.037844,0.751603
1500081044127,-5.414414,-8.181462,0.54096264
1500081044191,-5.433563,-8.152739,0.5888355
1500081044254,-5.309094,-8.133589,0.7228793
1500081044318,-5.366541,-8.1623125,0.69415563
1500081044382,-5.3569665,-8.143164,0.6845811
1500081044446,-5.3186684,-8.133589,0.7420284
1500081044510,-5.376116,-8.124015,0.665432
1500081044574,-5.3186684,-8.143164,0.7228793
1500081044638,-5.2899446,-8.1623125,0.77075213
1500081044701,-5.4048395,-8.037844,0.6845811
1500081044765,-5.376116,-8.11444,0.6845811
1500081044829,-5.376116,-8.191036,0.6079846
1500081044894,-5.3569665,-8.152739,0.71330476
1500081044957,-5.376116,-8.143164,0.6271337
1500081045021,-5.347392,-8.11444,0.69415563
1500081045085,-5.328243,-8.210186,0.6558574
1500081045148,-5.3186684,-8.191036,0.665432
1500081045213,-5.261221,-8.210186,0.71330476
1500081045276,-5.3186684,-8.210186,0.6271337
1500081045349,-5.3569665,-8.133589,0.6079846
1500081045404,-5.28037,-8.124015,0.7324539
1500081045468,-5.222923,-8.21976,0.6845811
1500081045532,-5.28037,-8.210186,0.665432
1500081045595,-5.28037,-8.181462,0.6558574
1500081045659,-5.2707953,-8.210186,0.6271337
1500081045723,-5.2899446,-8.200611,0.63670826
1500081045787,-5.309094,-8.2676325,0.6079846
1500081045851,-5.3186684,-8.2676325,0.56968635
1500081045915,-5.261221,-8.066567,0.71330476
1500081045978,-5.232497,-8.1623125,0.69415563
1500081046042,-5.3186684,-8.23891,0.5888355
1500081046106,-5.366541,-8.143164,0.59841
1500081046170,-5.366541,-8.191036,0.50266445
1500081046234,-5.328243,-8.200611,0.54096264
1500081046298,-5.2899446,-8.143164,0.6845811
1500081046362,-5.2899446,-8.143164,0.665432
1500081046426,-5.328243,-8.181462,0.6079846
1500081046490,-5.347392,-8.181462,0.5792609
1500081046553,-5.376116,-8.181462,0.5505372
1500081046617,-5.3186684,-8.191036,0.5505372
1500081046681,-5.328243,-8.181462,0.5888355
1500081046745,-5.3569665,-8.143164,0.61755913
1500081046809,-5.347392,-8.124015,0.59841
1500081046873,-5.347392,-8.181462,0.5888355
1500081046936,-5.3378177,-8.152739,0.64628285
1500081047000,-5.3569665,-8.210186,0.3398969
1500081047064,-5.3569665,-8.133589,0.46436617
1500081047128,-5.3378177,-8.1623125,0.6845811
1500081047192,-5.3569665,-8.248484,0.56011176
1500081047256,-5.414414,-8.248484,0.512239
1500081047320,-5.481436,-8.171887,0.47394073
1500081047384,-5.309094,-7.8176284,0.7228793
1500081047447,-5.194199,-8.286782,0.77075213
1500081047511,-5.2899446,-8.133589,0.70373017
1500081047575,-5.500585,-8.056993,0.665432
1500081047639,-5.462287,-8.104865,0.11968201
1500081047703,-5.2707953,-8.258059,0.3111732
1500081047767,-5.2516465,-8.00912,1.3930986
1500081047831,-5.414414,-8.210186,0.50266445
1500081047894,-5.3952646,-8.286782,0.54096264
1500081047958,-5.299519,-8.152739,0.6271337
1500081048022,-5.347392,-8.152739,0.6845811
1500081048087,-5.3186684,-8.191036,0.6558574
1500081048150,-5.3186684,-8.143164,0.70373017
1500081048214,-5.299519,-8.191036,0.64628285
1500081048278,-5.2899446,-8.171887,0.665432
1500081048342,-5.28037,-8.248484,0.6271337
1500081048405,-5.3378177,-8.1623125,0.63670826
1500081048469,-5.28037,-8.124015,0.665432
1500081048533,-5.2420716,-8.200611,0.6845811
1500081048597,-5.3378177,-8.210186,0.61755913
1500081048661,-5.3378177,-8.143164,0.6271337
1500081048725,-5.2899446,-8.143164,0.6845811
1500081048789,-5.3378177,-8.210186,0.6558574
1500081048852,-5.3569665,-8.286782,0.5505372
1500081048916,-5.38569,-8.1623125,0.6079846
1500081048980,-5.3569665,-7.9899707,0.6750065
1500081049044,-5.2516465,-8.143164,0.7324539
1500081049108,-5.2037735,-8.248484,0.83777404
1500081049172,-5.328243,-8.11444,0.6845811
1500081049236,-5.5101595,-8.171887,0.47394073
1500081049299,-5.4048395,-8.047418,0.6558574
1500081049363,-5.2516465,-8.23891,0.6845811
1500081049427,-5.3186684,-8.152739,0.70373017
1500081049491,-5.4718614,-8.133589,0.49308985
1500081049555,-5.376116,-8.124015,0.6271337
1500081049619,-5.299519,-8.200611,0.59841
1500081049683,-5.328243,-8.152739,0.70373017
1500081049747,-5.376116,-8.171887,0.59841
1500081049811,-5.376116,-8.104865,0.61755913
1500081049874,-5.347392,-8.133589,0.6845811
1500081049939,-5.3569665,-8.21976,0.56011176
1500081050003,-5.328243,-8.152739,0.6271337
1500081050066,-5.376116,-8.124015,0.6271337
1500081050130,-5.366541,-8.152739,0.61755913
1500081050194,-5.3378177,-8.181462,0.56968635
1500081050257,-5.2899446,-8.133589,0.77075213
1500081050330,-5.309094,-8.171887,0.54096264
1500081050385,-5.366541,-8.124015,0.7420284
1500081050449,-5.328243,-8.258059,0.46436617
1500081050513,-5.3186684,-8.11444,0.69415563
1500081050577,-5.2516465,-8.191036,0.6845811
1500081050641,-5.309094,-8.229335,0.5792609
1500081050704,-5.299519,-8.181462,0.5888355
1500081050768,-5.2133484,-8.181462,0.76117754
1500081050832,-5.28037,-8.21976,0.6845811
1500081050897,-5.3952646,-8.152739,0.46436617
1500081050960,-5.347392,-8.11444,0.71330476
1500081051024,-5.2707953,-8.23891,0.69415563
1500081051088,-5.299519,-8.171887,0.70373017
1500081051152,-5.309094,-8.181462,0.665432
1500081051215,-5.3186684,-8.1623125,0.70373017
1500081051279,-5.328243,-8.171887,0.665432
1500081051343,-5.309094,-8.191036,0.6845811
1500081051407,-5.3378177,-8.1623125,0.6558574
1500081051471,-5.3378177,-8.1623125,0.64628285
1500081051535,-5.3186684,-8.171887,0.6750065
1500081051599,-5.299519,-8.171887,0.6558574
1500081051663,-5.3569665,-8.1623125,0.6558574
1500081051726,-5.366541,-8.124015,0.64628285
1500081051790,-5.328243,-8.171887,0.6079846
1500081051854,-5.309094,-8.181462,0.63670826
1500081051918,-5.376116,-8.171887,0.61755913
1500081051982,-5.328243,-8.1623125,0.59841
1500081052046,-5.328243,-8.133589,0.6845811
1500081052110,-5.3378177,-8.191036,0.6271337
1500081052173,-5.347392,-8.152739,0.61755913
1500081052237,-5.347392,-8.143164,0.63670826
1500081052301,-5.347392,-8.1623125,0.64628285
1500081052365,-5.3378177,-8.181462,0.6079846
1500081052429,-5.3378177,-8.171887,0.6079846
1500081052493,-5.347392,-8.171887,0.59841
1500081052556,-5.3186684,-8.143164,0.63670826
1500081052621,-5.309094,-8.181462,0.61755913
1500081052684,-5.328243,-8.229335,0.6079846
1500081052748,-5.3378177,-8.181462,0.4356425
1500081052812,-5.2899446,-8.1623125,0.70373017
1500081052876,-5.261221,-8.191036,0.7420284
1500081052940,-5.28037,-8.200611,0.70373017
1500081053004,-5.2899446,-8.210186,0.6558574
1500081053067,-5.2516465,-8.171887,0.70373017
1500081053131,-5.2420716,-8.21976,0.6750065
1500081053195,-5.222923,-8.23891,0.665432
1500081053259,-5.261221,-8.21976,0.6271337
1500081053323,-5.328243,-8.181462,0.665432
1500081053387,-5.28037,-8.152739,0.71330476
1500081053451,-5.28037,-8.210186,0.56011176
1500081053515,-5.2899446,-8.200611,0.7420284
1500081053579,-5.299519,-8.1623125,0.6750065
1500081053642,-5.299519,-8.181462,0.69415563
1500081053706,-5.299519,-8.200611,0.63670826
1500081053770,-5.299519,-8.181462,0.69415563
1500081053834,-5.299519,-8.1623125,0.6750065
1500081053898,-5.309094,-8.200611,0.665432
1500081053962,-5.3569665,-8.171887,0.59841
1500081054025,-5.2899446,-8.171887,0.665432
1500081054089,-5.2899446,-8.181462,0.71330476
1500081054153,-5.366541,-8.191036,0.665432
1500081054217,-5.347392,-8.11444,0.26330042
1500081054281,-5.299519,-8.181462,0.83777404
1500081054345,-5.299519,-8.191036,0.71330476
1500081054409,-5.347392,-8.133589,0.7324539
1500081054473,-5.3378177,-8.1623125,0.665432
1500081054537,-5.3186684,-8.181462,0.6845811
1500081054600,-5.328243,-8.171887,0.69415563
1500081054664,-5.3569665,-8.11444,0.69415563
1500081054728,-5.3378177,-8.191036,0.6271337
1500081054792,-5.328243,-8.143164,0.8090504
1500081054856,-5.3378177,-8.210186,0.2441513
1500081054919,-5.347392,-8.11444,0.85692316
1500081054983,-5.28037,-8.181462,0.78032666
1500081055047,-5.366541,-8.181462,0.69415563
1500081055111,-5.347392,-8.124015,0.69415563
1500081055175,-5.28037,-8.143164,0.76117754
1500081055239,-5.299519,-8.229335,0.64628285
1500081055303,-5.414414,-8.171887,0.6750065
1500081055367,-5.309094,-8.133589,0.665432
1500081055431,-5.309094,-8.171887,0.71330476
1500081055495,-5.299519,-8.229335,0.77075213
1500081055558,-5.3569665,-8.191036,0.30159867
1500081055622,-5.261221,-8.143164,0.90479594
1500081055686,-5.2420716,-8.133589,1.0484143
1500081055750,-5.261221,-8.23891,0.751603
1500081055814,-5.28037,-8.200611,0.76117754
1500081055878,-5.2516465,-8.191036,0.751603
1500081055941,-5.222923,-8.23891,0.77075213
1500081056005,-5.309094,-8.181462,0.70373017
1500081056069,-5.347392,-8.1623125,0.76117754
1500081056133,-5.2707953,-8.171887,0.7324539
1500081056197,-5.2899446,-8.191036,0.71330476
1500081056261,-5.309094,-8.181462,0.70373017
1500081056325,-5.328243,-8.181462,0.6845811
1500081056389,-5.328243,-8.181462,0.6750065
1500081056453,-5.347392,-8.191036,0.71330476
1500081056517,-5.309094,-8.1623125,0.7228793
1500081056580,-5.3569665,-8.1623125,0.70373017
1500081056644,-5.222923,-8.152739,0.8186249
1500081056708,-5.261221,-8.1623125,0.8760723
1500081056772,-5.4431376,-8.21976,0.56011176
1500081056836,-5.49101,-8.056993,0.5505372
1500081056899,-5.299519,-8.085716,0.78032666
1500081056963,-5.2516465,-8.2676325,0.9718179
1500081057027,-5.28037,-7.961247,0.98139244
1500081057091,-5.28037,-8.1623125,0.6079846
1500081057155,-5.38569,-8.258059,0.77075213
1500081057219,-5.366541,-8.143164,0.8090504
1500081057283,-5.519734,-8.143164,0.665432
1500081057347,-5.481436,-8.133589,0.56011176
1500081057411,-5.299519,-8.363379,0.50266445
1500081057474,-5.2037735,-8.124015,0.93351966
1500081057538,-5.2707953,-8.018694,1.0292653
1500081057602,-5.299519,-7.922949,0.7994758
1500081057666,-5.28037,-7.9133744,0.8281995
1500081057730,-5.28037,-7.999545,0.7228793
1500081057794,-5.529309,-8.34423,0.71330476
1500081057857,-5.3378177,-8.545295,0.71330476
1500081057921,-5.155901,-8.21976,0.8760723
1500081057985,-5.06973,-8.11444,1.3643749
1500081058049,-5.0505805,-8.181462,1.3643749
1500081058113,-5.433563,-8.44955,-0.0718092
1500081058177,-5.3378177,-8.315506,0.54096264
1500081058241,-5.1176023,-8.056993,1.3356512
1500081058305,-4.9452605,-8.21976,1.3452257
1500081058369,-5.1176023,-8.277207,1.14416
1500081058432,-5.2516465,-8.23891,0.8952214
1500081058496,-5.17505,-8.23891,0.78032666
1500081058560,-5.232497,-8.21976,0.98139244
1500081058624,-5.2707953,-8.181462,0.9622433
1500081058688,-5.2133484,-8.124015,0.92394507
1500081058752,-5.194199,-8.32508,0.83777404
1500081058816,-5.2420716,-8.296356,0.8090504
1500081058879,-5.2420716,-8.085716,0.9526688
1500081058943,-5.1846247,-8.23891,0.8473486
1500081059007,-5.17505,-8.21976,0.8952214
1500081059071,-5.261221,-8.23891,0.7420284
1500081059135,-5.261221,-8.143164,0.9526688
1500081059199,-5.299519,-8.334655,0.78990126
1500081059263,-5.2133484,-8.353804,0.64628285
1500081059327,-5.2516465,-8.152739,1.0292653
1500081059390,-5.2133484,-7.9420977,0.56968635
1500081059454,-5.2516465,-8.363379,0.6845811
1500081059518,-5.2516465,-8.085716,1.3739494
1500081059582,-5.328243,-8.277207,0.70373017
1500081059646,-5.2133484,-8.11444,0.93351966
1500081059709,-5.1846247,-8.248484,0.9430942
1500081059774,-5.2516465,-8.21976,0.8952214
1500081059838,-5.2420716,-8.210186,0.8856468
1500081059901,-5.2420716,-8.191036,0.8281995
1500081059965,-5.222923,-8.229335,0.8856468
1500081060029,-5.2133484,-8.248484,0.8186249
1500081060093,-5.17505,-8.210186,0.8760723
1500081060157,-5.222923,-8.229335,0.83777404
1500081060222,-5.1846247,-8.200611,0.8281995
1500081060285,-5.194199,-8.258059,0.7228793
1500081060348,-5.17505,-8.286782,0.7324539
1500081060412,-5.2133484,-8.258059,0.7324539
1500081060476,-5.194199,-8.191036,0.83777404
1500081060541,-5.2133484,-8.171887,0.76117754
1500081060605,-5.2420716,-8.315506,0.69415563
1500081060669,-5.232497,-8.200611,0.76117754
1500081060732,-5.222923,-8.181462,0.7324539
1500081060796,-5.222923,-8.229335,0.7228793
1500081060859,-5.2420716,-8.248484,0.7324539
1500081060923,-5.261221,-8.229335,0.6845811
1500081060987,-5.2420716,-8.191036,0.71330476
1500081061051,-5.2516465,-8.21976,0.71330476
1500081061115,-5.232497,-8.229335,0.71330476
1500081061179,-5.232497,-8.200611,0.7228793
1500081061243,-5.261221,-8.171887,0.7228793
1500081061307,-5.299519,-8.2676325,0.61755913
1500081061370,-5.261221,-8.229335,0.7324539
1500081061434,-5.2516465,-8.171887,0.7228793
1500081061498,-5.222923,-8.21976,0.7324539
1500081061562,-5.2899446,-8.210186,0.7324539
1500081061626,-5.2899446,-8.191036,0.64628285
1500081061690,-5.299519,-8.296356,0.6271337
1500081061754,-5.2516465,-8.171887,0.7420284
1500081061818,-5.2037735,-8.066567,0.85692316
1500081061881,-5.2133484,-8.2676325,0.7420284
1500081061945,-5.347392,-8.32508,0.54096264
1500081062009,-5.366541,-8.076141,0.6750065
1500081062073,-5.2037735,-8.210186,0.7420284
1500081062137,-5.222923,-8.200611,0.78990126
1500081062201,-5.222923,-8.21976,0.76117754
1500081062265,-5.2899446,-8.277207,0.64628285
1500081062328,-5.3569665,-8.181462,0.512239
1500081062392,-5.2037735,-8.277207,0.8186249
1500081062456,-5.232497,-8.143164,1.1824582
1500081062520,-5.0314317,-8.171887,1.0196906
1500081062584,-5.1654754,-8.55487,0.27287498
1500081062648,-5.2037735,-8.047418,1.3356512
1500081062712,-5.146326,-8.21976,0.9718179
1500081062775,-5.1271772,-8.315506,0.9430942
1500081062839,-5.1654754,-8.229335,0.8952214
1500081062903,-5.146326,-8.229335,1.0771381
1500081062967,-5.1846247,-8.23891,0.9526688
1500081063031,-5.2420716,-8.23891,0.8664977
1500081063095,-5.194199,-8.229335,0.93351966
1500081063159,-5.194199,-8.200611,0.9430942
1500081063223,-5.2037735,-8.23891,0.8856468
1500081063286,-5.222923,-8.23891,0.8473486
1500081063350,-5.194199,-8.210186,0.8856468
1500081063414,-5.2037735,-8.23891,0.8760723
1500081063478,-5.2420716,-8.21976,0.8090504
1500081063542,-5.222923,-8.200611,0.83777404
1500081063606,-5.1846247,-8.200611,0.92394507
1500081063670,-5.232497,-8.2676325,0.46436617
1500081063733,-5.222923,-8.296356,0.78032666
1500081063797,-5.2133484,-8.191036,0.8664977
1500081063861,-5.222923,-8.248484,0.77075213
1500081063925,-5.232497,-8.21976,0.8090504
1500081063989,-5.2133484,-8.210186,0.83777404
1500081064053,-5.2420716,-8.21976,0.8090504
1500081064117,-5.261221,-8.191036,0.8090504
1500081064180,-5.2133484,-8.23891,0.78990126
1500081064244,-5.222923,-8.248484,0.8281995
1500081064308,-5.2133484,-8.229335,0.78032666
1500081064372,-5.2037735,-8.191036,0.8281995
1500081064436,-5.194199,-8.2676325,0.8090504
1500081064500,-5.194199,-8.258059,0.7994758
1500081064564,-5.17505,-8.248484,0.78990126
1500081064628,-5.232497,-8.21976,0.78990126
1500081064691,-5.1654754,-8.229335,0.8186249
1500081064755,-5.194199,-8.44955,0.93351966
1500081064819,-5.2420716,-7.9803963,0.5888355
1500081064883,-5.1176023,-8.286782,0.6271337
1500081064947,-5.0505805,-8.181462,1.5462915
1500081065011,-5.1271772,-8.2676325,0.85692316
1500081065074,-5.232497,-8.23891,0.83777404
1500081065138,-5.222923,-8.200611,0.8664977
1500081065204,-5.1654754,-8.2676325,0.8664977
1500081065266,-5.194199,-8.2676325,0.8186249
1500081065330,-5.222923,-8.229335,0.8186249
1500081065394,-5.2037735,-8.229335,0.8473486
1500081065458,-5.194199,-8.21976,0.85692316
1500081065521,-5.2707953,-8.315506,0.77075213
1500081065585,-5.2707953,-8.171887,0.8856468
1500081065649,-5.1367517,-8.305931,0.7994758
1500081065715,-5.0984535,-8.248484,0.751603
1500081065777,-5.0984535,-8.229335,0.90479594
1500081065841,-5.261221,-8.258059,0.76117754
1500081065905,-5.146326,-8.171887,0.92394507
1500081065969,-5.1271772,-8.248484,0.78032666
1500081066033,-5.3186684,-8.2676325,0.85692316
1500081066097,-5.232497,-8.32508,0.7420284
1500081066161,-5.1654754,-7.9899707,0.6271337
1500081066224,-5.232497,-8.497422,0.39734426
1500081066288,-5.155901,-8.028269,1.3356512
1500081066352,-5.2133484,-8.382527,0.5888355
1500081066416,-5.2037735,-8.200611,0.70373017
1500081066480,-5.1654754,-8.277207,0.76117754
1500081066544,-5.222923,-8.210186,0.8186249
1500081066608,-5.261221,-8.210186,0.751603
1500081066672,-5.2037735,-8.171887,0.8090504
1500081066735,-5.232497,-8.229335,0.751603
1500081066799,-5.232497,-8.248484,0.751603
1500081066863,-5.2516465,-8.229335,0.7420284
1500081066927,-5.2133484,-8.191036,0.78990126
1500081066991,-5.2420716,-8.23891,0.7228793
1500081067055,-5.232497,-8.248484,0.76117754
1500081067119,-5.2899446,-8.152739,0.751603
1500081067182,-5.194199,-8.23891,0.78990126
1500081067246,-5.2707953,-8.191036,0.76117754
1500081067310,-5.2516465,-8.21976,0.70373017
1500081067374,-5.2516465,-8.248484,0.8281995
1500081067438,-5.2707953,-8.171887,0.8186249
1500081067502,-5.2516465,-8.191036,0.7228793
1500081067566,-5.1846247,-8.23891,0.8186249
1500081067630,-5.2420716,-8.2676325,0.76117754
1500081067693,-5.2420716,-8.210186,0.751603
1500081067757,-5.194199,-8.21976,0.78032666
1500081067821,-5.2037735,-8.258059,0.76117754
1500081067885,-5.194199,-8.21976,0.7994758
1500081067949,-5.2037735,-8.258059,0.7420284
1500081068013,-5.2037735,-8.248484,0.78032666
1500081068076,-5.1846247,-8.286782,0.71330476
1500081068141,-5.17505,-8.210186,0.8952214
1500081068204,-5.1271772,-8.210186,0.8473486
1500081068268,-5.1846247,-8.32508,0.7994758
1500081068332,-5.433563,-8.32508,0.8281995
1500081068396,-5.6154795,-8.392102,1.0771381
1500081068460,-4.5335546,-8.200611,0.7420284
1500081068524,-4.0548263,-8.305931,0.39734426
1500081068588,-4.763344,-8.229335,1.4984187
1500081068651,-5.797396,-8.1623125,1.4984187
1500081068715,-5.873993,-8.363379,0.56011176
1500081068779,-5.088879,-8.133589,0.45479164
1500081068843,-4.6867476,-8.210186,1.1345854
1500081068907,-4.811217,-8.593168,1.7186337
1500081068971,-5.347392,-8.11444,-0.15798025
1500081069035,-5.146326,-8.506997,0.23457673
1500081069099,-5.079304,-8.095291,1.0962871
1500081069162,-5.1654754,-8.382527,0.8090504
1500081069226,-5.1654754,-8.229335,0.77075213
1500081069290,-5.108028,-8.21976,0.7324539
1500081069354,-5.1271772,-8.305931,0.8186249
1500081069418,-5.194199,-8.2676325,0.71330476
1500081069482,-5.1654754,-8.334655,0.61755913
1500081069546,-5.06973,-8.296356,0.70373017
1500081069610,-5.088879,-8.315506,0.76117754
1500081069673,-5.2420716,-8.210186,0.77075213
1500081069737,-5.194199,-8.21976,0.8760723
1500081069801,-5.155901,-8.258059,0.512239
1500081069865,-5.108028,-8.315506,0.45479164
1500081069929,-5.222923,-8.2676325,0.8760723
1500081069994,-5.2037735,-8.23891,0.7420284
1500081070057,-5.17505,-8.200611,0.7420284
1500081070121,-5.194199,-8.277207,0.7324539
1500081070184,-5.194199,-8.277207,0.71330476
1500081070248,-5.194199,-8.248484,0.77075213
1500081070312,-5.2133484,-8.200611,0.7324539
1500081070376,-5.222923,-8.200611,0.78990126
1500081070440,-5.232497,-8.277207,0.78990126
1500081070504,-5.261221,-8.21976,0.7324539
1500081070568,-5.1846247,-8.21976,0.77075213
1500081070631,-5.17505,-8.2676325,0.77075213
1500081070695,-5.2037735,-8.2676325,0.7420284
1500081070760,-5.155901,-8.277207,0.751603
1500081070824,-5.2037735,-8.2676325,0.751603
1500081070887,-5.194199,-8.2676325,0.70373017
1500081070951,-5.1367517,-8.181462,0.8186249
1500081071014,-5.108028,-8.258059,0.93351966
1500081071078,-5.1271772,-8.353804,0.6845811
1500081071142,-5.1367517,-8.21976,0.8186249
1500081071206,-5.155901,-8.286782,0.40691882
1500081071270,-5.1367517,-8.315506,0.665432
1500081071334,-5.155901,-8.2676325,0.92394507
1500081071398,-5.1271772,-8.258059,0.78032666
1500081071462,-5.1654754,-8.277207,0.751603
1500081071526,-5.1654754,-8.258059,0.8952214
1500081071590,-5.108028,-8.229335,0.83777404
1500081071653,-5.17505,-8.248484,0.8760723
1500081071717,-5.1846247,-8.181462,0.98139244
1500081071781,-5.222923,-8.32508,1.2590547
1500081071845,-5.1271772,-8.11444,1.3356512
1500081071909,-5.194199,-8.286782,1.0675635
1500081071973,-5.299519,-8.085716,0.9526688
1500081072036,-5.2516465,-8.124015,1.0771381
1500081072100,-5.2899446,-8.34423,0.6750065
1500081072164,-5.232497,-8.181462,0.512239
1500081072228,-5.2899446,-8.258059,0.4835153
1500081072292,-5.366541,-8.171887,0.59841
1500081072356,-5.2899446,-8.191036,0.665432
1500081072420,-5.2420716,-8.21976,0.665432
1500081072483,-5.155901,-8.248484,0.6750065
1500081072547,-5.108028,-8.23891,0.7324539
1500081072611,-5.222923,-8.23891,0.71330476
1500081072675,-5.2899446,-8.229335,0.6079846
1500081072739,-5.232497,-8.210186,0.5505372
1500081072803,-5.1654754,-8.229335,0.6558574
1500081072866,-5.2037735,-8.286782,0.665432
1500081072930,-5.222923,-8.248484,0.78032666
1500081072994,-5.2037735,-8.21976,0.70373017
1500081073058,-5.2899446,-8.1623125,0.6558574
1500081073122,-5.108028,-8.277207,0.8473486
1500081073186,-5.155901,-8.037844,0.50266445
1500081073250,-5.309094,-8.688913,0.56011176
1500081073314,-5.146326,-7.8655014,1.7569319
1500081073378,-5.194199,-8.248484,0.39734426
1500081073441,-5.366541,-8.076141,0.46436617
1500081073505,-5.222923,-8.420826,0.6271337
1500081073569,-5.1654754,-8.11444,1.1728836
1500081073633,-5.222923,-8.32508,0.49308985
1500081073697,-5.232497,-8.23891,0.85692316
1500081073761,-5.2037735,-8.315506,0.83777404
1500081073825,-5.232497,-8.133589,0.5792609
1500081073888,-5.222923,-8.277207,0.78990126
1500081073952,-5.17505,-8.23891,1.1058618
1500081074016,-5.2707953,-8.104865,0.6271337
1500081074080,-5.232497,-8.363379,0.7228793
1500081074144,-5.194199,-8.191036,0.9430942
1500081074208,-5.2420716,-8.171887,0.9430942
1500081074272,-5.2707953,-8.258059,0.5792609
1500081074336,-5.2516465,-8.171887,0.8952214
1500081074399,-5.2133484,-8.210186,0.8952214
1500081074463,-5.1846247,-8.171887,0.78990126
1500081074527,-5.2899446,-8.459125,0.77075213
1500081074591,-5.4048395,-8.305931,0.61755913
1500081074655,-5.414414,-8.124015,0.56968635
1500081074719,-5.328243,-8.124015,0.70373017
1500081074783,-5.155901,-8.248484,0.8473486
1500081074847,-5.1176023,-8.229335,1.0867126
1500081074910,-5.146326,-8.095291,1.0771381
1500081074974,-5.328243,-8.066567,1.0388398
1500081075038,-5.366541,-8.152739,0.7994758
1500081075102,-5.2037735,-8.152739,1.0005416
1500081075166,-5.194199,-8.11444,1.0484143
1500081075230,-5.2899446,-8.1623125,1.0005416
1500081075294,-5.3952646,-8.171887,0.8473486
1500081075357,-5.5580325,-7.9133744,0.69415563
1500081075421,-5.49101,-8.210186,0.6558574
1500081075485,-5.06973,-8.191036,1.0579889
1500081075549,-5.146326,-8.229335,1.4792696
1500081075613,-5.146326,-8.181462,0.8186249
1500081075676,-4.9452605,-7.664436,1.2877784
1500081075741,-5.1367517,-7.8367777,1.5271424
