1500080248399,-1.4505459,-5.3378177,7.9037995
1500080248463,-1.1824582,-5.8931417,8.229335
1500080248527,-1.1920328,-4.8973875,7.3197513
1500080248591,-1.9005502,-5.0984535,8.104865
1500080248664,-1.3069274,-5.605905,8.277207
1500080248718,-1.1250108,-5.414414,7.875076
1500080248782,-1.4601204,-5.146326,7.875076
1500080248846,-1.3069274,-5.2037735,8.191036
1500080248909,-1.0962871,-5.3952646,7.9803963
1500080248973,-1.4122477,-5.1367517,8.037844
1500080249037,-1.3165021,-5.088879,8.028269
1500080249101,-1.2303311,-5.366541,8.037844
1500080249164,-1.4313968,-5.108028,8.037844
1500080249228,-1.3643749,-5.2037735,8.066567
1500080249292,-1.2973529,-5.1271772,8.104865
1500080249355,-1.4122477,-5.079304,8.334655
1500080249419,-1.3548003,-4.916537,7.9037995
1500080249483,-1.2399056,-5.146326,8.4686985
1500080249547,-1.4026731,-4.8782387,8.305931
1500080249610,-1.4505459,-5.146326,8.9761505
1500080249674,-1.4792696,-4.1792955,7.7601814
1500080249738,-1.4218222,-4.8303657,8.315506
1500080249801,-0.99096704,-4.8303657,8.00912
1500080249865,-2.149489,-4.5239797,7.9708214
1500080249929,-1.9675722,-5.079304,7.35805
1500080249993,-1.3165021,-5.194199,8.047418
1500080250056,-0.6845811,-5.682502,8.315506
1500080250120,-1.1345854,-5.634629,8.095291
1500080250184,-1.2686293,-5.414414,8.095291
1500080250247,-1.2877784,-5.567607,7.7314577
1500080250311,-1.7856555,-5.347392,7.7793303
1500080250375,-2.0920415,-5.155901,7.999545
1500080250439,-2.1973617,-5.194199,7.7984796
1500080250502,-2.5899186,-4.9452605,7.6261373
1500080250566,-3.6143966,-4.5718527,8.439975
1500080250630,-3.4803526,-4.5144053,8.085716
1500080250693,-2.7431116,-5.82612,5.873993
1500080250757,-2.752686,-5.787822,6.7931504
1500080250821,-3.0494976,-5.155901,8.277207
1500080250885,-2.7048132,-5.4239883,8.018694
1500080250948,-2.666515,-5.222923,7.3867736
1500080251012,-2.647366,-5.2037735,7.5974135
1500080251076,-2.6856642,-5.2707953,7.8272033
1500080251139,-2.2452345,-5.5771813,6.9080453
1500080251203,-2.1207652,-5.538883,7.721883
1500080251267,-1.948423,-5.7686725,8.076141
1500080251330,-1.9101248,-5.845269,7.6740103
1500080251394,-2.867581,-4.7250457,7.482519
1500080251458,-2.4175766,-5.414414,7.310177
1500080251521,-1.7186337,-5.5484576,7.4154973
1500080251586,-0.6558574,-5.787822,7.875076
1500080251650,-1.0101161,-4.9739842,8.621892
1500080251713,-1.3356512,-4.8590894,8.545295
1500080251777,-1.14416,-5.0601554,8.32508
1500080251841,-1.2111819,-5.222923,7.8655014
1500080251905,-0.8664977,-5.222923,7.9325233
1500080251968,-0.665432,-5.0505805,8.334655
1500080252031,-0.76117754,-5.1271772,8.315506
1500080252095,-1.0771381,-4.935686,8.229335
1500080252160,-1.0196906,-4.9835587,8.085716
1500080252223,-1.0292653,-4.83994,8.34423
1500080252286,-1.0484143,-4.9835587,8.363379
1500080252351,-1.1824582,-4.73462,8.44955
1500080252414,-0.85692316,-5.998462,7.329326
1500080252477,-1.1250108,-5.6633525,7.7984796
1500080252541,-1.1824582,-5.5580325,7.855927
1500080252605,-1.3165021,-5.5580325,7.846352
1500080252669,-1.3739494,-5.634629,7.5974135
1500080252732,-1.3165021,-5.6154795,7.6452866
1500080252796,-1.2590547,-5.672927,7.8655014
1500080252860,-1.2399056,-5.586756,8.1623125
1500080252923,-1.5845897,-4.696322,8.133589
1500080252987,-1.5941644,-4.935686,8.047418
1500080253051,-1.622888,-4.782493,8.152739
1500080253115,-1.3739494,-4.9739842,8.191036
1500080253178,-1.4792696,-4.9069624,8.401677
1500080253242,-1.5558661,-4.6771727,8.191036
1500080253306,-1.5845897,-4.8303657,7.961247
1500080253369,-1.6037389,-4.782493,8.143164
1500080253433,-1.5558661,-4.7250457,8.382527
1500080253497,-1.4601204,-4.7058964,8.5740185
1500080253561,-1.7186337,-4.5718527,8.11444
1500080253625,-1.5845897,-4.658024,8.171887
1500080253689,-1.4888442,-4.610151,8.296356
1500080253760,-1.3165021,-4.9069624,8.143164
1500080253824,-1.3739494,-4.648449,8.334655
1500080253879,-1.3548003,-4.772918,8.487848
1500080253943,-1.3930986,-4.6293,8.334655
1500080254007,-1.2111819,-4.8303657,8.411251
1500080254070,-1.2686293,-4.801642,8.2676325
1500080254134,-1.2877784,-4.782493,8.334655
1500080254198,-1.469695,-4.763344,8.200611
1500080254261,-1.4409714,-4.8303657,8.152739
1500080254325,-1.4218222,-4.7920675,8.085716
1500080254389,-1.3260766,-4.849515,8.248484
1500080254453,-1.2207564,-4.8973875,8.363379
1500080254516,-1.2016073,-4.935686,8.401677
1500080254580,-1.5750152,-4.581427,8.21976
1500080254644,-1.3643749,-4.801642,8.181462
1500080254707,-1.3260766,-4.8782387,8.229335
1500080254772,-1.383524,-4.7920675,8.210186
1500080254836,-1.3165021,-4.8207912,8.2676325
1500080254899,-1.2590547,-4.811217,8.32508
1500080254962,-1.3260766,-4.7920675,8.181462
1500080255026,-1.2303311,-4.83994,8.392102
1500080255090,-1.4409714,-4.715471,8.44955
1500080255154,-1.3739494,-4.658024,8.34423
1500080255217,-1.5079932,-4.9739842,7.808054
1500080255281,-1.3548003,-4.8207912,8.23891
1500080255345,-1.3356512,-4.916537,8.1623125
1500080255409,-1.2111819,-4.9835587,8.372953
1500080255472,-1.3930986,-4.83994,8.32508
1500080255536,-1.5462915,-5.0984535,7.875076
1500080255600,-1.2399056,-5.002708,8.047418
1500080255663,-1.2686293,-4.9835587,8.248484
1500080255727,-1.2782038,-4.83994,8.315506
1500080255791,-1.2782038,-4.887813,8.296356
1500080255854,-1.4122477,-4.916537,8.028269
1500080255918,-1.4313968,-4.8782387,8.104865
1500080255982,-1.3260766,-4.9739842,7.999545
1500080256046,-1.2494801,-4.935686,8.2676325
1500080256109,-1.2303311,-5.021857,8.1623125
1500080256173,-1.3165021,-5.0122824,8.152739
1500080256237,-1.0675635,-5.146326,8.305931
1500080256301,-0.8664977,-5.155901,8.34423
1500080256364,-1.2111819,-5.002708,8.200611
1500080256428,-1.2016073,-5.088879,8.143164
1500080256492,-1.14416,-5.0505805,7.9899707
1500080256555,-1.3548003,-4.8973875,8.076141
1500080256619,-1.2399056,-4.926111,8.191036
1500080256683,-1.2207564,-4.9739842,8.181462
1500080256747,-1.1633091,-4.811217,8.171887
1500080256810,-1.0579889,-4.8590894,8.439975
1500080256874,-1.0675635,-5.002708,8.305931
1500080256938,-1.0484143,-5.06973,8.181462
1500080257001,-1.2207564,-5.0601554,8.545295
1500080257065,-0.9526688,-4.801642,8.124015
1500080257129,-0.7324539,-5.2133484,8.286782
1500080257193,-1.1537346,-4.954835,8.171887
1500080257256,-1.2303311,-4.954835,8.133589
1500080257320,-0.92394507,-5.0314317,7.788905
1500080257384,-1.0292653,-5.0505805,8.143164
1500080257447,-1.0484143,-5.079304,8.104865
1500080257511,-1.1154363,-5.1176023,8.315506
1500080257575,-1.0962871,-5.041006,8.076141
1500080257639,-1.0962871,-5.155901,8.104865
1500080257702,-1.2016073,-5.1367517,8.124015
1500080257766,-1.2399056,-5.146326,8.124015
1500080257830,-1.0292653,-5.261221,7.9899707
1500080257893,-1.0005416,-5.155901,7.9133744
1500080257957,-1.1154363,-5.1846247,8.056993
1500080258021,-1.2111819,-5.4239883,8.018694
1500080258084,-0.85692316,-5.222923,8.545295
1500080258149,-0.92394507,-5.309094,7.8176284
1500080258213,-1.0196906,-5.2420716,8.066567
1500080258276,-1.0579889,-5.0314317,8.1623125
1500080258339,-1.1633091,-5.17505,7.9516726
1500080258403,-0.77075213,-5.222923,8.143164
1500080258467,-0.93351966,-5.1846247,8.095291
1500080258530,-1.1920328,-4.935686,8.545295
1500080258594,-1.4601204,-5.0505805,7.961247
1500080258659,-1.2111819,-5.002708,7.8272033
1500080258722,-0.70373017,-5.433563,8.210186
1500080258786,-0.99096704,-5.376116,8.00912
1500080258849,-1.2016073,-5.38569,8.018694
1500080258913,-0.9526688,-5.3186684,8.028269
1500080258976,-1.1633091,-5.222923,7.999545
1500080259040,-1.3739494,-4.993133,7.9708214
1500080259104,-1.3165021,-5.155901,7.9516726
1500080259168,-1.3643749,-5.041006,7.5399666
1500080259231,-0.85692316,-5.7112255,7.961247
1500080259295,-0.665432,-5.538883,8.736787
1500080259359,-0.85692316,-5.299519,7.922949
1500080259422,-0.85692316,-5.3378177,7.8655014
1500080259486,-0.6079846,-5.644203,7.961247
1500080259550,-1.0962871,-5.49101,8.918703
1500080259614,-1.4122477,-4.437809,8.047418
1500080259677,-1.4792696,-5.0984535,7.2527294
1500080259741,-0.61755913,-5.672927,8.315506
1500080259805,-1.5271424,-4.954835,8.34423
1500080259868,-1.3548003,-5.194199,7.8272033
1500080259932,-1.2303311,-5.155901,8.305931
1500080259996,-1.6420372,-4.73462,7.846352
1500080260060,-1.5558661,-5.376116,7.9325233
1500080260123,-1.2686293,-5.2133484,8.047418
1500080260187,-1.0579889,-5.5484576,8.028269
1500080260251,-1.3452257,-5.2516465,7.855927
1500080260315,-1.5941644,-5.1367517,7.855927
1500080260378,-1.5367169,-4.5144053,7.808054
1500080260442,-1.2111819,-6.0750585,7.769756
1500080260506,-0.6558574,-6.515488,7.5303917
1500080260569,-1.2973529,-6.0463347,7.7793303
1500080260633,-1.2399056,-5.529309,7.4442205
1500080260697,-1.3452257,-5.567607,7.6261373
1500080260761,-0.5888355,-6.3144226,7.635712
1500080260824,-0.99096704,-5.9027166,8.104865
1500080260888,-0.9526688,-5.7112255,7.5399666
1500080260952,-1.1345854,-5.4718614,7.654861
1500080261015,-0.78032666,-5.873993,7.7601814
1500080261079,-0.99096704,-5.6633525,7.999545
1500080261143,-0.92394507,-5.692076,7.875076
1500080261207,-0.90479594,-5.739949,7.788905
1500080261270,-0.91437054,-5.672927,7.875076
1500080261334,-1.0101161,-5.5101595,7.808054
1500080261398,-0.9526688,-5.605905,7.9037995
1500080261462,-0.83777404,-5.7016506,7.9037995
1500080261525,-0.9718179,-5.567607,7.8367777
1500080261589,-0.93351966,-5.797396,7.7793303
1500080261653,-1.0579889,-5.7016506,7.664436
1500080261716,-1.2111819,-5.6250544,7.721883
1500080261781,-0.9526688,-5.941015,7.5974135
1500080261844,-1.3260766,-5.6154795,7.5208173
1500080261908,-1.5558661,-5.366541,7.5208173
1500080261971,-1.1537346,-5.5484576,7.7984796
1500080262035,-1.1824582,-5.3186684,8.152739
1500080262098,-1.1728836,-5.2133484,8.545295
1500080262163,-1.0292653,-5.376116,8.056993
1500080262226,-1.3069274,-5.462287,8.152739
1500080262290,-1.2973529,-5.9314404,8.9761505
1500080262353,-0.91437054,-4.7537694,7.6835847
1500080262418,-1.4792696,-5.7495236,7.8846507
1500080262482,-1.6707608,-5.586756,7.7984796
1500080262545,-0.9622433,-3.911208,7.56869
1500080262608,-1.5941644,-4.5622783,6.8027253
1500080262672,-2.254809,-5.452712,7.6740103
1500080262736,-2.0441687,-6.0846334,8.784659
1500080262800,-1.7282082,-5.366541,7.5591154
1500080262863,-2.3122563,-5.7686725,7.961247
1500080262927,-2.3888528,-5.682502,9.426155
1500080262991,-1.6516117,-4.6771727,8.420826
1500080263055,-1.4409714,-5.462287,6.3814445
1500080263118,-1.3643749,-5.4431376,7.4920936
1500080263182,-2.5420458,-4.275041,7.482519
1500080263246,-1.4218222,-5.0505805,8.526146
1500080263309,-1.4409714,-5.194199,8.037844
1500080263373,-2.149489,-4.7441945,7.511243
1500080263437,-2.2069361,-5.4048395,6.2952733
1500080263501,-2.2835326,-4.4473834,5.8931417
1500080263564,-2.2069361,-6.0463347,10.125097
1500080263628,-4.801642,-7.3771987,6.0559096
1500080263692,-3.8633351,-3.3558834,3.518651
1500080263756,-2.733537,-3.6335456,5.7303743
1500080263820,-3.4612036,-0.12925656,7.3006024
1500080263883,-5.567607,-1.9101248,6.1899533
1500080263947,-8.755936,-3.825037,3.7388659
1500080264010,-11.915541,-4.9835587,2.3792782
1500080264074,-12.930444,-3.9207826,-0.5888355
1500080264138,-10.230418,-0.8760723,-0.54096264
1500080264202,-8.439975,1.2686293,0.91437054
1500080264265,-10.038927,0.98139244,0.6845811
1500080264329,-12.786825,1.0962871,0.49308985
1500080264393,-9.952756,-1.0005416,1.1345854
1500080264456,-10.776168,2.1303396,0.61755913
1500080264520,-12.011286,2.752686,2.972901
1500080264584,-8.200611,-3.4803526,-0.8664977
1500080264647,-9.41658,8.937852,1.8048047
1500080264711,-9.818711,6.515488,2.2260852
1500080264775,-9.330409,-6.180379,-4.5622783
1500080264838,-8.133589,5.8644185,1.9101248
1500080264902,-7.195282,5.0122824,-0.014361841
1500080264966,-10.038927,3.384607,0.7420284
1500080265030,-9.569773,1.5845897,1.0388398
1500080265093,-9.8953085,4.4186597,2.101616
1500080265157,-8.957002,2.7239625,2.1111906
1500080265221,-8.937852,1.9867213,2.3984275
1500080265285,-8.612317,1.6420372,2.2069361
1500080265348,-8.612317,2.8963046,1.0484143
1500080265412,-8.411251,5.414414,1.9196993
1500080265476,-8.822957,4.8207912,1.6133134
1500080265540,-8.688913,4.495256,0.70373017
1500080265603,-8.277207,5.5484576,0.9430942
1500080265667,-7.6835847,5.347392,-0.42606795
1500080265731,-7.4059224,4.887813,-0.40691882
1500080265794,-7.482519,5.4431376,0.33032233
1500080265858,-7.4537954,5.28037,0.8856468
1500080265922,-7.6069884,4.9452605,1.4409714
1500080265985,-7.635712,5.0314317,1.4888442
1500080266049,-8.028269,4.926111,0.98139244
1500080266113,-8.181462,5.155901,1.5654407
1500080266177,-8.229335,5.644203,1.4409714
1500080266240,-8.210186,6.3622956,0.2920241
1500080266304,-7.9037995,5.739949,-0.39734426
1500080266368,-7.961247,5.672927,-0.16755481
1500080266431,-8.21976,5.433563,0.4164934
1500080266495,-8.00912,5.021857,1.2016073
1500080266559,-8.181462,5.1654754,1.0388398
1500080266623,-8.200611,5.1176023,0.5313881
1500080266686,-7.808054,5.2037735,0.5888355
1500080266750,-7.961247,4.801642,0.93351966
1500080266814,-8.11444,5.2516465,0.16755481
1500080266877,-7.894225,5.941015,0.014361841
1500080266941,-7.7506065,5.462287,0.20585304
1500080267005,-8.095291,5.366541,0.6079846
1500080267069,-8.229335,5.605905,0.4164934
1500080267132,-8.104865,5.309094,0.03351096
1500080267196,-8.056993,4.8973875,0.23457673
1500080267260,-8.353804,4.7250457,0.512239
1500080267324,-8.688913,4.8782387,0.7228793
1500080267388,-8.305931,5.376116,0.85692316
1500080267452,-8.085716,5.414414,0.70373017
1500080267515,-7.8367777,4.9739842,0.39734426
1500080267578,-7.8176284,5.3378177,0.10053288
1500080267642,-8.23891,5.2420716,0.014361841
1500080267706,-8.248484,4.5335546,1.2399056
1500080267769,-8.286782,3.4133308,2.3505547
1500080267833,-8.593168,4.456958,2.4845984
1500080267897,-8.727212,5.06973,1.6133134
1500080267960,-8.612317,5.979313,0.18670394
1500080268024,-7.875076,6.256975,-0.22500217
1500080268088,-6.9654927,5.2899446,0.40691882
1500080268151,-6.544212,4.926111,1.14416
1500080268215,-7.511243,4.935686,1.0388398
1500080268279,-8.727212,5.692076,0.34947145
1500080268343,-8.44955,5.9027166,0.665432
1500080268406,-8.085716,4.7537694,0.70373017
1500080268470,-8.506997,5.682502,-0.00478728
1500080268534,-7.6835847,5.8644185,-0.46436617
1500080268598,-7.9708214,5.1176023,-0.6079846
1500080268661,-8.11444,5.366541,-0.4164934
1500080268725,-7.922949,5.950589,0.03351096
1500080268789,-7.9133744,5.462287,0.4164934
1500080268853,-7.846352,5.3952646,0.05266008
1500080268916,-7.7601814,5.7686725,-0.23457673
1500080268980,-7.6740103,5.6154795,-0.37819514
1500080269044,-8.1623125,5.481436,-0.014361841
1500080269107,-8.296356,5.261221,0.062234644
1500080269171,-8.152739,5.155901,0.63670826
1500080269235,-8.372953,5.2133484,0.98139244
1500080269298,-8.439975,5.261221,0.6845811
1500080269362,-8.401677,5.4239883,0.0718092
1500080269426,-8.00912,5.4718614,0.10053288
1500080269490,-7.9420977,5.2516465,0.043085523
1500080269553,-7.7984796,5.299519,0.10053288
1500080269617,-7.5303917,5.82612,0.34947145
1500080269681,-7.7314577,5.2899446,0.19627848
1500080269744,-7.616563,5.28037,0.14840569
1500080269809,-7.8176284,5.347392,0.5218136
1500080269873,-8.248484,5.2133484,0.90479594
1500080269936,-8.229335,5.4718614,0.6079846
1500080270000,-8.037844,5.692076,0.09095833
1500080270063,-8.037844,5.519734,0.09095833
1500080270127,-7.7506065,5.414414,0.39734426
1500080270190,-8.210186,5.567607,0.37819514
1500080270254,-8.047418,5.38569,0.2154276
1500080270318,-7.855927,5.28037,0.19627848
1500080270381,-8.1623125,5.088879,0.44521707
1500080270445,-7.9803963,5.682502,0.40691882
1500080270509,-8.018694,5.414414,0.46436617
1500080270572,-7.808054,5.28037,0.3111732
1500080270636,-7.894225,5.17505,0.043085523
1500080270700,-7.855927,5.28037,-0.00478728
1500080270764,-8.037844,5.376116,0.05266008
1500080270827,-8.133589,5.5580325,0.11968201
1500080270891,-8.076141,5.414414,0.17712937
1500080270955,-8.181462,5.309094,0.15798025
1500080271018,-8.296356,5.4048395,0.081383765
1500080271082,-8.411251,5.28037,-0.023936402
1500080271146,-8.736787,4.916537,0.27287498
1500080271210,-8.736787,5.806971,-0.00478728
1500080271273,-9.062322,3.7963133,-0.6750065
1500080271337,-8.095291,3.4707782,-1.4218222
1500080271401,-9.502751,5.108028,-1.9579976
1500080271465,-8.066567,3.5952475,-1.8431029
1500080271528,-8.439975,3.8729098,0.28244954
1500080271592,-8.688913,3.6239712,-0.6271337
1500080271656,-8.688913,3.7675896,-1.8431029
1500080271720,-8.171887,4.351638,-3.0686467
1500080271784,-8.028269,4.581427,-2.015445
1500080271847,-9.253813,3.825037,-1.0867126
1500080271911,-9.2825365,3.5090764,-0.99096704
1500080271975,-8.880404,3.5282254,-1.5367169
1500080272038,-8.631466,3.2505634,-1.862252
1500080272102,-8.918703,3.6335456,-1.1920328
1500080272165,-9.138918,3.5473747,-1.0771381
1500080272229,-8.851681,4.1888704,-1.3930986
1500080272294,-8.842107,4.2654667,-2.4654493
1500080272357,-8.286782,4.4090853,-1.8814012
1500080272421,-8.679339,4.275041,-0.77075213
1500080272484,-9.138918,3.8824842,-0.8090504
1500080272548,-8.899554,3.5952475,-1.3165021
1500080272611,-8.497422,3.5090764,-1.5558661
1500080272675,-8.487848,3.8633351,-1.383524
1500080272739,-8.957002,4.5335546,-1.14416
1500080272802,-9.004874,4.389936,-1.14416
1500080272866,-8.497422,3.8633351,-1.0771381
1500080272930,-8.746361,3.9207826,-1.3548003
1500080272994,-8.889979,4.169721,-1.3548003
1500080273057,-8.717637,3.9878044,-1.1154363
1500080273121,-8.650616,3.7388659,-1.0484143
1500080273185,-8.889979,3.825037,-1.1154363
1500080273248,-8.966576,3.7963133,-1.0388398
1500080273312,-8.985725,4.0069537,-1.2207564
1500080273376,-8.832532,4.1601467,-1.3165021
1500080273440,-8.727212,4.284616,-1.2207564
1500080273503,-8.813383,4.045252,-1.3548003
1500080273567,-8.784659,4.4473834,-1.5367169
1500080273631,-8.497422,4.4473834,-1.3548003
1500080273695,-8.506997,4.2941904,-1.2494801
1500080273758,-8.650616,4.275041,-1.3643749
1500080273822,-8.334655,4.236743,-1.0771381
1500080273886,-8.4686985,3.9399316,-0.8186249
1500080273950,-8.55487,3.604822,-0.6558574
1500080274014,-8.420826,3.7388659,-0.47394073
1500080274078,-8.11444,3.8729098,-0.63670826
1500080274142,-8.641041,5.452712,-0.70373017
1500080274204,-9.64637,4.1792955,-0.20585304
1500080274268,-9.071896,4.3707867,-0.20585304
1500080274332,-7.9420977,3.604822,-0.63670826
1500080274395,-9.96233,-3.1165195,-2.8388572
1500080274459,-10.986808,2.6856642,1.6803354
1500080274523,-11.867668,2.4463003,2.8580062
1500080274586,-14.854931,-3.5473747,-2.5707695
1500080274650,-15.209189,-1.3165021,-2.5707695
1500080274714,-12.69108,-2.0633178,-1.3548003
1500080274778,-7.6452866,-2.7239625,0.7994758
1500080274841,-3.2697124,-4.131423,4.3707867
1500080274905,-2.2739582,-5.0505805,6.639958
1500080274969,-1.5750152,-5.433563,6.8122997
1500080275032,-0.85692316,-5.462287,6.563361
1500080275096,-1.5271424,-5.960164,6.563361
1500080275160,-1.948423,-5.414414,7.693159
1500080275224,-2.2356598,-5.2899446,6.668681
1500080275287,-2.5899186,-3.777164,7.1091113
1500080275351,-3.5282254,-2.647366,7.2910275
1500080275415,-3.518651,-2.6282167,12.231501
1500080275479,-1.0292653,-3.9782298,6.37187
1500080275542,-1.6899099,-4.045252,7.3006024
1500080275606,-1.1154363,-4.8303657,9.359133
1500080275670,-2.6377914,-5.4239883,9.8953085
1500080275733,-1.9101248,-4.284616,7.9803963
1500080275797,-1.4792696,-4.7058964,7.8846507
1500080275860,-1.8526775,-4.7441945,8.047418
1500080275924,-1.8335283,-4.763344,8.152739
1500080275988,-1.8143792,-4.5718527,7.9516726
1500080276052,-1.8909757,-4.811217,8.248484
1500080276115,-2.4463003,-5.155901,9.215514
1500080276179,-2.9633265,-5.4431376,9.809137
1500080276243,-4.0548263,-5.5771813,9.7899885
1500080276306,-2.5994933,-8.880404,1.5845897
1500080276370,4.0069537,-11.82937,-5.6633525
1500080276434,5.2133484,-8.34423,-3.3750327
1500080276498,5.529309,-5.0314317,-0.4356425
1500080276561,5.2899446,-5.672927,-0.98139244
1500080276625,5.5101595,-6.8027253,-1.8335283
1500080276689,5.7112255,-5.7112255,-2.5420458
1500080276752,6.1995277,-6.323997,-3.7963133
1500080276816,6.8027253,-6.9271946,-5.1271772
1500080276880,6.132506,-5.4718614,-5.17505
1500080276944,5.7208,-7.5782647,-5.194199
1500080277007,6.180379,-7.501668,-5.49101
1500080277071,6.716554,-8.679339,-4.121848
1500080277135,7.0803876,-7.769756,-4.619725
1500080277198,6.6016593,-6.678256,-2.7431116
1500080277263,6.391019,-6.391019,-1.8143792
1500080277326,7.4154973,-6.3431463,-1.5750152
1500080277391,8.1623125,-4.8973875,-1.7569319
1500080277453,7.9325233,-4.83994,-1.3165021
1500080277517,5.950589,-5.222923,0.25372586
1500080277581,6.9176197,-4.342063,-1.0867126
1500080277644,6.8410234,-6.304848,0.7420284
1500080277708,7.176133,-8.822957,0.14840569
1500080277772,7.7314577,-7.7506065,1.1728836
1500080277835,6.630383,-6.2952733,-0.93351966
1500080277899,5.06973,-7.4729443,-1.929274
1500080277963,4.2463174,-8.966576,-3.6814184
1500080278027,3.3558834,-9.761265,-2.7718353
1500080278090,3.5569491,-10.058076,-1.9388485
1500080278154,3.212265,-8.104865,0.014361841
1500080278218,2.1782124,-9.29211,0.47394073
1500080278281,1.8526775,-10.441058,-0.5505372
1500080278345,0.7420284,-10.374036,-0.9718179
1500080278409,0.9622433,-9.761265,-0.77075213
1500080278473,0.7228793,-10.488931,-0.91437054
1500080278536,0.33032233,-10.058076,-0.4835153
1500080278600,0.7420284,-9.378282,0.26330042
1500080278664,0.8856468,-9.579348,0.5313881
1500080278727,0.8281995,-10.469782,0.665432
1500080278791,0.45479164,-10.881488,0.92394507
1500080278855,0.37819514,-9.6942425,1.9101248
1500080278919,0.46436617,-8.822957,2.733537
1500080278982,0.46436617,-9.407005,2.6186423
1500080279046,0.23457673,-9.636795,2.561195
1500080279111,-0.16755481,-9.014449,2.475024
1500080279174,-0.54096264,-8.957002,1.6994845
1500080279237,-0.37819514,-9.0814705,1.469695
1500080279301,-0.59841,-10.077225,1.709059
1500080279365,-1.1250108,-10.814466,2.0824668
1500080279428,-2.9824755,-11.398514,3.1835413
1500080279492,-4.887813,-8.32508,4.543129
1500080279556,-4.169721,-6.9463434,5.9697385
1500080279619,-2.6186423,-7.003791,3.5856729
1500080279683,-0.78032666,-9.272962,2.6952388
1500080279747,-1.6324625,-8.928278,4.5718527
1500080279811,-3.1835413,-7.2240057,4.8590894
1500080279874,-4.045252,-7.02294,3.193116
1500080279938,-3.173967,-5.4431376,2.714388
1500080280002,-3.690993,-2.9441774,1.1920328
1500080280065,-4.0644007,-6.256975,-0.36862057
1500080280129,-6.9463434,-13.275128,-1.383524
1500080280193,-7.3771987,-9.991054,-0.98139244
1500080280257,-10.220843,-7.8272033,1.1154363
1500080280320,-8.957002,-5.797396,2.0728924
1500080280384,-6.716554,-6.132506,-0.15798025
1500080280448,-6.5537868,-6.410168,-1.5079932
1500080280512,-7.003791,-5.5963306,-1.4026731
1500080280575,-6.2282515,-4.466532,-1.776081
1500080280639,-6.9176197,-3.365458,-2.2931073
1500080280703,-7.5974135,-2.9633265,-2.9633265
1500080280766,-14.969825,-6.668681,-1.8814012
1500080280830,-10.938935,-1.4313968,-2.580344
1500080280894,-10.268716,-0.64628285,-2.666515
1500080280958,-8.124015,-4.849515,-2.427151
1500080281021,-9.024023,-5.433563,-2.7814097
1500080281085,-9.876159,-1.2494801,-1.1058618
1500080281149,-9.3878565,-2.0250196,-1.1824582
1500080281212,-9.0814705,-1.8526775,-1.2399056
1500080281276,-9.809137,-1.5845897,-2.7622607
1500080281340,-9.196365,-1.7282082,-2.4463003
1500080281404,-9.263388,-1.9962958,-2.6952388
1500080281467,-9.071896,-1.9196993,-2.8388572
1500080281531,-9.225089,-1.7186337,-2.321831
1500080281595,-9.119769,-1.3643749,-2.2356598
1500080281658,-9.234664,-2.0920415,-3.1356685
1500080281723,-9.244238,-1.6707608,-2.666515
1500080281786,-9.263388,-1.8814012,-2.6377914
1500080281851,-9.263388,-1.8718265,-2.4654493
1500080281913,-9.014449,-2.0824668,-2.6760898
1500080281977,-9.196365,-1.7473572,-2.5516202
1500080282041,-9.320834,-1.6516117,-2.7048132
1500080282105,-9.253813,-1.9771467,-3.0686467
1500080282168,-9.18679,-1.7473572,-3.1835413
1500080282232,-9.110194,-1.5654407,-2.7431116
1500080282296,-8.985725,-1.79523,-2.2931073
1500080282360,-9.129343,-1.5367169,-2.5324712
1500080282424,-9.31126,-1.79523,-3.5090764
1500080282487,-8.947427,-1.6611862,-3.2505634
1500080282550,-9.014449,-1.9101248,-3.2792869
1500080282614,-9.052747,-1.929274,-2.6856642
1500080282678,-8.880404,-2.2835326,-2.187787
1500080282742,-6.0750585,-2.7814097,0.23457673
1500080282805,-4.916537,-2.2165108,0.0
1500080282869,-5.232497,-4.811217,-0.50266445
1500080282933,-5.6633525,-4.4473834,-0.5313881
1500080282996,-5.28037,-5.8644185,-0.34947145
1500080283060,-7.2240057,-7.042089,0.32074776
1500080283124,-10.374036,-6.4963393,0.6271337
1500080283188,-12.422992,-6.218677,-0.11968201
1500080283251,-12.786825,-4.763344,-2.254809
1500080283315,-12.777251,-2.0537431,-1.7377827
1500080283379,-9.876159,2.5994933,-0.3398969
1500080283442,-10.584677,4.2463174,-2.0058703
1500080283506,-12.298523,-0.8186249,-1.5079932
1500080283570,-12.25065,-1.1537346,5.088879
1500080283634,-9.780414,-3.4899273,0.14840569
1500080283697,-9.62722,-1.469695,-2.015445
1500080283761,-9.780414,-1.4122477,-0.03351096
1500080283825,-9.043172,-2.0537431,-1.1537346
1500080283888,-9.6942425,-1.1250108,-0.8186249
1500080283952,-9.971905,-0.77075213,-0.4164934
1500080284016,-9.684668,-0.63670826,-0.99096704
1500080284079,-9.464453,-1.1920328,-0.19627848
1500080284144,-9.952756,-0.8760723,-0.50266445
1500080284207,-9.5219,-1.5750152,-0.00478728
1500080284271,-9.148493,-0.5505372,0.47394073
1500080284343,-9.617646,0.8664977,0.20585304
1500080284398,-9.598496,0.85692316,0.6079846
1500080284462,-9.550624,1.2782038,0.56968635
1500080284525,-9.5219,1.1250108,0.50266445
1500080284589,-9.655944,0.7324539,0.5888355
1500080284653,-9.550624,1.6803354,0.26330042
1500080284717,-9.579348,0.78032666,0.10053288
1500080284780,-9.655944,0.44521707,0.16755481
1500080284844,-9.952756,0.8090504,-0.3111732
1500080284908,-9.378282,2.4654493,-1.1058618
1500080284971,-9.933606,1.7377827,-0.93351966
1500080285035,-11.101703,0.32074776,-1.4122477
1500080285099,-13.600663,2.4367256,-2.3792782
1500080285163,-11.465536,4.619725,-0.4164934
1500080285227,-10.728295,1.5079932,-1.2494801
1500080285290,-10.40276,0.14840569,-2.1973617
1500080285354,-8.7750845,1.1345854,-1.3643749
1500080285418,-7.769756,-0.3877697,-2.2165108
1500080285481,-7.482519,-2.1973617,-2.8580062
1500080285545,-7.7601814,-2.149489,-2.1973617
1500080285609,-8.44955,-2.101616,-2.2069361
1500080285672,-9.196365,-1.9867213,-2.4367256
1500080285736,-9.809137,-1.5941644,-2.321831
1500080285800,-8.286782,-1.2590547,-1.1345854
1500080285863,-8.411251,-0.7324539,-0.25372586
1500080285927,-9.675094,0.9622433,-0.3398969
1500080285991,-11.092129,1.862252,-0.13883112
1500080286055,-10.555953,2.149489,1.0579889
1500080286118,-9.933606,1.6611862,1.622888
1500080286182,-9.253813,-0.8186249,0.4835153
1500080286246,-8.7750845,-1.7473572,0.20585304
1500080286309,-8.794233,-2.5707695,0.20585304
1500080286373,-9.770839,-1.9005502,0.7228793
1500080286437,-11.867668,-0.44521707,0.36862057
1500080286501,-9.167642,1.5367169,-0.22500217
1500080286564,-9.119769,0.99096704,-1.0196906
1500080286628,-10.230418,-1.6516117,-2.0633178
1500080286692,-8.755936,-2.3984275,-1.3548003
1500080286755,-7.769756,-2.8101335,-0.8664977
1500080286819,-10.029352,-3.7101421,-1.776081
1500080286883,-12.154904,-2.5899186,-2.3697038
1500080286947,-10.153821,-1.6803354,-1.0292653
1500080287010,-9.129343,-2.427151,0.4356425
1500080287074,-9.636795,-3.3941817,-0.2441513
1500080287138,-8.679339,-3.8058877,-0.23457673
1500080287202,-8.143164,-4.198445,0.92394507
1500080287265,-8.918703,-3.8058877,1.3930986
1500080287329,-9.636795,-3.2697124,1.3452257
1500080287393,-10.144247,-3.1356685,1.5941644
1500080287456,-8.7750845,-2.9154537,1.9579976
1500080287520,-7.348475,-3.6622694,1.7856555
1500080287584,-7.693159,-4.5910015,1.6707608
1500080287647,-7.721883,-4.73462,1.5079932
1500080287711,-8.286782,-5.9027166,2.4558747
1500080287775,-7.4920936,-6.8410234,2.2452345
1500080287839,-5.8835673,-7.501668,2.0058703
1500080287902,-6.1229315,-7.0612383,2.101616
1500080287966,-6.6016593,-6.2474008,2.34098
1500080288030,-7.137835,-6.1612296,2.6377914
1500080288093,-7.6740103,-6.4676156,2.3697038
1500080288157,-8.736787,-6.218677,2.254809
1500080288221,-7.9899707,-4.3133397,2.3888528
1500080288285,-6.716554,-4.1601467,2.0441687
1500080288348,-6.2282515,-4.868664,1.8718265
1500080288412,-6.821874,-5.309094,2.5516202
1500080288476,-7.664436,-5.567607,3.0016246
1500080288539,-7.9420977,-4.169721,4.495256
1500080288603,-7.2335806,-6.256975,2.2452345
1500080288667,-7.5974135,-7.396348,1.0388398
1500080288731,-7.616563,-5.739949,2.972901
1500080288794,-7.616563,-5.2899446,2.6856642
1500080288858,-7.5591154,-6.0367603,2.494173
1500080288922,-7.5303917,-5.835695,2.8101335
1500080288985,-7.12826,-5.9697385,2.7431116
1500080289049,-7.195282,-5.759098,2.427151
1500080289113,-7.281453,-5.2516465,2.3888528
1500080289176,-7.195282,-5.088879,2.2452345
1500080289241,-7.35805,-5.4431376,2.101616
1500080289304,-7.7123084,-5.644203,2.1590633
1500080289369,-8.095291,-5.5101595,2.6569405
1500080289440,-8.353804,-5.4239883,2.7622607
1500080289495,-8.056993,-4.887813,2.7909844
1500080289559,-7.9516726,-4.801642,2.8580062
1500080289622,-7.922949,-4.6388745,2.7239625
1500080289686,-7.6452866,-5.041006,2.580344
1500080289750,-8.248484,-5.5484576,2.666515
1500080289814,-8.822957,-5.2420716,2.7909844
1500080289877,-7.808054,-4.131423,2.5420458
1500080289941,-7.3676243,-4.2175937,1.9005502
1500080290005,-8.353804,-4.303765,0.8090504
1500080290068,-9.18679,-4.284616,-0.18670394
1500080290132,-9.598496,-5.347392,-0.19627848
1500080290196,-9.971905,-6.9176197,-0.110107444
1500080290260,-8.755936,-7.2910275,2.0441687
1500080290323,-8.200611,-6.9463434,3.9782298
1500080290387,-7.6261373,-6.745278,4.581427
1500080290451,-6.6591067,-6.1420803,3.997379
1500080290515,-5.6154795,-6.6878304,3.3367343
1500080290578,-3.4612036,-5.1176023,3.6431203
1500080290642,-1.7186337,-4.4856815,3.2409887
1500080290706,-3.5090764,-6.4293175,2.1303396
1500080290769,-6.5729356,-5.586756,3.4324799
1500080290833,-8.688913,-8.487848,2.5516202
1500080290897,-10.843189,-5.0314317,3.4707782
1500080290961,-11.331492,-4.2080193,5.5484576
1500080291024,-8.9761505,-2.1207652,6.5729356
1500080291088,-6.256975,-1.8239537,6.9463434
1500080291152,-5.9314404,-0.99096704,8.124015
1500080291215,-5.8835673,1.1058618,8.880404
1500080291279,-5.8548436,2.6282167,8.937852
1500080291343,-4.715471,2.800559,8.947427
1500080291407,-3.3175852,4.466532,9.770839
1500080291470,-3.7867386,3.0303483,9.742115
1500080291534,-2.6856642,2.3505547,9.253813
1500080291597,-1.2494801,1.4505459,9.071896
1500080291661,-0.32074776,1.7665064,8.889979
1500080291725,0.4356425,1.5558661,8.487848
1500080291789,1.3356512,1.2303311,8.631466
1500080291837,3.0686467,1.9771467,13.926198
1500080291853,2.4175766,1.6133134,9.7899885
1500080291869,1.9771467,1.3165021,9.263388
1500080291885,2.0058703,1.5175679,9.215514
1500080291900,2.3026817,1.469695,9.052747
1500080291916,2.6760898,1.2016073,8.746361
1500080291932,2.9154537,0.9526688,8.392102
1500080291948,3.0303483,0.90479594,7.9899707
1500080291964,3.3367343,0.92394507,8.104865
1500080291980,3.4037561,0.85692316,8.641041
1500080291996,3.4612036,1.0101161,8.411251
1500080292012,3.5090764,0.83777404,8.095291
1500080292028,3.7963133,0.3111732,8.018694
1500080292044,4.2271686,-0.03351096,7.7984796
1500080292059,4.322914,-0.081383765,7.8655014
1500080292076,4.2080193,0.28244954,8.085716
1500080292091,4.4090853,0.8856468,8.23891
1500080292107,4.7920675,0.8090504,8.21976
1500080292123,4.811217,0.61755913,8.124015
1500080292139,4.7250457,1.14416,7.7601814
1500080292155,4.8973875,1.469695,7.721883
1500080292171,5.2899446,1.4313968,7.4250717
1500080292187,5.6154795,1.4313968,6.9942164
1500080292203,5.500585,1.4409714,6.8793216
1500080292219,5.06973,1.6324625,6.7357035
1500080292235,5.0984535,1.5271424,6.563361
1500080292251,5.9027166,1.2494801,6.323997
1500080292267,6.285699,1.2494801,5.8548436
1500080292282,6.094208,1.5941644,5.538883
1500080292298,6.170804,1.4313968,5.529309
1500080292314,6.410168,0.98139244,5.4431376
1500080292330,6.47719,0.8952214,5.1846247
1500080292346,6.7069798,1.0962871,5.146326
1500080292362,6.821874,1.383524,4.9069624
1500080292378,6.975067,1.5079932,4.696322
1500080292394,6.9654927,1.0196906,4.8590894
1500080292410,6.8793216,0.751603,4.6675982
1500080292426,7.243155,1.0675635,4.3612123
1500080292442,7.549541,1.3069274,4.342063
1500080292458,7.6261373,0.99096704,4.4186597
1500080292474,7.741032,0.40691882,4.3324885
1500080292490,7.8272033,0.0718092,4.198445
1500080292506,8.00912,0.17712937,3.9782298
1500080292521,8.047418,0.6271337,3.8058877
1500080292537,7.8272033,0.56968635,3.911208
1500080292553,7.9708214,0.10053288,4.1409974
1500080292569,8.1623125,-0.2920241,4.016528
1500080292585,8.420826,-0.30159867,3.6335456
1500080292601,8.612317,0.081383765,3.2601378
1500080292617,8.641041,0.00478728,3.4037561
1500080292633,8.621892,-0.3398969,3.5952475
1500080292649,8.583593,-0.5313881,3.518651
1500080292665,8.621892,-0.39734426,3.231414
1500080292681,8.937852,-0.20585304,3.1548176
1500080292697,9.18679,-0.27287498,3.2218397
1500080292713,9.052747,-0.44521707,3.1548176
1500080292728,8.870831,-0.6079846,3.0973704
1500080292744,8.9761505,-0.2154276,2.88673
1500080292760,9.234664,0.15798025,2.8484318
1500080292776,9.2825365,0.043085523,3.0016246
1500080292792,9.215514,0.014361841,2.8388572
1500080292861,9.407005,0.3398969,2.580344
1500080292872,12.202777,0.5505372,3.4037561
1500080292936,9.158067,0.3398969,1.929274
1500080292999,9.445304,0.110107444,1.3930986
1500080293063,9.569773,0.0,1.2877784
1500080293127,9.531475,0.0718092,1.5845897
1500080293191,9.770839,0.0718092,1.7377827
1500080293254,9.435729,0.023936402,1.6707608
1500080293318,9.608071,0.30159867,1.1920328
1500080293382,9.943181,-0.023936402,0.5792609
1500080293446,10.019777,0.110107444,0.63670826
1500080293509,9.732541,0.44521707,0.5505372
1500080293573,9.684668,0.3877697,0.3398969
1500080293637,9.943181,0.59841,0.25372586
1500080293700,9.952756,0.2920241,0.32074776
1500080293764,9.770839,-0.03351096,0.512239
1500080293828,10.000628,-0.15798025,0.46436617
1500080293892,9.818711,0.17712937,0.46436617
1500080293955,9.732541,0.49308985,0.5888355
1500080294019,10.058076,0.44521707,0.20585304
1500080294083,9.828286,0.22500217,0.081383765
1500080294147,9.483603,0.45479164,0.18670394
1500080294211,9.799562,0.8952214,0.00478728
1500080294274,10.144247,1.0005416,-0.50266445
1500080294338,9.952756,0.78032666,-1.3930986
1500080294402,10.048501,0.83777404,-2.2356598
1500080294465,9.828286,0.77075213,-2.149489
1500080294529,9.272962,0.8186249,-1.3739494
1500080294592,9.004874,1.1633091,-0.54096264
1500080294656,9.253813,1.6899099,-0.3111732
1500080294720,9.550624,2.6760898,0.5313881
1500080294783,7.003791,4.2271686,0.69415563
1500080294847,4.1122737,4.3324885,0.83777404
1500080294911,2.34098,3.5473747,1.862252
1500080294975,5.021857,1.9867213,2.0537431
1500080295038,6.8793216,3.5090764,2.7718353
1500080295102,7.4059224,1.6899099,3.825037
1500080295166,5.692076,-1.0196906,4.322914
1500080295230,0.9622433,-7.2144313,5.787822
1500080295293,-0.78032666,-10.048501,7.7123084
1500080295357,-4.5335546,-10.584677,8.066567
1500080295421,-7.0325146,-9.474028,8.736787
1500080295485,-9.636795,-5.299519,7.8655014
1500080295548,-10.891063,-3.7197168,6.2282515
1500080295612,-10.058076,-0.8760723,4.8303657
1500080295675,-9.828286,-0.32074776,3.6143966
1500080295739,-10.268716,0.2441513,2.8484318
1500080295803,-9.713391,0.44521707,2.360129
1500080295867,-10.06765,1.0867126,1.6611862
1500080295930,-9.531475,0.5505372,1.5367169
1500080295994,-9.933606,1.0101161,0.9430942
1500080296058,-9.234664,1.5367169,1.1633091
1500080296121,-8.966576,0.33032233,0.043085523
1500080296185,-8.928278,1.0388398,0.19627848
1500080296249,-9.684668,1.2494801,-0.081383765
1500080296313,-10.249567,0.39734426,-1.1537346
1500080296376,-9.407005,1.8431029,-1.4888442
1500080296440,-9.560199,2.0058703,-4.0644007
1500080296505,-12.087883,1.7473572,3.911208
1500080296568,-6.180379,-2.666515,-0.6271337
1500080296632,-10.996383,0.71330476,-0.47394073
1500080296704,-9.41658,0.110107444,0.27287498
1500080296759,-9.5889225,-0.10053288,-0.22500217
1500080296822,-9.6942425,0.2154276,-0.10053288
1500080296886,-9.598496,0.28244954,0.05266008
1500080296950,-9.579348,0.0,-0.15798025
1500080297013,-9.742115,0.32074776,-0.22500217
1500080297077,-9.636795,0.64628285,-0.33032233
1500080297141,-9.924032,0.28244954,-0.2154276
1500080297206,-10.82404,-1.6707608,-0.5505372
1500080297268,-10.029352,2.2643836,0.081383765
1500080297332,-8.55487,-1.0388398,1.8718265
1500080297396,-7.875076,3.4899273,4.504831
1500080297459,-7.6740103,-4.581427,-2.6952388
1500080297523,-14.261308,3.193116,-1.4026731
1500080297587,-7.3676243,-0.0718092,0.023936402
1500080297650,-10.019777,0.91437054,-0.28244954
1500080297714,-9.780414,0.22500217,-0.10053288
1500080297778,-9.7899885,-0.22500217,-0.4164934
1500080297842,-9.62722,0.19627848,-0.2920241
1500080297905,-9.722966,0.023936402,-0.359046
1500080297970,-9.722966,0.10053288,-0.2154276
1500080298033,-9.684668,-0.110107444,-0.3111732
1500080298096,-9.665519,-0.13883112,-0.20585304
1500080298160,-9.655944,0.023936402,-0.25372586
1500080298224,-9.684668,0.023936402,-0.33032233
1500080298288,-9.665519,0.081383765,-0.32074776
1500080298351,-9.6942425,0.10053288,-0.3877697
1500080298415,-9.713391,0.110107444,-0.37819514
1500080298479,-9.713391,-0.014361841,-0.37819514
1500080298543,-9.655944,0.2154276,-0.18670394
1500080298606,-9.636795,0.40691882,-0.25372586
1500080298670,-9.64637,0.4835153,-0.2154276
1500080298734,-9.636795,0.37819514,-0.13883112
1500080298797,-9.7899885,-0.3111732,-0.27287498
1500080298861,-9.560199,0.61755913,-0.081383765
1500080298925,-9.62722,0.40691882,-0.13883112
1500080298988,-9.684668,0.27287498,-0.16755481
1500080299052,-9.6942425,0.47394073,-0.23457673
1500080299116,-9.675094,0.3877697,-0.18670394
1500080299180,-9.617646,0.3398969,-0.10053288
1500080299243,-9.713391,0.15798025,-0.20585304
1500080299307,-9.64637,0.34947145,-0.20585304
1500080299371,-9.675094,0.3111732,-0.11968201
1500080299434,-9.62722,0.30159867,-0.15798025
1500080299498,-9.655944,0.3877697,-0.110107444
1500080299562,-9.684668,0.14840569,-0.16755481
1500080299626,-9.64637,0.36862057,-0.25372586
1500080299689,-9.675094,0.59841,-0.2441513
1500080299753,-9.703817,0.26330042,-0.22500217
1500080299817,-9.636795,0.36862057,-0.17712937
1500080299880,-9.722966,0.3877697,-0.2154276
1500080299944,-9.837861,0.11968201,-0.062234644
1500080300008,-10.134672,2.3026817,-0.26330042
1500080300071,-9.770839,0.9718179,-2.5037475
1500080300135,-5.5580325,-5.28037,-3.4612036
1500080300199,-7.4059224,-1.8431029,5.1654754
1500080300263,-8.392102,-1.6994845,2.9633265
1500080300326,-12.58576,1.5462915,2.149489
1500080300390,-11.15915,0.46436617,3.2505634
1500080300454,-9.158067,-2.101616,0.71330476
1500080300518,-9.407005,-1.5750152,1.7186337
1500080300581,-9.454879,-1.0579889,1.4888442
1500080300645,-9.512326,-1.3260766,1.0867126
1500080300709,-9.493176,-1.0388398,1.3165021
1500080300772,-9.531475,-1.1058618,1.0675635
1500080300836,-9.531475,-1.0579889,1.0484143
1500080300900,-9.531475,-1.0867126,0.99096704
1500080300964,-9.531475,-1.1154363,0.90479594
1500080301027,-9.550624,-1.1058618,0.8473486
1500080301091,-9.531475,-1.1633091,0.8473486
1500080301154,-9.5219,-1.2207564,0.8281995
1500080301218,-9.5219,-1.2877784,0.8186249
1500080301282,-9.531475,-1.2590547,0.78990126
1500080301346,-9.531475,-1.3069274,0.77075213
1500080301409,-9.502751,-1.4313968,0.7994758
1500080301473,-9.5219,-1.3930986,0.76117754
1500080301537,-9.54105,-1.3452257,0.71330476
1500080301601,-9.502751,-1.469695,0.7994758
1500080301665,-9.5219,-1.3643749,0.78990126
1500080301729,-9.502751,-1.3739494,0.8473486
1500080301792,-9.464453,-1.469695,1.0005416
1500080301855,-9.550624,-1.2016073,1.1728836
1500080301919,-9.924032,-1.0388398,1.0292653
1500080301983,-10.594251,-1.2207564,1.4888442
1500080302046,-11.436812,-2.7814097,4.389936
1500080302110,-5.739949,1.9196993,1.0675635
1500080302174,-5.538883,-1.1345854,-0.8473486
1500080302238,-13.792154,-1.6611862,0.85692316
1500080302301,-10.010203,0.56011176,2.7431116
1500080302365,-9.2825365,-1.6803354,0.8281995
1500080302429,-9.3878565,-1.1250108,1.776081
1500080302492,-9.502751,-0.5313881,1.4218222
1500080302556,-9.636795,-0.61755913,0.8186249
1500080302620,-9.474028,-1.1633091,1.1824582
1500080302684,-9.493176,-1.1728836,1.0867126
1500080302747,-9.550624,-1.1345854,0.85692316
1500080302811,-9.512326,-1.2877784,0.90479594
1500080302875,-9.5889225,-1.0962871,0.71330476
1500080302938,-9.54105,-1.4601204,0.6271337
1500080303002,-9.483603,-1.4792696,0.8281995
1500080303066,-9.464453,-1.5654407,0.8186249
1500080303130,-9.5219,-1.4026731,0.77075213
1500080303193,-9.512326,-1.2686293,0.8760723
1500080303257,-9.54105,-1.0867126,0.83777404
1500080303321,-9.560199,-1.0388398,0.8760723
1500080303384,-9.531475,-1.2494801,0.751603
1500080303448,-9.550624,-0.91437054,0.8952214
1500080303512,-9.579348,-0.6845811,0.92394507
1500080303576,-9.531475,-0.8473486,1.0579889
1500080303639,-9.550624,-0.61755913,1.1154363
1500080303703,-9.531475,-0.8473486,1.0867126
1500080303767,-9.531475,-1.0101161,1.0388398
1500080303830,-9.5219,-1.0579889,1.0196906
1500080303894,-9.550624,-0.6558574,1.1537346
1500080303958,-9.531475,-0.8281995,1.1537346
1500080304022,-9.54105,-0.85692316,1.1154363
1500080304085,-9.445304,-1.1537346,1.2590547
1500080304149,-9.474028,-1.0196906,1.2877784
1500080304213,-9.531475,-0.77075213,1.1728836
1500080304276,-9.569773,-0.6845811,1.0867126
1500080304340,-9.502751,-0.92394507,1.1728836
1500080304404,-9.5219,-0.85692316,1.14416
1500080304468,-9.512326,-0.8856468,1.1633091
1500080304531,-9.493176,-0.8856468,1.2399056
1500080304595,-9.54105,-0.70373017,1.1728836
1500080304659,-9.569773,-0.54096264,1.14416
1500080304722,-9.54105,-0.61755913,1.1633091
1500080304786,-9.502751,-0.71330476,1.2494801
1500080304850,-9.579348,-0.46436617,1.0579889
1500080304914,-9.550624,-0.512239,1.14416
1500080304977,-9.483603,-0.8090504,1.2399056
1500080305041,-9.569773,-0.512239,1.14416
1500080305105,-9.560199,-0.36862057,1.1345854
1500080305169,-9.512326,-0.71330476,1.2207564
1500080305232,-9.512326,-0.6079846,1.2016073
1500080305296,-9.569773,-0.36862057,1.1058618
1500080305360,-9.579348,-0.2441513,1.0962871
1500080305423,-9.560199,-0.39734426,1.1345854
1500080305487,-9.550624,-0.40691882,1.14416
1500080305551,-9.569773,-0.3877697,1.0962871
1500080305614,-9.560199,-0.25372586,1.2016073
1500080305678,-9.560199,-0.30159867,1.14416
1500080305742,-9.54105,-0.39734426,1.2016073
1500080305805,-9.531475,-0.2441513,1.2877784
1500080305869,-9.560199,-0.22500217,1.2111819
1500080305933,-9.550624,-0.28244954,1.2399056
1500080305997,-9.531475,-0.3398969,1.2686293
1500080306060,-9.550624,-0.3111732,1.2399056
1500080306124,-9.531475,-0.40691882,1.2494801
1500080306188,-9.550624,-0.359046,1.2111819
1500080306251,-9.54105,-0.39734426,1.1824582
1500080306315,-9.512326,-0.49308985,1.3069274
1500080306379,-9.550624,-0.4356425,1.1920328
1500080306442,-9.54105,-0.4164934,1.1633091
1500080306506,-9.54105,-0.54096264,1.1824582
1500080306570,-9.550624,-0.25372586,1.1920328
1500080306634,-9.560199,-0.40691882,1.1537346
1500080306698,-9.579348,-0.359046,1.1058618
1500080306762,-9.54105,-0.4356425,1.14416
1500080306825,-9.550624,-0.6079846,1.0771381
1500080306897,-9.54105,-0.8090504,1.0867126
1500080306952,-9.560199,-0.70373017,1.1250108
1500080307016,-9.474028,-1.1824582,1.1537346
1500080307080,-9.493176,-1.0867126,1.1728836
1500080307143,-9.550624,-0.8760723,1.0196906
1500080307207,-9.54105,-0.99096704,1.0292653
1500080307271,-9.5219,-1.0196906,0.99096704
1500080307335,-9.560199,-0.99096704,0.92394507
1500080307398,-9.474028,-1.2877784,1.0101161
1500080307462,-9.54105,-0.90479594,1.1154363
1500080307526,-9.569773,-1.0484143,0.90479594
1500080307589,-9.454879,-1.3260766,1.14416
1500080307653,-9.502751,-1.3356512,0.9622433
1500080307717,-9.502751,-1.0771381,1.2303311
1500080307780,-9.5889225,-0.8952214,1.0675635
1500080307844,-9.435729,-1.4505459,1.2399056
1500080307908,-9.330409,-1.8335283,1.3260766
1500080307972,-9.397431,-1.4218222,1.4218222
1500080308035,-9.512326,-0.91437054,1.3643749
1500080308099,-9.493176,-1.2111819,1.1633091
1500080308163,-9.464453,-1.2303311,1.3260766
1500080308226,-9.435729,-1.2016073,1.4026731
1500080308290,-9.512326,-1.0005416,1.2686293
1500080308354,-9.493176,-1.2016073,1.2016073
1500080308418,-9.435729,-1.3260766,1.3260766
1500080308481,-9.464453,-1.1728836,1.2782038
1500080308545,-9.531475,-1.1345854,1.1345854
1500080308609,-9.445304,-1.2686293,1.3643749
1500080308672,-9.426155,-1.2111819,1.4505459
1500080308736,-9.493176,-1.0196906,1.3548003
1500080308800,-9.483603,-0.8090504,1.4888442
1500080308864,-9.454879,-0.751603,1.6037389
1500080308927,-9.426155,-1.0867126,1.5558661
1500080308991,-9.474028,-0.7994758,1.5941644
1500080309055,-9.464453,-0.8473486,1.6133134
1500080309118,-9.426155,-0.8856468,1.6899099
1500080309182,-9.435729,-0.64628285,1.7377827
1500080309246,-9.41658,-0.92394507,1.6420372
1500080309310,-9.426155,-1.0867126,1.5079932
1500080309373,-9.483603,-0.99096704,1.383524
1500080309437,-9.550624,-0.8281995,1.2207564
1500080309501,-9.483603,-1.0484143,1.2973529
1500080309564,-9.474028,-1.1154363,1.3165021
1500080309628,-9.493176,-1.1154363,1.2686293
1500080309692,-9.464453,-1.0388398,1.4313968
1500080309755,-9.407005,-1.3356512,1.4313968
1500080309819,-9.435729,-1.1250108,1.4313968
1500080309883,-9.474028,-1.1250108,1.2494801
1500080309947,-9.550624,-0.91437054,1.14416
1500080310010,-9.569773,-0.8760723,1.0962871
1500080310074,-9.445304,-1.0675635,1.4218222
1500080310138,-9.435729,-1.4888442,1.2303311
1500080310201,-9.5219,-0.98139244,1.2303311
1500080310265,-9.474028,-1.0675635,1.3548003
1500080310329,-9.5219,-0.8473486,1.2494801
1500080310392,-9.445304,-1.1250108,1.4122477
1500080310456,-9.454879,-1.1728836,1.3356512
1500080310520,-9.493176,-1.0292653,1.2494801
1500080310584,-9.5219,-1.0005416,1.1728836
1500080310647,-9.531475,-0.8090504,1.2207564
1500080310711,-9.474028,-1.0484143,1.2686293
1500080310775,-9.493176,-0.8760723,1.2782038
1500080310838,-9.531475,-0.83777404,1.1920328
1500080310902,-9.493176,-0.9430942,1.2303311
1500080310966,-9.5219,-0.8664977,1.2111819
1500080311030,-9.5219,-0.85692316,1.2207564
1500080311093,-9.483603,-1.0292653,1.3165021
1500080311157,-9.474028,-1.0388398,1.3643749
1500080311221,-9.474028,-1.14416,1.3452257
1500080311284,-9.464453,-1.0867126,1.383524
1500080311348,-9.474028,-1.0962871,1.3356512
1500080311412,-9.445304,-1.2111819,1.3548003
1500080311476,-9.493176,-1.2111819,1.2494801
1500080311539,-9.464453,-1.2399056,1.2590547
1500080311603,-9.464453,-1.3739494,1.2303311
1500080311667,-9.454879,-1.4122477,1.2111819
