1500078497668,-6.821874,-6.1229315,-1.7665064
1500078497732,-7.0133657,-5.9218655,-1.1824582
1500078497796,-6.936769,-6.017611,-1.0388398
1500078497861,-6.4676156,-5.2420716,-1.3069274
1500078497924,-6.391019,-4.3612123,-1.709059
1500078497987,-7.7506065,-4.456958,-2.3505547
1500078498051,-9.024023,-4.3803616,-3.2601378
1500078498115,-8.602742,-3.7675896,-2.8484318
1500078498178,-8.34423,-3.2792869,-2.666515
1500078498242,-8.353804,-2.8101335,-2.5899186
1500078498306,-10.2016945,-3.2409887,-3.0016246
1500078498369,-10.105948,-2.3122563,-2.4367256
1500078498433,-11.360216,-1.6611862,-2.360129
1500078498497,-10.441058,-0.69415563,-0.64628285
1500078498561,-10.804892,-1.709059,-3.8058877
1500078498624,-9.349558,-2.8292825,-1.3356512
1500078498688,-9.474028,-2.254809,0.90479594
1500078498752,-8.832532,-2.1399143,0.7420284
1500078498815,-9.110194,-4.83994,-1.5558661
1500078498879,-8.755936,-3.4229054,-0.0718092
1500078498943,-10.728295,-2.1207652,0.8952214
1500078499007,-11.111278,-4.6293,-0.062234644
1500078499070,-10.661273,-5.634629,0.14840569
1500078499134,-11.072979,-6.8888965,-2.7431116
1500078499198,-5.797396,-3.4037561,-0.83777404
1500078499262,-1.2207564,-3.5090764,0.6558574
1500078499326,0.99096704,-8.104865,5.7208
1500078499390,-5.5101595,-1.0292653,0.5505372
1500078499461,-10.115523,-1.8048047,1.1250108
1500078499516,-12.633633,-3.6814184,0.99096704
1500078499580,-18.02411,-3.3175852,-5.108028
1500078499644,-15.237913,-6.745278,-5.950589
1500078499708,-11.762347,0.081383765,3.1452432
1500078499771,-9.636795,-1.0388398,0.28244954
1500078499835,-4.322914,-0.14840569,-2.0728924
1500078499899,2.9441774,1.709059,-2.3697038
1500078499962,-10.814466,-0.8760723,-5.3952646
1500078500026,-16.061325,-1.6324625,-7.4920936
1500078500090,-12.911295,-2.6282167,-3.5378
1500078500153,-11.800646,-1.709059,0.7228793
1500078500217,-9.933606,-6.5346375,0.3111732
1500078500281,-6.9942164,-5.9027166,-3.0494976
1500078500345,-12.451715,0.22500217,-2.3122563
1500078500408,-12.030436,-3.5378,-0.5505372
1500078500472,-7.6069884,1.4888442,-10.919786
1500078500536,-6.630383,1.4409714,-5.2899446
1500078500600,-10.94851,-4.6005764,-4.8207912
1500078500663,-16.023027,-7.846352,-3.1356685
1500078500727,-12.872996,-9.512326,2.7048132
1500078500791,-4.935686,-8.7750845,-4.437809
1500078500855,-0.665432,-1.1345854,-7.635712
1500078500919,-4.6675982,-1.0962871,-0.8856468
1500078500982,-7.2718787,-7.875076,1.7377827
1500078501046,-6.716554,-8.717637,-0.6079846
1500078501109,-8.191036,-5.7016506,-0.40691882
1500078501173,-11.130426,-5.5580325,2.1399143
1500078501237,-12.786825,-5.021857,3.231414
1500078501300,-9.933606,-4.868664,2.7622607
1500078501365,-6.180379,-5.739949,2.0250196
1500078501429,-3.6335456,-5.8165455,2.800559
1500078501493,-5.519734,-6.630383,3.3080106
1500078501556,-8.392102,-4.935686,4.0261025
1500078501619,-9.933606,-2.6377914,3.777164
1500078501683,-8.6697645,-4.3707867,3.4133308
1500078501747,-7.693159,-5.519734,3.0494976
1500078501810,-8.124015,-4.782493,2.3505547
1500078501874,-8.104865,-3.671844,2.7718353
1500078501938,-7.5399666,-3.4037561,2.3026817
1500078502002,-7.961247,-5.4048395,3.0016246
1500078502065,-8.181462,-5.787822,4.849515
1500078502129,-7.961247,-7.0708127,3.6143966
1500078502193,-6.869747,-4.581427,2.4845984
1500078502256,-7.741032,-3.7101421,3.7963133
1500078502320,-7.549541,-4.782493,3.4899273
1500078502384,-7.434646,-4.83994,3.1069448
1500078502447,-6.8027253,-5.299519,4.322914
1500078502511,-6.745278,-3.911208,4.619725
1500078502575,-7.042089,-2.6760898,1.1154363
1500078502639,-9.071896,-2.3984275,-0.33032233
1500078502702,-9.85701,-5.2899446,-1.5750152
1500078502766,-9.349558,-4.236743,-0.15798025
1500078502831,-9.014449,-4.495256,-1.0867126
1500078502894,-10.259142,-4.7920675,2.6090677
1500078502957,-8.133589,-5.3186684,-0.47394073
1500078503022,-4.0261025,-4.83994,-1.9101248
1500078503085,-0.6558574,-4.016528,-1.6899099
1500078503148,-1.7282082,-1.0675635,-0.18670394
1500078503212,-7.0133657,-3.6431203,-2.1782124
1500078503276,-10.862339,-3.7388659,-4.389936
1500078503339,-16.271965,-2.3122563,-5.309094
1500078503403,-13.658111,-0.6750065,-6.1995277
1500078503467,-12.394268,-0.12925656,-4.5622783
1500078503531,-12.863422,1.4026731,-3.4803526
1500078503594,-11.072979,0.32074776,-2.475024
1500078503658,-10.077225,-5.1846247,-3.2026904
1500078503722,-9.225089,-4.456958,-1.9196993
1500078503786,-7.9420977,-6.975067,-2.6856642
1500078503849,-7.5303917,-6.821874,-4.4473834
1500078503913,-9.407005,-3.3175852,-3.451629
1500078503977,-10.125097,-0.09095833,0.46436617
1500078504040,-9.5219,-4.801642,-0.19627848
1500078504104,-9.368708,-2.1782124,0.062234644
1500078504168,-10.833615,-1.9005502,-0.4356425
1500078504232,-11.657027,-7.7314577,0.8090504
1500078504296,-8.650616,-9.54105,8.55487
1500078504360,-6.697405,-1.3452257,3.997379
1500078504423,-8.612317,-0.5888355,-1.1920328
1500078504495,-8.1623125,-2.8292825,-1.0292653
1500078504550,-9.043172,-2.800559,0.8952214
1500078504614,-10.747444,-5.835695,1.0962871
1500078504678,-14.740036,-4.4090853,1.3069274
1500078504741,-14.64429,-6.984642,-1.5079932
1500078504805,5.0984535,7.156984,-0.19627848
1500078504869,2.8292825,-3.690993,-2.2356598
1500078504933,-11.49426,-4.619725,0.46436617
1500078504996,-13.878325,-3.911208,1.4218222
1500078505060,-9.177217,-1.2590547,-4.5910015
1500078505124,-9.703817,-5.835695,-6.0080366
1500078505188,-11.1208515,0.54096264,-2.168638
1500078505251,-11.637878,-5.376116,-0.2920241
1500078505315,-13.00704,-1.622888,-1.6899099
1500078505379,-14.184711,-2.733537,-2.3122563
1500078505442,-7.2910275,-0.5313881,-3.8537605
1500078505506,-4.849515,-3.3941817,-5.17505
1500078505570,-9.770839,-3.9590807,-3.0494976
1500078505633,-9.138918,-5.1846247,-1.2399056
1500078505697,-4.1409974,-3.126094,-4.887813
1500078505761,-5.759098,-2.9633265,-2.800559
1500078505825,-6.984642,-5.8644185,-4.4856815
1500078505888,-5.7208,-3.0686467,-4.6388745
1500078505952,-7.396348,-5.873993,0.71330476
1500078506016,-5.586756,-5.960164,0.8664977
1500078506080,-2.1590633,-4.6675982,-0.2154276
1500078506143,-6.6591067,-7.2144313,1.5558661
1500078506207,-6.410168,-11.226172,1.9962958
1500078506271,-7.2240057,-8.918703,-1.3643749
1500078506334,-7.4059224,-8.717637,-2.4367256
1500078506398,-10.345312,-5.5580325,2.6090677
1500078506462,-11.111278,-5.8548436,3.451629
1500078506526,-9.18679,-6.094208,2.9154537
1500078506589,-10.278291,-3.9590807,3.5856729
1500078506653,-7.702734,-4.849515,4.916537
1500078506717,-5.1176023,-4.198445,5.4048395
1500078506780,-3.911208,-5.586756,4.83994
1500078506844,-4.8303657,-5.692076,5.222923
1500078506908,-6.323997,-5.481436,5.299519
1500078506972,-5.6633525,-5.567607,4.4186597
1500078507035,-6.5729356,-5.328243,4.1792955
1500078507099,-7.1665583,-5.979313,1.1728836
1500078507163,-6.975067,-7.243155,3.1548176
1500078507226,-6.8888965,-7.3867736,2.1399143
1500078507290,-7.8272033,-6.8793216,0.34947145
1500078507354,-7.587839,-6.9080453,0.6845811
1500078507418,-6.103782,-6.2282515,1.4792696
1500078507481,-5.6250544,-5.38569,-1.8526775
1500078507545,-6.984642,-3.0686467,-2.9154537
1500078507609,-8.842107,-8.305931,-5.529309
1500078507673,-10.680422,-8.880404,-5.500585
1500078507736,-9.924032,-4.016528,-4.696322
1500078507800,-4.73462,-3.3175852,-3.671844
1500078507864,-2.2739582,-1.4792696,-4.83994
1500078507928,-6.6591067,-5.586756,-2.6090677
1500078507992,-7.35805,-4.782493,-0.25372586
1500078508056,-8.813383,-7.1857076,3.384607
1500078508119,-5.529309,-5.1176023,2.475024
1500078508182,-5.8165455,-5.146326,4.96441
1500078508246,-8.2676325,-6.2952733,6.1612296
1500078508310,-5.002708,-7.396348,4.2558923
1500078508373,-4.5239797,-5.653778,4.0356774
1500078508437,-4.284616,-4.456958,4.9069624
1500078508501,-6.065484,-9.004874,0.56011176
1500078508565,-10.06765,-9.129343,4.7441945
1500078508628,-11.580431,-11.226172,4.351638
1500078508692,-7.664436,-2.0441687,4.2941904
1500078508756,-2.6856642,-5.1846247,2.666515
1500078508819,-2.8388572,-7.003791,4.3995104
1500078508883,-7.329326,-5.347392,3.6143966
1500078508947,-7.999545,-7.089962,6.869747
1500078509011,-6.869747,-8.047418,4.849515
1500078509074,-4.131423,-3.9590807,3.212265
1500078509138,-5.261221,-3.9399316,1.8909757
1500078509202,-8.23891,-6.7069798,-2.360129
1500078509266,-8.047418,-5.1654754,-7.051664
1500078509329,-7.0995364,-1.8143792,-5.3378177
1500078509393,-5.7303743,-1.6994845,-6.458041
1500078509457,-6.5825105,-3.1069448,-10.622974
1500078509520,-10.2016945,-1.6611862,-4.389936
1500078509584,-8.372953,-4.4186597,-6.9271946
1500078509648,-7.587839,-3.4133308,-7.5974135
1500078509712,-7.2144313,-1.0579889,-5.3186684
1500078509775,-5.9027166,-1.3739494,-4.4186597
1500078509839,-4.3995104,-3.9495063,-5.194199
1500078509903,-6.4197426,-3.5952475,-7.7984796
1500078509966,-8.765511,-6.2665496,-5.672927
1500078510030,-7.482519,-5.376116,-0.4356425
1500078510094,-7.204857,-6.486765,1.1824582
1500078510158,-8.679339,-6.1899533,-0.512239
1500078510221,-11.743198,-4.2271686,4.3324885
1500078510285,-10.938935,-4.0739756,3.451629
1500078510349,-5.8548436,-2.0441687,3.3558834
1500078510413,-7.137835,-2.819708,5.041006
1500078510476,-5.452712,-3.3941817,-0.512239
1500078510541,-6.975067,-3.3080106,-2.5420458
1500078510604,-9.2825365,-2.6760898,-0.85692316
1500078510667,-10.172971,-0.8664977,0.78990126
1500078510731,-10.287866,-0.9526688,1.0579889
1500078510795,-10.919786,-1.1633091,0.6845811
1500078510859,-10.163396,-1.3165021,1.5654407
1500078510922,-9.407005,-1.1633091,1.8718265
1500078510986,-9.502751,-0.28244954,1.4122477
1500078511050,-9.493176,0.05266008,0.61755913
1500078511114,-9.971905,-0.0718092,-0.23457673
1500078511178,-10.383611,0.98139244,0.11968201
1500078511241,-10.077225,1.4792696,0.014361841
1500078511304,-9.617646,1.14416,-0.081383765
1500078511369,-8.832532,0.46436617,0.26330042
1500078511433,-8.5740185,-2.0250196,-0.4356425
1500078511496,-9.110194,-4.2271686,-1.2494801
1500078511560,-7.721883,-3.039923,1.2207564
1500078511623,-5.82612,-3.7484405,1.0005416
1500078511687,-6.7740016,-6.8027253,-4.0356774
1500078511751,-9.904882,-3.0303483,-6.821874
1500078511815,-11.838944,-2.321831,-6.017611
1500078511878,-11.561282,1.3356512,-2.3984275
1500078511942,-10.134672,-0.5218136,-6.180379
1500078512006,-8.277207,-2.2452345,-9.158067
1500078512069,-4.8782387,-2.7814097,-11.034681
1500078512133,-0.33032233,-4.9452605,-15.371957
1500078512197,2.0537431,-5.8644185,-13.150659
1500078512260,-3.8729098,-3.7675896,-4.045252
1500078512324,-16.923035,2.4654493,-0.8473486
1500078512388,-15.534724,3.6431203,-8.191036
1500078512452,-7.56869,4.0931244,-11.436812
1500078512515,-1.2494801,-10.144247,-10.555953
1500078512579,-0.32074776,-15.793238,-3.5952475
1500078512643,-7.482519,-6.0559096,-2.9250283
1500078512707,-12.480439,-12.183628,-8.11444
1500078512770,-11.302769,-9.29211,-4.6388745
1500078512834,-10.881488,-6.0750585,-5.0601554
1500078512899,-9.119769,-7.2240057,-4.849515
1500078512961,-6.898471,-5.998462,-2.8771553
1500078513025,-4.5144053,-5.3952646,-1.14416
1500078513090,-2.101616,-6.2665496,-0.17712937
1500078513153,-0.45479164,-6.9080453,1.0484143
1500078513217,0.20585304,-8.34423,0.512239
1500078513280,0.751603,-9.004874,0.34947145
1500078513344,1.2016073,-10.153821,-0.78990126
1500078513407,1.622888,-10.891063,-2.0250196
1500078513471,1.3452257,-10.737869,-1.622888
1500078513535,1.1633091,-10.383611,-1.6420372
1500078513599,0.93351966,-9.876159,-1.5654407
1500078513662,0.6558574,-9.837861,-1.8239537
1500078513726,0.49308985,-9.665519,-1.8909757
1500078513790,0.54096264,-9.569773,-1.469695
1500078513853,0.61755913,-9.847435,-1.2686293
1500078513917,0.90479594,-10.029352,-0.5888355
1500078513981,1.0962871,-9.75169,-0.25372586
1500078514045,1.2207564,-9.75169,-0.61755913
1500078514108,0.665432,-9.971905,-0.8760723
1500078514172,-1.469695,-10.709146,-1.2207564
1500078514236,-2.7431116,-11.992137,-1.4505459
1500078514299,-3.8920588,-6.0463347,2.3697038
1500078514363,-1.0292653,-11.216598,0.90479594
1500078514427,1.6611862,-7.176133,0.78032666
1500078514491,-0.8473486,-10.163396,1.8718265
1500078514554,0.03351096,-9.6942425,2.5420458
1500078514618,-2.360129,-9.713391,2.7239625
1500078514682,-1.9962958,-10.536804,1.1728836
1500078514746,-2.2356598,-9.5219,0.9718179
1500078514809,-2.5516202,-9.579348,0.8760723
1500078514873,-2.9346027,-9.426155,1.8526775
1500078514937,-3.3750327,-9.3878565,2.2835326
1500078515000,-0.16755481,-6.2761245,0.4835153
1500078515064,6.5346375,-8.104865,4.3133397
1500078515128,2.8484318,-12.193203,-1.6707608
1500078515192,-0.44521707,-11.312344,-2.34098
1500078515255,-4.935686,-13.121935,-5.538883
1500078515319,-4.437809,-9.454879,-3.3941817
1500078515383,-4.2271686,-8.401677,-3.346309
1500078515446,-3.7101421,-6.304848,-2.168638
1500078515510,-3.5760984,-7.635712,-2.5420458
1500078515574,-5.041006,-8.526146,-3.4420545
1500078515638,-6.4293175,-7.9325233,-4.1792955
1500078515701,-7.482519,-7.7601814,-2.8101335
1500078515765,-7.1474094,-6.0367603,-0.665432
1500078515829,-4.351638,-7.281453,-1.1058618
1500078515892,-4.045252,-9.253813,-0.9718179
1500078515956,-4.581427,-8.765511,-0.5313881
1500078516020,-5.088879,-8.34423,-2.0058703
1500078516084,-5.261221,-8.478273,-3.020774
1500078516147,-5.529309,-7.396348,-2.5899186
1500078516211,-6.218677,-6.515488,-3.1356685
1500078516275,-8.918703,-6.4197426,-5.605905
1500078516338,-10.814466,-7.0803876,-5.787822
1500078516402,-7.6452866,-5.0505805,-3.671844
1500078516466,-9.474028,-2.800559,-3.3080106
1500078516530,-8.32508,-3.173967,-2.7048132
1500078516593,-7.1186857,-3.1835413,-2.1207652
1500078516657,-6.630383,-3.9399316,-2.8484318
1500078516721,-6.850598,-5.912291,-3.9878044
1500078516784,-6.936769,-6.8888965,-6.180379
1500078516848,-6.6591067,-5.433563,-7.56869
1500078516912,-6.563361,-3.518651,-10.153821
1500078516976,-4.8303657,-1.9962958,-9.761265
1500078517039,-3.0877957,-0.8664977,-10.785743
1500078517103,-1.7282082,-3.8058877,-8.822957
1500078517167,-0.3398969,-3.2984362,-7.9133744
1500078517231,-0.2920241,-4.2654667,-5.2516465
1500078517294,-0.85692316,-7.846352,-6.544212
1500078517358,-1.4122477,-8.076141,-4.916537
1500078517422,-1.4888442,-9.617646,-5.586756
1500078517485,-3.5856729,-9.435729,-5.5963306
1500078517549,-5.079304,-6.544212,-3.671844
1500078517613,-5.3952646,-7.4537954,-3.4037561
1500078517677,-3.8346114,-8.296356,-2.6569405
1500078517740,-2.360129,-9.004874,-1.6707608
1500078517804,-1.3165021,-9.8953085,-0.39734426
1500078517868,-0.46436617,-10.278291,0.50266445
1500078517931,0.4356425,-10.230418,1.0101161
1500078517995,1.7282082,-10.441058,1.0579889
1500078518059,1.8814012,-10.259142,0.0718092
1500078518124,1.622888,-10.220843,-0.40691882
1500078518186,-0.9430942,-10.804892,-0.2154276
1500078518251,-3.9207826,-10.594251,-0.14840569
1500078518322,-6.783576,-7.855927,1.4409714
1500078518377,-7.5974135,-7.635712,2.9441774
1500078518441,-0.91437054,-8.545295,4.543129
1500078518505,1.3452257,-9.330409,5.146326
1500078518569,-1.1633091,-8.516571,4.0644007
1500078518632,-6.2952733,-4.954835,3.2984362
1500078518696,-7.9516726,-8.277207,5.500585
1500078518760,-3.2697124,-8.095291,2.0824668
1500078518823,-4.504831,-8.679339,1.7569319
1500078518887,-4.9835587,-7.1091113,2.6856642
1500078518951,-4.73462,-9.761265,1.4218222
1500078519015,-4.4856815,-5.462287,5.941015
1500078519078,-4.1792955,-8.353804,4.4186597
1500078519142,-5.0601554,-8.028269,2.819708
1500078519206,-4.954835,-5.653778,5.1176023
1500078519269,-4.5239797,-6.984642,5.414414
1500078519333,-4.9069624,-8.34423,3.126094
1500078519397,-5.0314317,-8.2676325,3.930357
1500078519461,-4.9452605,-7.0612383,4.389936
1500078519524,-4.5622783,-5.1367517,4.935686
1500078519588,-1.79523,-7.5591154,5.538883
1500078519652,-4.926111,-6.678256,3.6814184
1500078519715,-8.478273,-6.3431463,5.0505805
1500078519779,-5.7208,-4.3707867,7.8176284
1500078519843,-4.1026993,-5.4239883,6.745278
1500078519907,-6.0367603,-5.38569,5.9697385
1500078519970,-7.3867736,-6.151655,4.437809
1500078520034,1.1250108,-3.1356685,7.635712
1500078520098,-0.30159867,-5.1367517,4.8303657
1500078520162,2.2069361,-4.466532,3.4133308
1500078520225,4.389936,-7.769756,0.56968635
1500078520289,1.1250108,-13.064487,-3.911208
1500078520353,-3.930357,-8.995299,-12.56661
1500078520416,-6.0463347,-7.243155,-12.212352
1500078520480,-1.3356512,-5.7208,1.5175679
1500078520544,-6.8410234,-6.9654927,-8.928278
1500078520608,-6.6495323,-4.3133397,-9.713391
1500078520671,-1.9005502,-6.850598,-1.2590547
1500078520735,-2.427151,-8.478273,-5.4431376
1500078520799,-6.7548523,-5.38569,-12.5474615
1500078520863,-2.8963046,-4.5622783,-6.256975
1500078520926,-1.3739494,-7.2144313,-4.5527034
1500078520990,-3.4707782,-5.1271772,-7.9325233
1500078521054,-4.954835,-3.4707782,-11.858093
1500078521118,-3.9782298,-4.322914,-9.943181
1500078521181,0.043085523,-7.4729443,-2.408002
1500078521245,-1.7856555,-4.3324885,-7.56869
1500078521308,-4.045252,-2.88673,-10.776168
1500078521372,-4.73462,-3.5952475,-12.145329
1500078521436,-0.7228793,-8.248484,-2.5228968
1500078521501,-1.7569319,-7.0325146,-7.587839
1500078521564,-4.236743,-3.6622694,-12.365545
1500078521628,-3.671844,-4.131423,-8.755936
1500078521691,0.359046,-7.894225,-1.8431029
1500078521755,-2.9154537,-6.9463434,-7.721883
1500078521818,-7.195282,-5.979313,-11.570856
1500078521882,-3.6814184,-3.8920588,-5.462287
1500078521946,-0.59841,-8.018694,-1.2303311
1500078522010,-7.2718787,-7.482519,-10.910212
1500078522073,-5.1846247,-6.170804,-10.230418
1500078522137,1.5558661,-6.486765,2.2069361
1500078522201,-6.639958,-7.4154973,-5.950589
1500078522264,-8.6697645,-7.1665583,-10.804892
1500078522328,-4.2654667,-3.6526947,-5.873993
1500078522392,1.4601204,-7.808054,0.92394507
1500078522455,-8.861256,-9.3878565,-6.639958
1500078522519,-5.3952646,-6.7261286,-11.532558
1500078522583,-1.2973529,-3.4899273,-2.494173
1500078522647,-2.1590633,-8.171887,-0.56011176
1500078522710,-10.785743,-8.23891,-11.005958
1500078522774,-4.389936,-5.988888,-10.06765
1500078522838,2.972901,-5.500585,0.59841
1500078522902,-6.936769,-8.353804,-4.0261025
1500078522965,-7.9899707,-7.922949,-10.182545
1500078523029,-4.2654667,-4.5910015,-6.1612296
1500078523093,-1.7856555,-7.3676243,-0.92394507
1500078523156,-5.634629,-8.392102,-5.9697385
1500078523221,-4.2080193,-7.654861,-6.592085
1500078523284,-3.7101421,-6.716554,-6.47719
1500078523348,-2.8388572,-7.4154973,-4.8590894
1500078523412,-3.212265,-7.5591154,-5.0505805
1500078523475,-2.3697038,-7.0133657,-5.500585
1500078523539,-2.5037475,-6.7357035,-6.5825105
1500078523602,-3.1452432,-6.5537868,-6.525063
1500078523666,-4.4186597,-6.2091026,-6.783576
1500078523730,-5.3378177,-6.639958,-7.35805
1500078523794,-6.304848,-8.411251,-8.21976
1500078523857,-7.654861,-11.38894,-8.4686985
1500078523921,-4.868664,-6.5825105,-1.4984187
1500078523985,-0.32074776,-1.9101248,7.788905
1500078524048,1.8909757,-2.6377914,9.119769
1500078524112,0.8281995,-3.2601378,6.3144226
1500078524176,-1.4218222,-0.93351966,7.5399666
1500078524240,-4.6293,-0.71330476,7.9516726
1500078524303,-6.6495323,-1.4122477,10.900637
1500078524367,-4.0644007,1.8718265,7.12826
1500078524431,-3.997379,-0.13883112,8.056993
1500078524495,-5.328243,-1.2111819,9.502751
1500078524558,-7.329326,3.6622694,6.5346375
1500078524622,-7.2527294,1.5271424,5.950589
1500078524686,-10.316589,-0.30159867,10.287866
1500078524749,-8.066567,-0.8090504,9.378282
1500078524813,-1.5175679,0.27287498,8.506997
1500078524877,5.538883,-0.45479164,4.9452605
1500078524941,3.059072,-5.232497,3.5569491
1500078525004,-0.9622433,-5.8548436,8.277207
1500078525068,-8.55487,-5.462287,9.119769
1500078525132,-10.105948,-7.511243,6.639958
1500078525196,-3.231414,-5.6633525,7.176133
1500078525259,-4.2080193,-0.2154276,7.9708214
1500078525323,-1.9005502,-6.7740016,5.7016506
1500078525387,-3.212265,-2.9441774,7.8367777
1500078525450,-2.7814097,-7.003791,8.21976
1500078525514,-1.0292653,-5.787822,7.281453
1500078525578,-0.25372586,-6.6591067,6.611234
1500078525642,-0.0718092,-7.788905,6.6495323
1500078525705,0.22500217,-6.113357,6.0750585
1500078525769,-0.36862057,-6.4005938,7.3389006
1500078525833,-2.0537431,-8.9761505,5.079304
1500078525896,-4.2463174,-0.5888355,7.875076
1500078525960,-3.039923,-4.3803616,7.1091113
1500078526024,-0.2154276,-10.010203,7.7123084
1500078526088,-1.4409714,-5.835695,9.253813
1500078526151,-6.8601727,-5.7112255,2.6856642
1500078526215,-8.018694,-6.898471,5.644203
1500078526279,-1.9867213,-8.037844,5.38569
1500078526342,-0.69415563,-12.748528,2.6377914
1500078526406,1.0101161,-11.025106,3.1069448
1500078526470,1.5750152,-9.761265,1.6516117
1500078526534,1.5750152,-9.8953085,0.0718092
1500078526597,2.1303396,-8.506997,0.110107444
1500078526661,2.3505547,-8.6697645,-0.78032666
1500078526725,0.30159867,-9.138918,-2.0250196
1500078526788,-2.6282167,-11.274045,-1.1058618
1500078526852,-3.173967,-10.699572,-0.3398969
1500078526916,-2.4463003,-8.947427,0.83777404
1500078526980,-1.6803354,-8.602742,-0.2441513
1500078527043,-0.50266445,-8.191036,-0.59841
1500078527107,-0.7324539,-8.889979,-3.4803526
1500078527171,-2.752686,-7.9133744,-5.2420716
1500078527235,-5.17505,-7.808054,-5.021857
1500078527298,-8.258059,-6.3527207,-7.5974135
1500078527362,-7.0708127,-5.4048395,-8.612317
1500078527426,-5.49101,-7.176133,-7.9420977
1500078527489,-2.8963046,-5.672927,-7.281453
1500078527553,-3.9399316,-4.4186597,-7.5208173
1500078527617,-3.1452432,-3.173967,-5.7303743
1500078527681,-4.2080193,-7.721883,-4.993133
1500078527744,-3.5378,-11.59958,-8.842107
1500078527808,-0.6079846,-9.091045,-8.133589
1500078527872,0.09095833,-9.301685,-7.922949
1500078527936,-0.9430942,-8.420826,-7.6452866
1500078527999,-1.5941644,-6.2091026,-6.256975
1500078528063,-3.2218397,-5.644203,-6.113357
1500078528127,-3.5282254,-5.366541,-6.3431463
1500078528191,-2.5994933,-5.9697385,-8.5740185
1500078528254,-1.8814012,-4.954835,-7.7601814
1500078528319,-1.7856555,-7.4920936,-7.5591154
1500078528382,-2.1399143,-6.8888965,-5.9697385
1500078528446,-2.4367256,-7.587839,-4.926111
1500078528510,-3.2026904,-8.028269,-4.437809
1500078528573,-3.4420545,-7.4920936,-2.6090677
1500078528636,-0.23457673,-9.64637,-5.6154795
1500078528700,1.2111819,-10.19212,-4.0261025
1500078528764,-1.0005416,-7.616563,-6.831449
1500078528828,-3.2697124,-6.630383,-8.076141
1500078528891,-5.644203,-5.002708,-6.639958
1500078528955,-4.2941904,-5.2516465,-6.1899533
1500078529019,-0.90479594,-8.708063,-5.9218655
1500078529083,-0.15798025,-10.0868,-2.2835326
1500078529146,-0.062234644,-10.709146,-0.98139244
1500078529210,-1.9101248,-8.545295,0.16755481
1500078529274,-2.8101335,-10.326163,-0.83777404
1500078529337,-2.2452345,-8.736787,0.63670826
1500078529401,-0.76117754,-8.832532,-1.6707608
1500078529465,-1.0962871,-10.680422,-4.1601467
1500078529529,-3.059072,-9.043172,-1.3069274
1500078529592,-4.0069537,-8.11444,-0.27287498
1500078529656,-3.2697124,-10.239992,1.0005416
1500078529720,-0.22500217,-12.049584,-1.7282082
1500078529784,1.9579976,-9.608071,-1.383524
1500078529847,1.4218222,-6.3527207,-0.77075213
1500078529911,1.0962871,-7.396348,-1.9579976
1500078529975,1.79523,-9.684668,-9.2825365
1500078530038,0.98139244,-11.877242,-7.961247
1500078530102,1.5845897,-6.103782,-5.079304
1500078530166,1.383524,-7.5208173,-7.5208173
1500078530230,2.034594,-6.2665496,-7.7506065
1500078530293,1.2590547,-6.6208086,-3.7005677
1500078530357,2.513322,-3.6814184,-6.304848
1500078530421,1.3930986,-5.950589,-12.997466
1500078530485,1.622888,-3.1069448,-6.2474008
1500078530548,-0.14840569,-3.4420545,-9.991054
1500078530612,2.408002,-4.045252,-11.293194
1500078530676,2.015445,-3.844186,-10.115523
1500078530739,1.1058618,-4.2558923,-8.286782
1500078530803,1.2590547,-7.5974135,-8.889979
1500078530867,2.3792782,-9.024023,-6.3622956
1500078530931,1.0675635,-6.438892,-2.4367256
1500078530995,-1.2111819,-8.870831,0.50266445
1500078531059,0.50266445,-8.104865,5.194199
1500078531122,-1.2686293,-5.4431376,7.0995364
1500078531186,4.121848,-3.930357,-4.772918
1500078531250,5.2133484,-8.248484,-10.0868
1500078531313,6.7931504,-4.993133,-10.316589
1500078531376,1.6324625,-3.4037561,-8.32508
1500078531441,2.5899186,-5.309094,-9.272962
1500078531504,2.4654493,-6.831449,-6.630383
1500078531568,2.8580062,-10.105948,-5.0314317
1500078531633,2.647366,-7.6261373,-2.0824668
1500078531695,1.0292653,-11.025106,3.5473747
1500078531759,0.59841,-8.698488,1.4601204
1500078531823,0.7420284,-7.501668,4.2175937
1500078531886,1.8143792,-5.06973,1.2111819
1500078531950,2.0728924,-11.647452,-7.808054
1500078532014,1.1154363,-9.18679,-9.483603
1500078532077,1.0388398,-7.961247,-2.752686
1500078532141,-0.05266008,-8.44955,-0.28244954
1500078532205,-0.5313881,-3.2409887,6.6591067
1500078532269,-0.15798025,-9.636795,5.529309
1500078532332,2.8388572,-3.5665238,11.235746
1500078532396,2.0441687,-3.126094,7.4059224
1500078532460,-3.2505634,-7.1857076,9.339984
1500078532523,-1.8909757,-5.06973,9.3878565
1500078532587,-1.5941644,-6.611234,7.5782647
1500078532651,-1.4122477,-6.017611,7.721883
1500078532715,-0.6271337,-6.3814445,7.2335806
1500078532778,-0.7324539,-7.0133657,0.359046
1500078532842,-1.7186337,-11.484685,-3.4324799
1500078532906,-1.383524,-10.287866,-3.5090764
1500078532969,-2.0824668,-5.7016506,0.110107444
1500078533033,-7.2240057,-4.8303657,0.13883112
1500078533097,-13.255979,-0.5218136,5.1846247
1500078533161,-13.514492,-3.671844,2.5228968
1500078533224,-11.858093,-6.218677,1.9579976
1500078533288,-9.885734,-4.5718527,2.2356598
1500078533352,-5.8548436,-5.4718614,3.059072
1500078533416,-3.2984362,-5.1654754,4.0931244
1500078533480,-3.3080106,-5.0505805,2.9633265
1500078533544,-5.041006,-6.5537868,0.8090504
1500078533615,-7.635712,-7.329326,-0.12925656
1500078533670,-7.9037995,-7.2910275,0.44521707
1500078533734,-7.875076,-5.835695,0.5313881
1500078533798,-9.158067,-5.3569665,1.5654407
1500078533861,-11.590006,-3.6239712,1.0962871
1500078533925,-11.111278,-1.7473572,1.79523
1500078533989,-8.583593,-0.7994758,2.8963046
1500078534052,-7.042089,-1.7282082,3.6143966
1500078534116,-8.171887,-2.800559,4.6293
1500078534180,-10.383611,-4.0739756,4.169721
1500078534244,-10.814466,-4.7920675,2.7718353
1500078534307,-11.063405,-5.002708,1.8335283
1500078534371,-11.092129,-5.1367517,1.776081
1500078534435,-7.8176284,-3.7101421,1.1537346
1500078534498,-9.54105,-4.9739842,0.05266008
1500078534562,-9.3878565,-4.2463174,0.10053288
1500078534626,-6.831449,-3.7675896,1.4601204
1500078534690,-6.0750585,-5.261221,1.0196906
1500078534753,-6.716554,-6.6016593,0.062234644
1500078534817,-7.482519,-7.769756,-0.13883112
1500078534881,-7.089962,-9.445304,-0.081383765
1500078534945,-6.0367603,-10.326163,0.6079846
1500078535008,-5.644203,-6.936769,1.4313968
1500078535072,-2.5037475,-7.769756,-4.284616
1500078535136,-1.2494801,-9.349558,-7.549541
1500078535199,-0.78032666,-5.82612,-4.8782387
1500078535263,0.05266008,-5.1271772,-4.7920675
1500078535327,2.321831,-6.1899533,-7.8655014
1500078535391,1.7665064,-7.310177,-9.684668
1500078535454,-0.10053288,-6.716554,-9.991054
1500078535518,-1.9675722,-4.8782387,-8.937852
1500078535582,-2.0537431,-6.0750585,-10.546378
1500078535645,-1.4984187,-5.17505,-7.310177
1500078535709,-1.2686293,-5.7686725,-5.82612
1500078535773,-1.7186337,-6.333572,-4.275041
1500078535836,-1.7856555,-7.788905,-5.759098
1500078535900,-1.79523,-8.736787,-6.9942164
1500078535964,-1.8239537,-8.55487,-4.543129
1500078536028,-1.9771467,-8.851681,-3.9590807
1500078536091,-4.150572,-10.6134,-5.538883
1500078536155,-5.347392,-8.870831,-3.844186
1500078536219,-2.867581,-6.5537868,-1.8431029
1500078536282,-1.2494801,-7.894225,-3.4324799
1500078536346,-1.5271424,-8.085716,-3.126094
1500078536410,-2.3792782,-9.435729,-4.543129
1500078536473,-4.3133397,-9.6942425,-5.835695
1500078536537,-4.2558923,-8.545295,-4.619725
1500078536601,-4.9069624,-6.783576,-4.016528
1500078536665,-3.997379,-7.051664,-3.5473747
1500078536728,-3.0686467,-8.995299,-3.7197168
1500078536792,-2.867581,-11.925115,0.8664977
1500078536856,-1.2782038,-10.92936,6.697405
1500078536919,-1.0196906,-7.7793303,5.7686725
1500078536983,-1.2494801,-5.5101595,4.8973875
1500078537047,-1.0579889,-4.437809,5.692076
1500078537111,-3.059072,-4.3803616,6.8122997
1500078537183,-4.322914,-6.37187,6.7931504
1500078537238,-0.70373017,-1.7186337,12.949593
1500078537302,-1.6611862,-1.6994845,7.8367777
1500078537365,-1.0196906,-0.45479164,10.938935
1500078537429,-0.7228793,-0.69415563,8.842107
1500078537493,-1.6037389,0.46436617,10.354887
1500078537557,-1.862252,0.22500217,9.502751
1500078537620,-0.9622433,-0.40691882,9.244238
1500078537684,-1.0101161,-0.17712937,9.215514
1500078537748,-0.63670826,-0.15798025,9.167642
1500078537811,-0.39734426,0.4356425,10.06765
1500078537875,-0.39734426,-4.8782387,14.041093
1500078537939,1.8909757,-5.960164,9.31126
1500078538002,2.7239625,-4.9452605,6.1899533
1500078538066,1.9771467,-3.6622694,5.586756
1500078538130,0.5218136,-3.7963133,6.065484
1500078538194,-1.5367169,-5.2707953,8.34423
1500078538257,-1.9867213,-4.8782387,8.602742
1500078538321,-0.7994758,-6.3431463,6.9942164
1500078538385,-1.0484143,-9.119769,7.7601814
1500078538448,-3.2984362,-8.851681,6.0750585
1500078538513,-3.6622694,-8.918703,4.466532
1500078538576,-3.1356685,-7.329326,4.2271686
1500078538640,-1.7856555,-6.6591067,3.518651
1500078538704,-0.93351966,-8.181462,3.020774
1500078538767,0.47394073,-9.244238,2.580344
1500078538831,1.14416,-11.628304,2.5899186
1500078538895,-0.28244954,-14.165563,1.0771381
1500078538958,-1.3069274,-10.603826,-0.4164934
1500078539022,-1.0484143,-10.354887,0.00478728
1500078539086,-1.0771381,-8.794233,1.2399056
1500078539149,-2.2835326,-8.583593,0.45479164
1500078539213,-3.5378,-2.7718353,3.6335456
1500078539277,-4.696322,-2.254809,3.5665238
1500078539340,-5.2707953,-1.2399056,1.5462915
1500078539404,-12.767676,0.69415563,-0.39734426
1500078539468,-19.603912,-0.37819514,-1.8814012
1500078539532,-17.880491,-1.1824582,-4.8590894
1500078539595,-10.804892,-2.0058703,-2.2165108
1500078539659,-11.063405,-1.709059,-3.690993
1500078539723,-11.522984,-2.494173,-4.2558923
1500078539786,-11.044255,-3.5378,-2.427151
1500078539850,-9.550624,-4.3133397,-1.776081
1500078539914,-10.441058,-3.078221,-1.383524
1500078539978,-14.720886,-2.2452345,-1.2590547
1500078540041,-17.219847,2.2931073,0.03351096
1500078540105,-14.395351,1.5750152,0.5505372
1500078540169,-12.164479,0.665432,-1.8814012
1500078540232,-8.056993,1.7473572,-2.6282167
1500078540296,-7.7601814,-0.9622433,-2.2931073
1500078540360,-7.654861,-1.6707608,-1.0101161
1500078540424,-11.944264,-2.867581,-0.00478728
1500078540487,-10.71872,-1.9101248,-3.8633351
1500078540551,-10.115523,4.5910015,-1.3739494
1500078540615,-15.582597,2.7718353,-0.2920241
1500078540678,-13.935773,-3.231414,0.7324539
1500078540742,-11.810221,-4.5527034,-0.49308985
1500078540806,-9.866585,-3.126094,-0.64628285
1500078540869,-11.944264,-0.8856468,-1.4122477
1500078540935,-11.925115,0.6271337,-1.3452257
1500078540997,-11.896391,4.1601467,-0.92394507
1500078541061,-12.3463955,6.0846334,-3.3367343
1500078541125,-9.368708,5.586756,-3.2505634
1500078541188,-10.479357,2.4654493,-0.99096704
1500078541252,-10.048501,2.5707695,-0.30159867
1500078541316,-9.024023,5.4431376,-0.45479164
1500078541379,-8.641041,4.6388745,-0.5792609
1500078541443,-11.034681,0.33032233,-1.4122477
1500078541507,-13.801729,-2.4654493,-1.5750152
1500078541571,-12.509163,-3.1452432,0.32074776
1500078541634,-11.446387,-2.5899186,0.9526688
1500078541698,-12.107032,-1.0962871,-0.10053288
1500078541762,-11.341067,0.56011176,-0.85692316
1500078541825,-9.129343,1.9771467,-0.4835153
1500078541889,-9.598496,1.6324625,-0.4835153
1500078541953,-11.130426,4.7537694,-2.101616
1500078542017,-9.837861,4.5144053,-1.6611862
1500078542080,-11.025106,1.0962871,-0.7994758
1500078542144,-12.193203,-1.2016073,0.47394073
1500078542208,-10.891063,-1.5750152,0.9622433
1500078542271,-7.3771987,-1.7856555,2.0728924
1500078542335,-7.003791,-3.020774,1.1920328
1500078542399,-7.0803876,-9.3878565,-2.9346027
1500078542462,-9.512326,-9.397431,-3.825037
1500078542526,-14.347479,-3.8537605,0.20585304
1500078542590,-14.194285,-1.4026731,-1.5558661
1500078542654,-10.105948,-0.081383765,0.32074776
1500078542717,-4.1601467,0.13883112,0.76117754
1500078542781,-4.3707867,0.78990126,1.2686293
1500078542845,-10.345312,-0.47394073,0.11968201
1500078542908,-12.56661,1.0771381,-0.6845811
1500078542972,-15.103869,0.91437054,-2.88673
1500078543036,-13.849602,0.6271337,-3.3367343
1500078543100,-11.800646,-0.12925656,-2.647366
1500078543164,-9.924032,0.00478728,-2.1973617
1500078543227,-13.792154,-1.1250108,-1.5079932
1500078543291,-13.99322,-2.714388,-3.2984362
1500078543355,-9.502751,-4.351638,-0.98139244
1500078543418,-6.8601727,-5.5484576,-0.023936402
1500078543482,-12.097457,-2.8292825,-0.44521707
1500078543546,-13.868751,-0.5218136,1.1345854
1500078543610,-18.253899,2.187787,-1.0292653
1500078543674,-14.395351,-0.16755481,-1.9675722
1500078543737,-9.914457,1.5462915,-0.85692316
1500078543801,-7.9516726,3.7484405,0.5505372
1500078543864,-14.462374,5.8165455,-1.948423
1500078543928,-12.499589,-0.18670394,0.0718092
1500078543992,-9.474028,0.49308985,-1.0675635
1500078544055,-14.969825,0.062234644,-2.6186423
1500078544119,-14.414501,-1.1824582,-3.604822
1500078544183,-11.944264,-2.5228968,-3.6335456
1500078544247,-10.555953,-3.4324799,-2.666515
1500078544310,-8.5740185,-3.4324799,-1.3260766
1500078544374,-10.239992,-1.6611862,-0.40691882
1500078544438,-11.972988,-0.90479594,-0.9430942
1500078544501,-15.276211,1.1728836,-2.1782124
1500078544565,-14.280457,3.1835413,-4.1409974
1500078544629,-11.417664,2.34098,-3.451629
1500078544693,-9.368708,1.2686293,-0.3111732
1500078544756,-11.044255,2.101616,0.7324539
1500078544820,-10.632549,2.0633178,2.7239625
1500078544884,-8.497422,1.2207564,1.2877784
1500078544948,-10.776168,-0.6558574,-0.39734426
1500078545011,-14.395351,-1.776081,-1.3452257
1500078545075,-12.920869,-2.3026817,-1.9675722
1500078545139,-7.808054,-2.3122563,-0.46436617
1500078545202,-8.4686985,-5.079304,0.03351096
1500078545266,-12.978316,-2.6760898,-1.8143792
1500078545330,-10.134672,-0.4356425,0.44521707
1500078545394,-11.810221,-0.15798025,-0.19627848
1500078545457,-12.154904,1.6420372,-1.5845897
1500078545521,-11.149575,5.4239883,-1.8048047
1500078545585,-10.010203,3.6239712,-0.15798025
1500078545648,-11.513409,2.168638,0.28244954
1500078545712,-13.083637,1.5271424,-0.19627848
1500078545776,-11.178299,-0.20585304,0.34947145
1500078545840,-10.680422,-0.13883112,0.6558574
1500078545903,-8.755936,-2.408002,0.512239
1500078545967,-9.100619,-3.4803526,1.1058618
1500078546031,-10.096374,-4.1409974,0.9622433
1500078546094,-13.265553,-1.7569319,1.1728836
1500078546158,-16.396435,1.8143792,-1.469695
1500078546222,-17.114527,2.1782124,-4.954835
1500078546286,-10.268716,0.665432,-1.8143792
1500078546349,-6.8793216,-2.9154537,0.47394073
1500078546413,-8.258059,-5.2899446,-1.3452257
1500078546477,-4.73462,-5.806971,-1.7282082
1500078546540,-0.63670826,-5.538883,-1.4026731
1500078546604,0.45479164,-6.525063,-1.0196906
1500078546668,-1.3452257,-8.459125,-0.71330476
1500078546732,-4.2941904,-10.450633,-0.5505372
1500078546795,-4.6005764,-10.125097,1.4122477
1500078546859,-3.930357,-8.535721,0.56011176
1500078546923,-3.1835413,-7.2144313,-0.45479164
1500078546986,-4.5239797,-6.7931504,-0.7994758
1500078547050,-7.4250717,-7.8176284,-0.83777404
1500078547114,-9.215514,-5.692076,-1.6516117
1500078547178,-9.608071,-6.821874,-4.016528
1500078547241,-7.8846507,-4.8973875,-3.039923
1500078547305,-7.5591154,-3.7388659,-2.360129
1500078547369,-10.5080805,-0.85692316,-1.6324625
1500078547432,-11.293194,1.0388398,-1.0196906
1500078547496,-11.982562,0.6271337,0.18670394
1500078547560,-12.260224,-0.42606795,-0.8473486
1500078547624,-11.331492,-0.83777404,-0.3398969
1500078547687,-9.426155,-1.2111819,-0.36862057
1500078547751,-7.808054,-2.7239625,-0.98139244
1500078547815,-7.204857,-4.6005764,-0.8186249
1500078547878,-6.0846334,-6.304848,-0.8760723
1500078547942,-5.8931417,-8.018694,-1.6420372
1500078548006,-6.5729356,-9.253813,-3.020774
1500078548070,-6.1420803,-9.435729,-3.6622694
1500078548133,-4.0644007,-8.085716,-2.494173
1500078548198,-4.322914,-8.66019,-3.7005677
1500078548261,-4.169721,-7.003791,-3.0016246
1500078548325,-3.5282254,-6.639958,-2.1590633
1500078548388,-3.3941817,-6.5537868,-2.5899186
1500078548452,-3.690993,-8.497422,-3.5760984
1500078548516,-4.619725,-9.780414,-4.6771727
1500078548579,-5.49101,-9.914457,-5.500585
1500078548643,-4.504831,-7.3867736,-4.658024
1500078548707,-4.0548263,-6.7548523,-4.3707867
1500078548771,-3.671844,-5.8644185,-3.844186
1500078548835,-2.867581,-6.525063,-4.6388745
1500078548899,-2.3314054,-7.089962,-5.2899446
1500078548962,-1.7377827,-8.4686985,-6.936769
1500078549025,-2.427151,-9.560199,-7.1474094
1500078549089,-3.1452432,-9.148493,-6.170804
1500078549153,-2.4463003,-7.922949,-5.4239883
1500078549217,-2.408002,-7.4920936,-6.180379
1500078549280,-2.666515,-6.8793216,-5.4718614
1500078549344,-3.4899273,-7.042089,-4.6388745
1500078549408,-5.452712,-7.0708127,-4.3324885
1500078549471,-5.644203,-7.482519,-3.997379
1500078549535,-5.0601554,-7.999545,-3.7197168
1500078549599,-4.619725,-7.654861,-3.8154624
1500078549663,-5.1846247,-7.9420977,-3.9207826
1500078549727,-4.73462,-7.8367777,-3.173967
1500078549790,-3.844186,-7.56869,-3.0303483
1500078549854,-2.9346027,-8.794233,-3.6143966
1500078549917,-2.5324712,-9.675094,-3.499502
1500078549981,-3.5473747,-11.657027,-3.9399316
1500078550045,-3.7963133,-9.119769,-3.2409887
1500078550109,-4.456958,-9.531475,-3.1069448
1500078550172,-6.1899533,-8.200611,-2.2069361
1500078550236,-5.941015,-6.4293175,-1.1537346
1500078550300,-6.515488,-6.697405,-1.709059
1500078550364,-6.410168,-7.2240057,-1.9771467
1500078550427,-5.222923,-7.3197513,-0.83777404
1500078550491,-4.428234,-7.9803963,0.70373017
1500078550555,-4.495256,-8.755936,0.69415563
1500078550618,-4.610151,-9.225089,0.023936402
1500078550682,-4.8207912,-8.937852,0.50266445
1500078550746,-5.299519,-8.104865,0.4164934
1500078550810,-4.9739842,-8.085716,0.4356425
1500078550873,-5.1367517,-8.698488,0.6271337
1500078550937,-5.7016506,-8.535721,0.64628285
1500078551001,-5.079304,-7.9899707,0.70373017
1500078551064,-3.911208,-8.066567,0.512239
1500078551128,-3.7197168,-8.55487,0.081383765
1500078551192,-4.8590894,-9.464453,-0.32074776
1500078551256,-5.088879,-9.550624,-0.54096264
1500078551319,-4.4186597,-9.234664,-0.7228793
1500078551383,-3.690993,-8.995299,-0.8186249
1500078551447,-3.3175852,-8.918703,-0.5218136
1500078551511,-3.1165195,-9.244238,-0.32074776
1500078551574,-4.1888704,-10.814466,-0.7228793
1500078551638,-5.0601554,-9.464453,-0.359046
1500078551702,-4.954835,-8.23891,0.5792609
1500078551765,-5.2899446,-7.434646,0.7228793
1500078551829,-5.759098,-6.745278,1.2782038
1500078551893,-5.7303743,-7.2910275,2.733537
1500078551957,-8.44955,-9.512326,3.8537605
1500078552020,-5.28037,-6.2952733,5.8548436
1500078552084,-4.466532,-7.1091113,4.849515
1500078552148,-4.8973875,-8.698488,3.126094
1500078552211,-4.0931244,-7.204857,3.3558834
1500078552275,-3.3175852,-7.1665583,4.437809
1500078552339,-3.690993,-9.033598,4.83994
1500078552402,-5.261221,-11.092129,4.236743
1500078552466,-4.868664,-8.6697645,3.7292912
1500078552530,-2.3505547,-5.9697385,2.8484318
1500078552594,-1.0675635,-4.9835587,1.4122477
1500078552657,-1.1824582,-2.867581,0.16755481
1500078552721,-5.5771813,-3.1069448,-0.8760723
1500078552785,-17.392189,-4.772918,-4.1026993
1500078552848,-19.32625,-2.6952388,-7.693159
1500078552912,-14.146413,1.7377827,-1.4888442
1500078552976,-8.880404,-0.27287498,0.9430942
1500078553040,-7.6740103,-3.7005677,-1.9579976
1500078553103,-7.348475,-3.3175852,-2.7622607
1500078553167,-7.9420977,0.8760723,-1.0771381
1500078553231,-8.612317,1.4026731,0.40691882
1500078553295,-10.058076,-0.2154276,-0.50266445
1500078553358,-11.819795,-0.9430942,-1.5175679
1500078553422,-12.67193,-1.3356512,-1.6420372
1500078553486,-11.101703,-1.9675722,-2.34098
1500078553549,-10.938935,-0.8090504,-4.0356774
1500078553613,-8.899554,-1.1058618,-2.666515
1500078553677,-8.21976,-0.4835153,-1.6324625
1500078553740,-11.063405,0.023936402,-2.1973617
1500078553804,-11.197449,1.0962871,-3.0877957
1500078553869,-11.025106,1.1537346,-2.714388
1500078553932,-10.546378,-2.5420458,-2.561195
1500078553996,-8.995299,-2.2356598,0.16755481
1500078554059,-11.245321,0.90479594,-1.4792696
1500078554123,-8.784659,3.3175852,0.90479594
1500078554187,-8.641041,0.081383765,-1.0771381
1500078554250,-11.570856,-2.3984275,-2.494173
1500078554314,-11.762347,-4.935686,-1.7473572
1500078554378,-12.212352,-3.4420545,-0.9718179
1500078554441,-12.164479,-2.3984275,-0.13883112
1500078554505,-8.34423,-1.1058618,0.78032666
1500078554569,-12.5474615,-1.5654407,-1.1537346
1500078554632,-12.394268,-0.5313881,-1.3643749
1500078554696,-10.0868,-0.0718092,-0.014361841
1500078554760,-9.62722,-0.78032666,-0.6079846
1500078554824,-9.215514,-0.30159867,-1.5558661
1500078554887,-8.21976,-0.8664977,-1.3930986
1500078554951,-9.6942425,-1.9771467,-1.4601204
1500078555016,-9.330409,-2.015445,-0.37819514
1500078555078,-11.7049,-0.13883112,-1.2016073
1500078555142,-10.795317,-0.05266008,-1.622888
1500078555206,-10.259142,-0.98139244,-0.4356425
1500078555269,-10.670848,-2.2835326,-0.359046
1500078555333,-10.862339,-3.2505634,0.17712937
1500078555397,-12.078308,-3.1548176,-0.33032233
1500078555461,-12.288948,-2.8580062,-0.09095833
1500078555524,-9.780414,-1.3548003,-0.37819514
1500078555588,-13.045339,-0.77075213,-1.6611862
1500078555652,-11.771922,-0.15798025,-0.8664977
1500078555715,-10.977234,0.4835153,-0.751603
1500078555779,-11.953838,-0.359046,-2.2931073
1500078555843,-10.92936,-0.110107444,-3.3941817
1500078555907,-6.9271946,-0.83777404,-2.1399143
1500078555970,-6.1995277,-2.6569405,-1.5462915
1500078556034,-5.8165455,-3.5378,0.91437054
1500078556098,-11.647452,-1.4888442,-0.76117754
1500078556162,-12.413418,0.30159867,-0.69415563
1500078556225,-10.335738,1.6324625,0.42606795
1500078556289,-11.561282,-1.2590547,0.6079846
1500078556353,-10.699572,-4.2080193,0.78990126
1500078556416,-10.374036,-2.8580062,-0.8952214
1500078556480,-10.0868,0.0,-0.5888355
1500078556544,-7.0803876,0.45479164,-0.90479594
1500078556607,-8.909128,-0.33032233,-3.4899273
1500078556671,-7.089962,-0.6845811,-3.7963133
1500078556735,-8.066567,1.4218222,-4.284616
1500078556799,-7.8176284,1.622888,-4.2175937
1500078556862,-7.8367777,2.9250283,-2.9920502
1500078556926,-8.842107,4.7058964,-2.7048132
1500078556990,-10.785743,5.0601554,-2.7814097
1500078557053,-11.446387,2.321831,-2.2069361
1500078557117,-10.747444,0.8952214,-1.8143792
1500078557181,-11.274045,0.8856468,-1.7665064
1500078557245,-10.565528,0.98139244,-1.79523
1500078557308,-10.0868,3.4899273,-0.7994758
1500078557372,-10.19212,3.173967,-1.3930986
1500078557436,-10.776168,3.173967,-1.6420372
1500078557499,-10.737869,5.433563,-1.4313968
1500078557563,-9.971905,7.2240057,-1.3165021
1500078557627,-9.5889225,6.6878304,-0.5888355
1500078557691,-7.999545,5.2899446,0.6750065
1500078557754,-6.9559183,4.476107,-0.36862057
1500078557818,-7.3006024,3.059072,-2.7048132
1500078557882,-8.506997,-5.605905,-8.909128
1500078557946,-10.19212,10.19212,1.4409714
1500078558009,-9.722966,5.0314317,-2.3792782
1500078558073,-12.920869,2.1111906,4.1122737
1500078558137,-8.9761505,3.6622694,-2.4845984
1500078558201,-9.024023,3.126094,-1.7856555
1500078558265,-9.052747,3.518651,-1.3643749
1500078558328,-8.459125,4.619725,-2.1399143
1500078558392,-8.899554,3.1643922,-1.6707608
1500078558455,-9.301685,3.2505634,-1.8814012
1500078558519,-8.995299,3.1356685,-2.0537431
1500078558583,-8.842107,3.6239712,-1.9196993
1500078558647,-8.583593,3.6431203,-2.1782124
1500078558710,-9.244238,2.6282167,-1.2877784
1500078558774,-9.18679,2.427151,-2.3122563
