1500077630361,6.6495323,-7.549541,-0.6845811
1500077630424,6.8888965,-7.5974135,-0.30159867
1500077630488,7.7123084,-6.6016593,0.0718092
1500077630552,8.717637,-5.873993,2.5420458
1500077630616,8.583593,-4.6675982,5.1271772
1500077630679,5.1176023,-5.3952646,4.0644007
1500077630752,2.1111906,-5.261221,0.7994758
1500077630807,-0.0718092,-5.988888,-0.45479164
1500077630871,2.1973617,-4.696322,-1.709059
1500077630934,6.745278,-4.801642,-2.3314054
1500077630998,8.995299,-5.5580325,-5.17505
1500077631062,15.888983,-3.911208,-1.6420372
1500077631126,17.669851,-3.9686553,-0.91437054
1500077631189,14.290031,-2.2643836,1.8335283
1500077631253,12.327247,-2.714388,0.16755481
1500077631317,9.196365,-5.644203,1.2111819
1500077631380,7.348475,-7.1474094,0.7324539
1500077631444,7.4920936,-7.511243,-0.19627848
1500077631508,7.664436,-7.2144313,0.70373017
1500077631572,6.6878304,-8.44955,-0.9526688
1500077631635,5.088879,-9.5219,-1.7856555
1500077631699,3.3367343,-9.004874,-0.78032666
1500077631763,1.1154363,-9.579348,-1.3739494
1500077631827,-0.4356425,-9.167642,-0.7324539
1500077631890,-0.90479594,-10.680422,-1.9867213
1500077631954,-0.03351096,-7.9037995,1.1537346
1500077632018,1.8909757,-6.8410234,4.428234
1500077632081,1.3260766,-3.2601378,6.094208
1500077632145,-1.6899099,-3.3175852,5.941015
1500077632209,-3.6335456,-7.721883,6.47719
1500077632273,-6.4676156,-9.033598,4.5335546
1500077632336,-5.0314317,-8.028269,4.935686
1500077632400,-3.5090764,-6.1229315,5.682502
1500077632464,-3.059072,-7.9899707,6.37187
1500077632527,-4.0644007,-7.808054,8.880404
1500077632591,-5.873993,-6.0367603,5.7686725
1500077632655,-6.113357,-3.2505634,5.462287
1500077632719,-6.4005938,-3.9878044,4.610151
1500077632782,-7.051664,-4.4186597,4.4186597
1500077632846,-7.2144313,-3.7101421,3.3558834
1500077632910,-6.027186,-1.79523,1.0771381
1500077632974,-2.4175766,-7.8846507,2.254809
1500077633037,1.4792696,-14.175137,-0.7228793
1500077633101,0.15798025,-7.5303917,3.4324799
1500077633174,-0.76117754,-10.891063,2.4463003
1500077633229,-1.0292653,-9.85701,6.151655
1500077633292,0.09095833,-10.278291,8.248484
1500077633356,0.78990126,-11.4272375,9.158067
1500077633420,0.0,-7.3867736,9.253813
1500077633484,-1.5367169,-7.5782647,5.376116
1500077633547,-2.819708,-8.631466,0.110107444
1500077633611,-1.5654407,-6.9942164,0.64628285
1500077633675,-1.4409714,-11.484685,0.10053288
1500077633738,2.5994933,-15.381532,5.088879
1500077633802,3.365458,-12.9591675,6.4293175
1500077633866,-0.2154276,-5.500585,4.1026993
1500077633930,-2.3122563,-2.1207652,0.062234644
1500077633993,-1.2782038,-1.2303311,-3.3941817
1500077634057,5.0122824,-12.968742,-4.2175937
1500077634121,3.1835413,-19.11561,-1.5845897
1500077634185,-0.93351966,-14.366628,1.9388485
1500077634248,-0.751603,-8.755936,0.7228793
1500077634312,0.6845811,-7.9420977,3.6814184
1500077634376,1.3356512,-7.8176284,4.1601467
1500077634439,3.1835413,-8.736787,6.764427
1500077634503,2.800559,-5.586756,8.104865
1500077634567,2.101616,-4.926111,6.5537868
1500077634630,-1.0005416,-2.647366,4.6388745
1500077634694,-1.5175679,-1.7473572,6.5346375
1500077634758,1.6994845,-1.1920328,10.000628
1500077634821,5.3952646,1.1920328,11.226172
1500077634885,8.210186,-1.3356512,4.8973875
1500077634949,11.484685,-4.236743,-0.59841
1500077635013,8.918703,-8.018694,-4.8782387
1500077635076,6.525063,-7.6261373,-2.475024
1500077635140,6.180379,-6.5729356,-4.6388745
1500077635204,4.7058964,-6.5825105,-3.9207826
1500077635268,6.783576,-4.935686,-3.7963133
1500077635331,7.0708127,-3.911208,-2.1399143
1500077635395,8.392102,-3.2792869,-2.0920415
1500077635458,11.360216,-2.9154537,-3.2984362
1500077635523,12.5474615,-3.4899273,-1.948423
1500077635586,12.0400095,-5.500585,-2.0728924
1500077635651,9.8953085,-9.18679,-3.9495063
1500077635713,8.334655,-8.813383,-3.8633351
1500077635777,8.918703,-7.243155,-5.002708
1500077635841,10.182545,-6.4676156,-4.7250457
1500077635905,11.226172,-2.6952388,-1.1058618
1500077635968,12.154904,-1.7377827,-2.7239625
1500077636032,11.7049,-0.014361841,-3.9590807
1500077636097,11.417664,-0.46436617,-3.4420545
1500077636160,9.98148,-8.880404,-2.3026817
1500077636223,7.8846507,-11.810221,-4.2654667
1500077636287,4.543129,-6.7357035,-0.78032666
1500077636351,-4.9835587,-13.485768,2.0824668
1500077636414,-4.08355,-11.005958,6.0367603
1500077636478,1.0388398,-7.9420977,-3.126094
1500077636542,-4.495256,-2.800559,0.77075213
1500077636605,6.2474008,-5.5580325,-0.8664977
1500077636669,15.707067,-3.604822,-9.876159
1500077636733,16.894312,-11.743198,-9.2825365
1500077636797,9.263388,-2.666515,-1.1250108
1500077636860,7.9516726,-4.2175937,-3.6622694
1500077636924,5.9027166,-4.954835,-6.2761245
1500077636988,7.5208173,-6.391019,-3.8537605
1500077637051,7.2144313,-7.348475,-5.376116
1500077637115,6.285699,-8.152739,-7.9420977
1500077637179,6.9080453,-6.065484,-7.4154973
1500077637243,6.6208086,-6.103782,-6.2665496
1500077637306,7.616563,-5.38569,-4.887813
1500077637370,11.848518,-3.3941817,-4.1601467
1500077637434,6.5729356,-3.2984362,-5.9697385
1500077637498,-4.150572,-3.690993,-3.5473747
1500077637561,0.00478728,3.930357,3.0973704
1500077637625,7.961247,-4.7537694,-8.076141
1500077637689,11.848518,-4.131423,-3.4420545
1500077637752,12.317672,-7.2144313,-10.622974
1500077637816,6.783576,-6.37187,-11.350641
1500077637880,6.094208,-5.376116,-7.4154973
1500077637944,6.0080366,-6.094208,-4.08355
1500077638007,6.8122997,-0.13883112,-3.0303483
1500077638071,6.5346375,-0.16755481,-5.960164
1500077638135,9.196365,-2.513322,-4.7537694
1500077638199,12.9591675,-0.64628285,-1.4505459
1500077638262,10.412334,-0.9718179,-4.3612123
1500077638326,10.632549,-0.22500217,-5.49101
1500077638390,9.158067,1.0484143,-4.7441945
1500077638453,8.727212,0.8281995,-4.1888704
1500077638517,10.919786,-0.2920241,-2.905879
1500077638581,10.843189,-0.7228793,-2.9920502
1500077638644,9.933606,-0.9526688,-3.825037
1500077638708,9.0814705,-2.3505547,-4.6867476
1500077638772,8.928278,-1.4313968,-5.979313
1500077638836,7.3676243,-0.014361841,-5.835695
1500077638899,8.305931,-0.062234644,-3.059072
1500077638963,8.506997,-0.70373017,-3.9207826
1500077639027,8.985725,-1.6994845,-4.926111
1500077639090,8.277207,-3.6526947,-5.8931417
1500077639154,8.870831,-4.0931244,-5.28037
1500077639218,7.846352,-1.6324625,-3.1643922
1500077639282,7.846352,-1.7282082,-2.3984275
1500077639345,10.163396,-3.078221,-7.9037995
1500077639409,10.172971,-3.4612036,-3.0016246
1500077639473,6.410168,-3.4324799,-4.868664
1500077639536,1.0292653,-3.3175852,-4.7441945
1500077639600,5.759098,-5.347392,-6.8601727
1500077639665,8.1623125,-0.77075213,-3.2218397
1500077639728,10.259142,-1.4601204,-6.2952733
1500077639791,10.2016945,-0.9718179,-6.323997
1500077639855,8.822957,-4.342063,-5.433563
1500077639919,12.011286,-0.12925656,-4.2175937
1500077639982,11.590006,-1.5654407,-3.1069448
1500077640046,10.632549,-2.9250283,-3.1835413
1500077640110,5.5101595,-5.3186684,-3.7867386
1500077640174,5.1654754,-4.5527034,-3.0111992
1500077640238,12.7964,-0.2920241,-2.6090677
1500077640310,4.6005764,-2.5707695,-1.2399056
1500077640365,12.748528,-3.5378,-2.7814097
1500077640429,10.584677,-3.3271596,-2.3697038
1500077640492,10.938935,-5.2707953,-4.6771727
1500077640556,10.163396,-5.309094,-3.5760984
1500077640621,6.333572,-4.3995104,-2.800559
1500077640684,4.4090853,-5.222923,-3.1548176
1500077640748,5.960164,-0.83777404,-1.929274
1500077640812,7.8655014,-6.0463347,-5.155901
1500077640875,9.225089,-5.6250544,-0.5792609
1500077640938,8.746361,-6.0750585,-4.3612123
1500077641002,8.602742,-2.5420458,-1.5558661
1500077641066,7.7984796,-3.7388659,-4.476107
1500077641130,8.34423,1.1345854,-1.4122477
1500077641193,9.617646,-0.7994758,-0.56011176
1500077641257,10.594251,-1.8814012,-1.8143792
1500077641321,10.785743,0.47394073,-0.27287498
1500077641384,10.517654,2.494173,-1.3260766
1500077641448,11.187874,6.1612296,-6.285699
1500077641512,9.770839,0.9526688,-3.5282254
1500077641575,10.144247,5.4718614,-0.28244954
1500077641639,11.187874,5.5771813,-0.6750065
1500077641703,9.943181,1.7186337,-4.6293
1500077641767,11.26447,1.3548003,-3.9495063
1500077641830,11.092129,-0.98139244,-4.1122737
1500077641894,9.483603,-0.062234644,0.77075213
1500077641958,8.526146,0.63670826,4.169721
1500077642021,10.852764,-0.25372586,1.7282082
1500077642085,10.766593,-0.6845811,-2.101616
1500077642149,11.36979,0.49308985,-2.101616
1500077642213,11.944264,-1.6611862,-4.2463174
1500077642276,9.655944,0.751603,-3.8537605
1500077642340,9.684668,0.023936402,-0.10053288
1500077642404,10.986808,-2.1207652,0.23457673
1500077642468,9.818711,-1.6037389,-1.1250108
1500077642531,10.881488,-2.2643836,1.7665064
1500077642595,10.603826,-5.9697385,0.22500217
1500077642659,10.230418,-5.4239883,2.561195
1500077642722,7.511243,-2.867581,0.56968635
1500077642786,5.941015,-2.8101335,2.6377914
1500077642850,3.1165195,-2.3984275,2.714388
1500077642914,3.4133308,0.16755481,6.218677
1500077642977,9.85701,-2.1973617,7.46337
1500077643041,10.594251,2.1782124,9.100619
1500077643105,6.9654927,-1.709059,-7.549541
1500077643168,1.6899099,-2.5516202,-8.487848
1500077643232,9.129343,-6.304848,-9.464453
1500077643296,12.738953,-2.9250283,-3.1452432
1500077643360,17.047504,-4.610151,0.11968201
1500077643423,12.509163,-7.4920936,3.020774
1500077643487,8.861256,-1.1633091,-5.366541
1500077643551,9.426155,-1.7282082,-1.1537346
1500077643614,9.502751,-0.40691882,-3.0303483
1500077643678,10.220843,-0.20585304,0.26330042
1500077643742,9.85701,-0.5505372,-0.0718092
1500077643805,10.565528,-0.85692316,-2.0728924
1500077643869,10.115523,-0.665432,-3.3558834
1500077643933,9.3878565,0.10053288,-3.173967
1500077643997,8.813383,-0.14840569,-2.0920415
1500077644060,9.426155,-3.499502,-2.6952388
1500077644124,10.479357,-4.2463174,-0.9718179
1500077644188,10.40276,-0.45479164,-1.3452257
1500077644252,9.5219,0.7228793,-2.88673
1500077644315,10.785743,-1.7377827,-2.015445
1500077644379,10.555953,-6.47719,-1.2016073
1500077644443,10.958084,-3.499502,-4.610151
1500077644506,9.665519,-2.7622607,-5.500585
1500077644570,4.954835,1.9771467,-4.3995104
1500077644634,2.5420458,1.2973529,1.5654407
1500077644698,8.727212,-6.3431463,-1.9388485
1500077644761,13.390023,-5.49101,-5.2133484
1500077644825,11.216598,-1.5175679,-2.6282167
1500077644889,10.766593,3.518651,-1.1058618
1500077644952,9.41658,0.23457673,-0.8856468
1500077645016,9.033598,-2.254809,-2.8963046
1500077645080,8.028269,-4.275041,-4.8973875
1500077645144,7.654861,-2.9441774,-3.2218397
1500077645207,9.100619,-0.4164934,-3.6526947
1500077645271,10.450633,-0.023936402,-3.8920588
1500077645335,12.384694,-1.4313968,-0.93351966
1500077645398,8.842107,-4.284616,-3.825037
1500077645462,7.693159,-2.7814097,-4.9069624
1500077645526,8.880404,-2.561195,-4.9069624
1500077645590,9.004874,-0.90479594,0.6558574
1500077645653,11.59958,-1.4505459,-3.059072
1500077645718,12.825124,-5.988888,-2.6186423
1500077645782,12.872996,-6.065484,-6.525063
1500077645845,5.2899446,0.665432,-3.3271596
1500077645908,-3.5569491,-0.8664977,-0.91437054
1500077645972,7.2144313,-5.232497,-4.4186597
1500077646036,9.952756,-1.8909757,-5.5580325
1500077646099,8.44955,-0.78990126,-2.819708
1500077646163,11.771922,-2.6377914,-3.7292912
1500077646227,10.862339,-4.275041,-7.1091113
1500077646291,11.551707,-0.14840569,0.78032666
1500077646354,9.608071,-3.4229054,-5.1271772
1500077646418,9.426155,-1.3260766,-2.867581
1500077646482,7.1186857,1.5750152,-2.714388
1500077646545,10.211268,0.50266445,-4.045252
1500077646609,10.316589,-0.78990126,-5.041006
1500077646673,9.531475,-1.5175679,-0.6079846
1500077646737,9.225089,-1.4505459,-2.2835326
1500077646800,10.0868,0.4356425,-1.8431029
1500077646864,9.560199,-0.19627848,-4.9452605
1500077646928,9.608071,-3.9207826,-5.7303743
1500077646991,7.5399666,-1.0675635,-0.359046
1500077647055,9.129343,-1.1633091,-4.303765
1500077647119,8.085716,2.6569405,-2.2643836
1500077647183,9.952756,2.6952388,-2.5228968
1500077647246,10.450633,1.6994845,-1.5750152
1500077647310,12.442142,1.3643749,-0.8186249
1500077647374,9.876159,-0.32074776,-1.9196993
1500077647437,8.813383,3.7005677,-0.751603
1500077647501,9.665519,-6.544212,-4.954835
1500077647565,8.822957,2.5037475,-4.6293
1500077647629,11.7049,0.8664977,2.5037475
1500077647692,10.182545,6.7931504,1.0196906
1500077647756,8.746361,1.3356512,-1.14416
1500077647820,10.058076,-1.5558661,-5.309094
1500077647883,10.335738,0.69415563,-2.6760898
1500077647947,10.2016945,1.0962871,3.844186
1500077648011,12.25065,-0.03351096,-1.1058618
1500077648075,9.18679,-4.322914,-3.9686553
1500077648138,5.1176023,-2.6282167,-2.321831
1500077648202,7.2718787,1.9579976,-1.0962871
1500077648266,11.235746,-0.36862057,-1.7856555
1500077648330,10.584677,-0.23457673,0.11968201
1500077648393,13.638962,3.4707782,-0.85692316
1500077648457,12.394268,3.4899273,0.90479594
1500077648521,12.422992,-4.6388745,-6.37187
1500077648584,14.127264,-3.1835413,-7.0803876
1500077648648,8.564445,-1.7569319,-5.6633525
1500077648712,3.4324799,-2.9824755,-4.993133
1500077648775,2.1207652,-1.3643749,-2.1207652
1500077648839,5.672927,-3.9207826,-4.150572
1500077648903,12.528313,-6.4197426,-3.3080106
1500077648967,12.107032,0.5888355,-1.7377827
1500077649030,11.302769,2.647366,-1.9579976
1500077649094,8.420826,-2.1111906,-7.348475
1500077649158,11.618729,-3.3271596,-6.611234
1500077649221,13.600663,-9.253813,-0.44521707
1500077649285,10.862339,-4.6388745,1.5654407
1500077649349,10.412334,-0.44521707,-1.14416
1500077649413,9.31126,-0.5792609,-1.8335283
1500077649476,9.31126,-3.4133308,-2.6090677
1500077649540,10.479357,-2.3505547,-0.09095833
1500077649604,10.469782,-4.2175937,-0.043085523
1500077649668,9.914457,-4.1122737,0.03351096
1500077649731,6.745278,-2.4654493,0.23457673
1500077649795,4.954835,-2.3505547,1.8335283
1500077649859,1.862252,-0.03351096,-1.2399056
1500077649922,8.526146,-2.2260852,-0.20585304
1500077649986,9.675094,-4.2175937,-0.081383765
1500077650050,11.4272375,-5.692076,0.18670394
1500077650114,9.5889225,-2.8963046,0.023936402
1500077650177,10.287866,-2.1111906,-0.6271337
1500077650241,10.058076,-1.2303311,-2.4367256
1500077650305,10.335738,-1.469695,0.44521707
1500077650368,9.560199,-1.1633091,-1.5462915
1500077650432,9.512326,1.6707608,-1.7665064
1500077650496,10.278291,0.8473486,-4.303765
1500077650559,10.307014,0.26330042,-3.2409887
1500077650623,10.326163,1.6420372,0.5313881
1500077650687,12.968742,-0.9430942,-1.1920328
1500077650751,11.302769,1.4122477,-1.9771467
1500077650815,13.457045,-3.4037561,-3.9878044
1500077650879,11.503835,0.8281995,-1.9579976
1500077650942,9.3878565,-4.5335546,-1.7377827
1500077651006,6.6016593,-4.926111,-2.6952388
1500077651069,8.516571,-4.5718527,-3.020774
1500077651133,10.421909,-3.9878044,-1.8239537
1500077651197,4.0356774,-2.3026817,-1.5175679
1500077651261,-0.6750065,2.2643836,-0.61755913
1500077651325,4.236743,-3.1643922,1.3930986
1500077651389,11.666602,-7.2623043,0.42606795
1500077651452,12.308098,-6.256975,1.2207564
1500077651515,9.799562,-3.7675896,3.8346114
1500077651579,9.225089,-6.8122997,0.9526688
1500077651643,7.6069884,-7.434646,-0.77075213
1500077651706,8.353804,-3.1835413,1.6516117
1500077651770,7.721883,-3.0877957,2.4175766
1500077651834,9.110194,-3.8729098,3.2026904
1500077651898,7.9133744,-3.9207826,2.800559
1500077651961,9.368708,-5.7112255,3.3175852
1500077652025,8.526146,-4.696322,2.561195
1500077652089,8.535721,-3.5856729,2.2069361
1500077652152,9.502751,-2.8484318,3.5090764
1500077652216,9.684668,-3.384607,4.1888704
1500077652280,9.119769,-3.039923,2.4558747
1500077652344,8.4686985,-6.3814445,1.6420372
1500077652407,7.5782647,-5.1846247,3.8346114
1500077652471,8.66019,-5.7208,3.078221
1500077652535,8.430401,-5.347392,2.4845984
1500077652598,7.4059224,-5.002708,2.7718353
1500077652662,8.506997,-3.6431203,3.690993
1500077652726,6.4197426,-7.4920936,-5.2037735
1500077652790,7.3389006,-4.495256,-0.751603
1500077652853,6.486765,-5.2516465,-2.015445
1500077652917,10.421909,-3.7484405,0.76117754
1500077652981,14.242159,-3.4707782,-0.5505372
1500077653045,10.29744,-5.8165455,-9.397431
1500077653108,7.4250717,-5.9027166,-7.702734
1500077653172,4.2175937,-2.7718353,-7.3867736
1500077653236,5.6633525,-3.5473747,-4.5910015
1500077653300,7.0133657,-4.016528,-4.849515
1500077653363,5.433563,-4.83994,-4.96441
1500077653427,4.1026993,-3.7005677,-4.303765
1500077653491,7.051664,-2.5707695,-8.593168
1500077653554,10.498506,-3.1069448,-4.5910015
1500077653618,3.8824842,-4.0261025,-6.9559183
1500077653682,5.041006,-3.9686553,-6.065484
1500077653745,7.2144313,-2.8484318,-3.9878044
1500077653809,7.243155,-7.2718787,-5.9218655
1500077653873,7.635712,-10.345312,-4.6293
1500077653937,7.310177,-7.4250717,-0.76117754
1500077654000,9.119769,-8.00912,2.494173
1500077654064,7.137835,-6.4963393,1.4313968
1500077654128,6.9654927,-5.988888,0.56011176
1500077654192,4.7441945,-10.326163,1.1824582
1500077654255,3.7197168,-15.257062,4.1792955
1500077654319,2.6090677,-2.0537431,5.1367517
1500077654383,4.9069624,-2.0537431,0.9526688
1500077654446,7.0325146,-8.506997,-0.3398969
1500077654510,7.8272033,-7.4729443,2.5516202
1500077654574,7.501668,-5.299519,-1.2590547
1500077654637,8.133589,-10.709146,-5.079304
1500077654701,9.904882,-11.015532,-2.5420458
1500077654765,8.995299,-2.7909844,-1.6324625
1500077654829,7.0803876,-5.9697385,-4.7537694
1500077654892,8.066567,-7.7601814,-2.513322
1500077654956,10.105948,-6.4484663,-1.2207564
1500077655020,7.5782647,-3.3941817,-1.4409714
1500077655083,-0.16755481,-1.6516117,-1.9005502
1500077655147,3.604822,-9.617646,0.9622433
1500077655211,7.4442205,-8.018694,0.42606795
1500077655275,6.7357035,-5.500585,3.231414
1500077655338,6.869747,-7.721883,4.466532
1500077655402,6.0559096,-7.12826,5.979313
1500077655466,4.303765,-5.941015,5.3186684
1500077655529,3.5569491,-7.204857,4.7920675
1500077655593,2.408002,-6.438892,4.658024
1500077655657,4.0069537,-7.808054,6.3622956
1500077655720,7.12826,-8.018694,7.3389006
1500077655784,6.611234,-5.328243,6.7740016
1500077655848,7.2144313,-7.176133,8.870831
1500077655912,6.3431463,-6.8027253,4.476107
1500077655976,1.9388485,-3.4707782,5.0505805
1500077656039,1.9101248,-4.2080193,10.287866
1500077656104,2.6856642,-6.6878304,5.6633525
1500077656167,2.2739582,-8.248484,5.567607
1500077656230,4.016528,-6.438892,6.065484
1500077656294,4.342063,-6.2474008,5.155901
1500077656358,2.752686,-5.5580325,4.6771727
1500077656421,2.254809,-6.304848,6.304848
1500077656485,3.0111992,-7.549541,7.9133744
1500077656549,3.0494976,-7.051664,8.382527
1500077656612,3.384607,-6.8888965,7.2527294
1500077656676,2.647366,-6.7931504,5.8931417
1500077656740,3.1165195,-7.6261373,5.433563
1500077656804,4.0548263,-8.200611,5.3952646
1500077656867,3.7101421,-7.7123084,4.543129
1500077656931,3.0686467,-7.6835847,4.131423
1500077656995,3.5760984,-8.21976,4.5718527
1500077657058,3.9686553,-7.855927,4.7441945
1500077657122,4.121848,-7.46337,4.83994
1500077657186,3.8346114,-7.329326,4.8303657
1500077657250,4.2654667,-8.688913,5.1367517
1500077657313,4.763344,-7.0708127,5.462287
1500077657377,4.045252,-7.02294,5.2037735
1500077657441,3.8729098,-6.7740016,5.38569
1500077657505,3.2026904,-6.4484663,5.222923
1500077657568,3.7005677,-8.124015,5.586756
1500077657632,3.8058877,-7.0612383,5.519734
1500077657696,2.6186423,-7.329326,4.4473834
1500077657759,1.862252,-8.191036,4.0069537
1500077657823,1.8526775,-8.861256,4.916537
1500077657887,2.9250283,-8.928278,5.586756
1500077657951,3.825037,-8.6697645,5.49101
1500077658014,4.2175937,-7.9516726,4.935686
1500077658078,4.543129,-7.7123084,4.993133
1500077658142,5.414414,-5.9218655,4.8973875
1500077658205,6.3814445,-5.5963306,4.150572
1500077658269,6.4676156,-6.027186,3.126094
1500077658333,6.5059137,-5.8931417,3.1835413
1500077658397,7.243155,-5.998462,3.518651
1500077658460,7.5974135,-6.391019,3.4324799
1500077658524,7.9325233,-6.678256,4.2080193
1500077658588,7.501668,-5.586756,3.9016335
1500077658651,6.745278,-4.5144053,3.5856729
1500077658715,6.821874,-4.7058964,3.7484405
1500077658779,7.875076,-4.9452605,3.9686553
1500077658843,7.501668,-4.935686,4.08355
1500077658906,7.846352,-4.782493,4.236743
1500077658970,7.348475,-4.9452605,3.7005677
1500077659034,6.3527207,-5.3186684,3.518651
1500077659097,5.414414,-6.094208,3.8920588
1500077659161,5.3378177,-6.132506,4.5718527
1500077659225,5.079304,-5.82612,5.2707953
1500077659288,5.06973,-6.458041,4.150572
1500077659352,6.0463347,-7.003791,2.3026817
1500077659416,8.104865,-5.9697385,2.3888528
1500077659480,10.307014,-6.304848,0.512239
1500077659543,11.092129,-7.0708127,-0.83777404
1500077659607,10.077225,-6.094208,0.71330476
1500077659671,8.679339,-3.8824842,1.3930986
1500077659734,8.00912,-6.218677,2.7814097
1500077659798,7.5782647,-8.143164,1.776081
1500077659862,6.8601727,-10.029352,-0.26330042
1500077659926,5.194199,-8.248484,0.0
1500077659989,3.7867386,-7.9899707,0.30159867
1500077660053,2.4845984,-7.4729443,1.6994845
1500077660117,2.015445,-6.6208086,4.0548263
1500077660181,2.2835326,-6.6878304,4.7441945
1500077660244,3.3367343,-5.787822,5.0314317
1500077660308,6.2665496,-7.0803876,6.9463434
1500077660372,6.525063,-7.8176284,6.9942164
1500077660435,5.222923,-6.6016593,6.563361
1500077660499,5.7495236,-6.113357,5.232497
1500077660563,6.716554,-6.458041,4.610151
1500077660626,6.027186,-6.7261286,5.82612
1500077660690,6.0559096,-7.0803876,5.950589
1500077660754,5.376116,-7.693159,6.132506
1500077660818,5.414414,-7.654861,6.8793216
1500077660881,5.299519,-5.8931417,8.124015
1500077660945,3.8633351,-4.045252,6.630383
1500077661009,2.88673,-3.1165195,5.692076
1500077661072,2.800559,-3.4899273,5.500585
1500077661136,2.867581,-6.716554,4.342063
1500077661200,4.5335546,-5.0505805,5.414414
1500077661264,5.155901,-8.439975,3.8346114
1500077661327,4.73462,-3.173967,5.500585
1500077661392,6.391019,-8.4686985,4.5910015
1500077661455,5.5963306,-10.536804,4.1122737
1500077661518,5.5484576,-8.966576,6.898471
1500077661582,3.6143966,-9.531475,5.0984535
1500077661646,1.8718265,-4.0356774,3.997379
1500077661709,1.4792696,-1.8239537,3.8824842
1500077661773,1.7282082,-1.5845897,3.9782298
1500077661837,4.428234,-3.384607,8.191036
1500077661901,6.5729356,-4.6675982,11.455961
1500077661964,6.8027253,-6.544212,9.665519
1500077662028,2.254809,-6.391019,9.119769
1500077662092,1.2494801,-4.849515,7.0995364
1500077662156,1.776081,-6.027186,4.5910015
1500077662219,5.2420716,-5.538883,4.6388745
1500077662283,8.5740185,-4.926111,4.2463174
1500077662347,12.643207,-3.8346114,4.476107
1500077662410,12.154904,-5.6250544,4.715471
1500077662474,8.296356,-3.758015,3.9016335
1500077662538,6.6208086,-3.7484405,4.3133397
1500077662602,6.4484663,-5.873993,3.2505634
1500077662665,6.697405,-5.9027166,3.2601378
1500077662729,7.961247,-5.5484576,3.5952475
1500077662793,7.5399666,-6.716554,3.4612036
1500077662856,7.0133657,-4.8207912,4.5527034
1500077662920,7.5591154,-4.2941904,5.1846247
1500077662984,7.4059224,-4.8782387,4.83994
1500077663047,6.745278,-6.3431463,2.5899186
1500077663111,7.1665583,-7.4729443,0.91437054
1500077663175,9.378282,-8.899554,0.61755913
1500077663239,10.996383,-10.527229,0.13883112
1500077663302,9.052747,-8.794233,0.15798025
1500077663366,4.1409974,-6.7069798,1.0867126
1500077663430,0.56011176,-7.243155,0.63670826
1500077663494,-0.751603,-7.9803963,-1.6899099
1500077663557,-0.23457673,-8.401677,-3.2026904
1500077663621,1.1345854,-9.598496,-3.9878044
1500077663685,-0.28244954,-8.870831,-5.7303743
1500077663748,-1.5558661,-8.736787,-2.0728924
1500077663812,-1.6324625,-7.5208173,1.6516117
1500077663876,-1.4984187,-8.7750845,4.1888704
1500077663940,-0.64628285,-8.526146,5.041006
1500077664003,0.16755481,-9.636795,1.4122477
1500077664067,0.5313881,-10.737869,1.4505459
1500077664131,0.014361841,-8.66019,2.2452345
1500077664196,0.15798025,-9.119769,1.1633091
1500077664258,-0.17712937,-10.06765,0.4356425
1500077664322,-0.2920241,-10.737869,-0.28244954
1500077664386,0.5792609,-7.654861,0.4356425
1500077664449,2.2165108,-8.258059,1.2016073
1500077664513,2.34098,-8.363379,0.33032233
1500077664577,3.844186,-8.430401,0.17712937
1500077664640,6.592085,-7.511243,6.2091026
1500077664704,7.003791,-8.535721,5.529309
1500077664768,5.1367517,-7.808054,2.8388572
1500077664831,4.782493,-7.56869,2.5994933
1500077664895,5.28037,-8.181462,3.4324799
1500077664959,6.1229315,-8.4686985,4.198445
1500077665023,6.2952733,-8.085716,3.2792869
1500077665086,5.3378177,-7.2718787,2.5420458
1500077665150,5.4718614,-6.1612296,4.4856815
1500077665214,5.5771813,-5.9027166,4.456958
1500077665278,6.4197426,-4.772918,4.0356774
1500077665341,8.851681,-4.7441945,4.7250457
1500077665405,9.483603,-3.9016335,3.4324799
1500077665469,9.483603,-2.5899186,4.2463174
1500077665532,9.359133,-3.6239712,3.930357
1500077665596,8.392102,-3.126094,3.8537605
1500077665660,8.095291,-1.6707608,4.8207912
1500077665723,8.076141,-1.1633091,5.232497
1500077665787,8.171887,-1.5462915,5.002708
1500077665851,8.34423,-2.015445,4.5144053
1500077665915,9.0814705,-3.2218397,4.121848
1500077665978,8.459125,-2.2165108,4.1122737
1500077666042,8.277207,-1.6324625,4.73462
1500077666106,8.076141,-2.0824668,4.6675982
1500077666170,8.066567,-2.7431116,4.763344
1500077666233,8.813383,-2.5516202,3.384607
1500077666297,9.483603,-2.8963046,3.930357
1500077666361,9.225089,-5.4718614,2.733537
1500077666433,8.32508,-5.9218655,1.4888442
1500077666488,7.434646,-6.0367603,1.2494801
1500077666552,7.587839,-5.988888,1.7186337
1500077666615,7.1186857,-6.8601727,1.2590547
1500077666679,6.7548523,-7.0612383,1.1728836
1500077666743,6.5825105,-8.411251,0.42606795
1500077666806,5.414414,-9.703817,-1.4601204
1500077666870,4.5527034,-9.225089,-1.5750152
1500077666934,3.6431203,-9.052747,-1.8239537
1500077666998,3.0973704,-9.493176,-2.1111906
1500077667061,3.3941817,-9.809137,-1.9579976
1500077667125,3.499502,-9.62722,-1.7665064
1500077667189,3.499502,-10.153821,-2.2452345
1500077667252,3.4899273,-11.207023,-1.2399056
1500077667316,2.3697038,-10.862339,-1.2207564
1500077667380,1.6803354,-7.9899707,1.0196906
1500077667444,0.46436617,-4.6388745,1.8431029
1500077667507,-1.5175679,-5.146326,-0.15798025
1500077667571,-2.034594,-10.699572,-2.8484318
1500077667635,-0.33032233,-12.365545,1.3356512
1500077667698,-0.110107444,-9.933606,3.5952475
1500077667762,-0.023936402,-11.465536,2.1303396
1500077667826,0.46436617,-10.000628,3.126094
1500077667889,-0.92394507,-8.171887,3.5856729
1500077667953,-2.3888528,-9.071896,1.6420372
1500077668017,-2.427151,-8.6697645,-0.69415563
1500077668081,0.20585304,-10.000628,0.5888355
1500077668144,3.1643922,-8.9761505,1.4792696
1500077668208,3.4324799,-7.4250717,7.0133657
1500077668272,0.64628285,-8.545295,5.0984535
1500077668335,1.4984187,-8.191036,5.605905
1500077668399,1.5367169,-6.304848,5.960164
1500077668463,1.6803354,-8.095291,7.2527294
1500077668527,1.6899099,-6.7931504,9.502751
1500077668590,0.93351966,-6.391019,8.392102
1500077668654,0.359046,-6.697405,8.947427
1500077668718,-0.03351096,-7.482519,7.5591154
1500077668781,-0.22500217,-7.7314577,8.085716
1500077668845,-0.3398969,-8.401677,7.7984796
1500077668909,0.7420284,-5.9027166,7.1857076
1500077668973,2.6952388,-4.4473834,6.1612296
1500077669036,2.7718353,-0.7228793,4.236743
1500077669100,0.5888355,-0.4356425,1.929274
1500077669164,-0.47394073,-15.84111,2.9633265
1500077669227,0.7420284,-12.011286,10.82404
1500077669291,-0.8856468,-9.052747,9.129343
1500077669355,0.46436617,-6.5346375,6.0367603
1500077669419,3.212265,-5.845269,7.2527294
1500077669482,1.9771467,-7.0325146,8.372953
1500077669546,0.8281995,-6.3144226,6.0463347
1500077669610,0.5888355,-7.310177,2.9154537
1500077669673,1.1154363,-6.821874,4.8590894
1500077669737,1.776081,-7.9516726,7.5591154
1500077669801,2.101616,-8.095291,5.7208
1500077669865,2.149489,-8.411251,5.797396
1500077669928,2.9154537,-7.4250717,7.204857
1500077669992,3.212265,-8.55487,8.392102
1500077670056,2.2739582,-4.3995104,7.3197513
1500077670119,3.0877957,-4.772918,8.229335
1500077670183,3.1835413,-5.0122824,9.828286
1500077670247,2.4463003,-4.284616,9.368708
1500077670311,1.9196993,-0.6271337,6.5059137
1500077670374,4.342063,-1.4313968,5.1271772
1500077670438,3.6431203,-3.2026904,6.7357035
1500077670502,2.168638,-3.7675896,9.7899885
1500077670565,2.254809,-4.7537694,10.804892
1500077670629,2.6186423,-3.078221,8.018694
1500077670693,3.231414,-3.1548176,8.621892
1500077670756,2.5324712,-3.7005677,9.8953085
1500077670820,2.561195,-3.2026904,8.957002
1500077670884,3.078221,-4.0739756,8.382527
1500077670948,2.714388,-3.4803526,8.497422
1500077671011,2.5420458,-2.9537518,8.4686985
1500077671075,2.9154537,-2.3505547,8.717637
1500077671139,3.4324799,-3.173967,8.593168
1500077671203,2.8771553,-3.690993,8.066567
1500077671266,2.7431116,-3.758015,8.679339
1500077671330,3.2792869,-3.5473747,7.9420977
1500077671394,3.3941817,-3.4803526,8.037844
1500077671457,3.126094,-4.543129,8.277207
1500077671521,2.6090677,-4.849515,7.721883
1500077671585,3.2888615,-3.5856729,9.359133
1500077671649,3.0494976,-4.3803616,7.5974135
1500077671712,3.3558834,-5.0601554,7.46337
1500077671776,3.231414,-4.466532,7.875076
1500077671840,3.1452432,-5.692076,6.9463434
1500077671903,3.059072,-6.0559096,7.9516726
1500077671967,2.5899186,-5.1176023,7.9037995
1500077672031,3.1069448,-4.648449,7.616563
1500077672095,2.9441774,-4.543129,7.6261373
1500077672158,2.34098,-5.873993,7.3867736
1500077672222,2.513322,-5.366541,8.478273
1500077672286,2.6760898,-6.027186,8.315506
1500077672349,2.5707695,-5.194199,7.9803963
1500077672413,3.1356685,-3.365458,7.2335806
1500077672477,3.8154624,-3.7197168,8.746361
1500077672541,2.8484318,-3.4707782,8.708063
1500077672604,2.8484318,-2.5420458,8.401677
1500077672668,2.8388572,-2.015445,7.12826
1500077672732,4.504831,-3.9495063,6.697405
1500077672795,4.8782387,-3.9495063,9.033598
1500077672859,2.2165108,-4.8782387,8.985725
1500077672923,1.1728836,-5.9027166,7.4250717
1500077672987,0.76117754,-5.2133484,9.004874
1500077673050,2.5899186,-2.972901,11.7049
1500077673114,2.867581,-5.979313,6.592085
1500077673178,2.2356598,-6.0080366,5.8835673
1500077673241,2.0250196,-6.065484,5.0601554
1500077673305,3.078221,-6.3527207,7.2527294
1500077673369,4.5910015,-4.2558923,9.54105
1500077673433,3.9590807,-4.5144053,8.794233
1500077673496,4.3324885,-2.580344,8.688913
1500077673560,2.321831,-6.7261286,6.170804
1500077673624,0.9622433,-8.047418,5.8931417
1500077673687,1.4792696,-7.051664,7.922949
1500077673751,2.819708,-6.304848,7.5208173
1500077673815,2.0728924,-5.644203,8.210186
1500077673879,2.561195,-5.845269,5.9314404
1500077673942,3.8154624,-5.299519,7.0995364
1500077674006,4.0739756,-4.7441945,7.9420977
1500077674070,3.1069448,-4.9452605,7.1474094
1500077674133,2.7048132,-6.7548523,6.831449
1500077674197,2.8771553,-5.998462,7.051664
1500077674261,3.3558834,-6.132506,6.8601727
1500077674325,3.4803526,-6.544212,6.6591067
1500077674388,3.4707782,-5.950589,6.2952733
1500077674452,2.8484318,-6.2091026,6.2474008
1500077674516,2.475024,-6.9942164,8.076141
1500077674580,2.2931073,-7.137835,8.621892
1500077674643,3.3175852,-6.2282515,6.8027253
1500077674707,3.1643922,-6.180379,7.02294
1500077674771,2.0537431,-5.6250544,7.1091113
1500077674834,3.825037,-5.155901,6.218677
1500077674898,4.954835,-6.094208,5.2037735
1500077674962,4.284616,-5.0984535,5.462287
1500077675025,2.034594,-5.49101,5.806971
1500077675089,0.91437054,-8.2676325,8.258059
1500077675153,2.034594,-6.438892,8.727212
1500077675217,1.8239537,-4.275041,9.272962
1500077675281,1.4409714,-4.849515,8.813383
1500077675344,1.7665064,-5.1654754,8.411251
1500077675408,2.7909844,-4.619725,7.396348
1500077675471,2.015445,-4.0644007,7.635712
1500077675535,1.79523,-7.9803963,7.0325146
1500077675599,2.4845984,-5.4431376,6.975067
1500077675663,4.284616,-6.525063,6.37187
1500077675726,3.5569491,-5.1846247,7.5782647
1500077675790,4.0644007,-5.519734,5.8931417
1500077675854,4.428234,-5.9314404,7.8846507
1500077675917,4.96441,-2.5516202,8.459125
1500077675981,3.8154624,-3.4037561,7.3389006
1500077676045,5.1176023,-2.867581,6.544212
1500077676109,4.8782387,-3.9782298,8.679339
1500077676174,4.954835,-3.8537605,9.100619
1500077676236,4.1026993,-3.6622694,6.821874
1500077676301,4.3612123,-3.3175852,7.2718787
1500077676364,4.3803616,-4.0644007,7.204857
1500077676427,4.5527034,-3.5856729,8.334655
1500077676491,5.1846247,-4.3707867,8.947427
1500077676555,4.016528,-4.4090853,7.2623043
1500077676618,3.7867386,-2.1399143,7.9803963
1500077676682,3.758015,-2.5899186,7.7793303
1500077676746,4.954835,-2.427151,8.822957
1500077676809,4.150572,-1.709059,7.5591154
1500077676873,3.9878044,-1.8048047,8.717637
1500077676937,5.6250544,-0.081383765,9.75169
1500077677001,4.466532,-0.8856468,8.602742
1500077677064,4.351638,-0.7324539,6.027186
1500077677128,4.6388745,-0.83777404,7.4250717
1500077677192,4.715471,-2.0250196,8.363379
1500077677255,3.9016335,-3.0877957,8.861256
1500077677319,4.801642,-1.9005502,8.679339
1500077677383,4.428234,-2.666515,8.248484
1500077677447,4.1409974,-3.0016246,9.29211
1500077677510,4.5622783,-3.039923,8.765511
1500077677574,4.2558923,-1.9771467,9.119769
1500077677638,4.2558923,-1.2111819,7.35805
1500077677701,4.6005764,-2.3888528,8.066567
1500077677765,4.4473834,-2.819708,8.191036
1500077677829,4.7537694,-1.1824582,8.152739
1500077677893,4.9835587,-0.751603,7.4920936
1500077677956,4.9069624,-2.1590633,8.363379
1500077678020,4.6293,-1.14416,8.076141
1500077678084,4.5910015,-1.0484143,8.612317
1500077678147,4.9835587,-2.2260852,9.349558
1500077678211,4.2463174,-1.8239537,8.382527
1500077678275,3.8154624,-1.383524,7.434646
1500077678339,4.801642,-0.15798025,8.066567
1500077678402,5.2133484,-0.63670826,8.851681
1500077678466,4.3612123,-0.8856468,7.5591154
1500077678530,4.7537694,-1.5271424,8.124015
1500077678593,4.6388745,-1.5271424,8.784659
1500077678657,4.658024,-1.5462915,7.855927
1500077678721,4.772918,-1.8143792,8.526146
1500077678785,4.619725,-1.1537346,8.353804
1500077678848,4.6867476,-1.6037389,8.717637
1500077678912,4.169721,-2.5420458,8.516571
1500077678976,4.2175937,-1.2590547,8.564445
1500077679039,3.5473747,-0.5888355,9.655944
1500077679103,3.997379,0.3111732,7.8846507
1500077679167,4.428234,-1.2016073,6.0846334
1500077679231,6.3431463,-1.9962958,8.047418
1500077679294,5.6633525,-0.8664977,10.105948
1500077679358,4.4473834,-2.2069361,9.665519
1500077679422,3.9590807,-1.0867126,8.966576
1500077679485,4.2654667,-0.42606795,6.6208086
1500077679549,4.7441945,-0.85692316,6.6878304
1500077679613,4.935686,-0.062234644,7.635712
1500077679677,5.2037735,-1.6324625,7.875076
1500077679740,3.8633351,-3.9878044,8.191036
1500077679804,4.8590894,-4.0739756,8.765511
1500077679868,4.543129,-3.4133308,7.741032
1500077679932,4.1601467,-2.9537518,8.248484
1500077679995,4.1122737,-3.1643922,8.842107
1500077680059,3.9207826,-4.1888704,7.721883
1500077680123,2.1303396,-6.9176197,7.02294
1500077680187,0.4164934,-8.296356,6.7548523
1500077680250,0.71330476,-7.5974135,6.170804
1500077680314,2.187787,-8.085716,4.5910015
1500077680378,3.4803526,-8.985725,0.63670826
1500077680441,4.198445,-10.40276,0.42606795
1500077680505,2.88673,-8.698488,-0.70373017
1500077680569,2.6377914,-9.474028,-1.9867213
1500077680632,2.2835326,-10.450633,-3.4707782
1500077680696,1.6611862,-8.037844,-3.365458
1500077680760,2.2643836,-8.286782,-1.2686293
1500077680824,2.1973617,-9.6942425,-0.83777404
1500077680887,2.3792782,-9.971905,-1.5750152
1500077680951,2.9633265,-9.885734,-0.85692316
1500077681015,3.4420545,-8.9761505,-0.25372586
1500077681078,2.9824755,-9.569773,-1.3739494
1500077681142,2.972901,-9.713391,-1.5941644
1500077681206,2.3984275,-9.225089,-2.819708
1500077681270,1.776081,-9.675094,-3.212265
1500077681333,1.8431029,-11.28362,-0.7420284
1500077681397,2.1399143,-9.014449,0.9622433
1500077681461,2.5707695,-9.138918,1.9101248
1500077681525,2.5324712,-8.372953,3.193116
1500077681588,2.5420458,-7.9516726,4.5239797
1500077681652,3.0303483,-8.372953,3.825037
1500077681716,2.88673,-8.765511,3.020774
1500077681779,2.5899186,-8.813383,2.6569405
1500077681843,2.3792782,-10.06765,0.359046
1500077681907,2.8484318,-9.96233,-1.1633091
1500077681970,3.2026904,-8.7750845,1.0388398
1500077682034,3.1356685,-9.0814705,1.8335283
1500077682098,4.4186597,-11.417664,1.469695
1500077682162,3.7963133,-9.7899885,1.3930986
1500077682225,1.469695,-7.204857,1.2877784
1500077682289,-0.043085523,-6.2091026,2.34098
1500077682353,-1.0867126,-9.062322,-5.347392
1500077682417,-0.59841,-13.581514,-6.8410234
1500077682480,1.7569319,-10.278291,-5.309094
1500077682544,5.481436,-8.497422,-2.0441687
1500077682608,5.7016506,-8.171887,-0.2920241
1500077682672,3.3080106,-10.125097,-3.930357
1500077682735,1.7377827,-9.148493,-0.8090504
1500077682799,1.6324625,-9.713391,2.6569405
1500077682863,3.0303483,-10.699572,4.6005764
1500077682926,1.4601204,-6.47719,4.772918
1500077682990,0.40691882,-1.5845897,4.73462
1500077683054,1.6899099,-8.353804,6.6591067
1500077683117,2.7909844,-10.488931,4.887813
1500077683181,1.2016073,-9.75169,3.212265
1500077683245,1.2303311,-9.052747,3.777164
1500077683309,1.7665064,-7.9899707,4.7058964
1500077683372,2.3026817,-8.545295,4.5239797
1500077683436,1.929274,-8.420826,3.4899273
1500077683500,1.8526775,-7.721883,1.6420372
1500077683563,2.4175766,-9.091045,-2.905879
1500077683627,2.4558747,-10.06765,-6.783576
1500077683691,2.7909844,-8.909128,-5.079304
1500077683755,2.5324712,-9.18679,-4.3803616
1500077683818,2.0920415,-8.497422,-3.2984362
1500077683882,1.8909757,-8.430401,-4.5910015
1500077683946,2.1207652,-8.152739,-4.1601467
1500077684009,1.469695,-8.23891,-6.2665496
1500077684073,2.2643836,-8.296356,-4.6005764
1500077684137,2.6090677,-9.225089,-4.303765
1500077684201,2.513322,-9.2825365,-5.644203
1500077684264,2.5994933,-8.880404,-2.647366
1500077684328,2.0920415,-9.904882,-0.85692316
1500077684392,2.2356598,-11.666602,-0.77075213
1500077684455,1.7473572,-10.469782,0.12925656
1500077684519,0.512239,-1.383524,5.519734
1500077684583,1.4984187,-4.0931244,7.46337
1500077684647,1.7377827,-8.028269,6.2665496
1500077684710,2.8771553,-7.9133744,3.758015
1500077684774,2.0920415,-10.029352,2.867581
1500077684838,1.6133134,-9.943181,0.09095833
1500077684902,2.800559,-10.211268,0.8090504
1500077684965,2.714388,-10.0868,0.0718092
1500077685029,2.408002,-8.822957,-0.78990126
1500077685093,3.2792869,-9.18679,-1.9867213
1500077685157,4.0644007,-9.20594,-0.77075213
1500077685220,4.4856815,-9.435729,0.0
1500077685284,3.8633351,-9.780414,-1.1154363
1500077685348,4.284616,-9.110194,-0.9718179
1500077685411,4.811217,-8.11444,-1.4313968
1500077685475,4.3803616,-8.794233,-1.9196993
1500077685539,2.3314054,-8.9761505,-4.772918
1500077685602,0.7420284,-8.085716,-5.739949
1500077685666,1.1633091,-7.894225,-6.103782
1500077685730,1.862252,-8.171887,-5.7782474
1500077685794,2.7814097,-7.35805,-5.38569
1500077685857,2.2452345,-6.668681,-6.0846334
1500077685921,2.9250283,-7.635712,-6.2091026
1500077685985,4.3707867,-8.171887,-4.1792955
1500077686048,2.3026817,-6.639958,-6.697405
1500077686112,1.3069274,-9.18679,-8.152739
1500077686176,3.3367343,-10.804892,-6.3527207
1500077686240,3.2697124,-8.085716,-2.905879
1500077686303,2.6377914,-8.765511,-3.777164
1500077686367,2.733537,-8.985725,-2.3505547
1500077686431,3.4037561,-10.010203,-0.8186249
1500077686495,3.604822,-10.172971,1.709059
1500077686558,2.8580062,-9.837861,1.2782038
1500077686622,1.8718265,-8.047418,2.4654493
1500077686686,0.36862057,-7.999545,0.751603
1500077686749,-0.39734426,-10.804892,-2.7909844
1500077686813,1.2973529,-11.810221,-0.83777404
1500077686877,1.2111819,-11.072979,0.36862057
1500077686940,-0.3398969,-9.636795,-0.043085523
1500077687004,-1.929274,-8.506997,0.14840569
1500077687068,-2.7431116,-7.894225,-0.18670394
1500077687132,-2.8484318,-5.462287,0.3398969
1500077687196,-2.015445,-4.96441,0.062234644
1500077687260,0.2441513,-9.780414,-1.8335283
1500077687323,4.926111,-11.350641,1.3165021
1500077687386,4.782493,-10.259142,4.1601467
1500077687450,1.8239537,-7.635712,3.1643922
1500077687514,1.1345854,-7.894225,2.149489
1500077687578,1.9675722,-8.420826,2.3505547
1500077687641,3.758015,-8.641041,2.2739582
1500077687705,5.988888,-8.00912,3.346309
1500077687769,9.071896,-6.6878304,4.169721
1500077687832,11.140001,-7.0133657,5.021857
1500077687896,7.635712,-7.8655014,6.745278
1500077687960,6.0367603,-5.328243,5.634629
1500077688024,6.831449,-4.696322,4.610151
1500077688087,8.23891,-5.692076,4.0261025
1500077688151,8.210186,-5.3186684,3.8633351
1500077688215,6.630383,-1.9675722,5.3186684
1500077688278,8.5740185,-3.6526947,5.7112255
1500077688342,10.689997,-8.995299,5.49101
1500077688406,9.483603,-9.5219,3.2792869
1500077688470,5.950589,-9.3878565,1.5079932
1500077688533,1.4026731,-8.736787,1.5367169
1500077688597,-3.1356685,-9.483603,2.034594
1500077688661,-4.5239797,-7.9037995,3.9399316
1500077688725,-1.9388485,-8.535721,3.3367343
1500077688789,0.043085523,-9.493176,2.408002
1500077688853,-0.30159867,-5.634629,2.0537431
1500077688917,-1.3260766,-4.993133,1.6803354
1500077688979,-1.622888,-3.604822,3.2601378
1500077689043,-2.1111906,-5.462287,3.2218397
1500077689107,0.32074776,-6.0750585,4.5144053
1500077689171,2.513322,-11.858093,6.2474008
1500077689234,2.9537518,-15.410255,7.1857076
1500077689298,2.0728924,-11.551707,2.7239625
1500077689362,0.9430942,-11.005958,1.2590547
1500077689425,0.91437054,-8.746361,0.50266445
1500077689489,3.3175852,-9.0814705,-1.5175679
1500077689553,3.777164,-11.513409,-2.513322
1500077689617,0.014361841,-10.0868,-4.3803616
1500077689680,-1.6324625,-8.545295,-4.887813
1500077689744,-1.1250108,-8.334655,-5.299519
1500077689808,-0.081383765,-7.8367777,-4.7537694
1500077689871,-0.14840569,-8.11444,-5.155901
1500077689935,0.28244954,-6.611234,-5.2707953
1500077689999,1.1537346,-8.861256,-6.1899533
1500077690063,2.321831,-7.922949,-4.935686
1500077690126,0.8760723,-5.7686725,-4.495256
1500077690190,0.59841,-4.5718527,-4.0739756
1500077690254,0.023936402,-5.309094,-4.868664
1500077690318,2.8484318,-8.909128,-9.244238
1500077690382,3.7867386,-13.811303,-11.838944
1500077690445,3.4133308,-10.029352,-6.525063
1500077690509,2.5899186,-7.6740103,-5.347392
1500077690572,2.0728924,-7.693159,-4.1888704
1500077690636,0.39734426,-7.1665583,-0.18670394
1500077690700,-0.70373017,-10.5080805,-0.93351966
1500077690764,2.5228968,-11.618729,1.0484143
1500077690827,2.0728924,-10.82404,-1.9101248
1500077690891,3.4420545,-9.148493,-0.46436617
1500077690955,4.887813,-9.64637,0.8952214
1500077691018,4.581427,-9.110194,0.00478728
1500077691082,2.0441687,-7.4920936,-1.6037389
1500077691146,0.0718092,-6.3814445,-2.0441687
1500077691210,-0.8281995,-7.549541,-1.79523
1500077691273,0.9622433,-11.4272375,-1.5175679
1500077691337,3.0303483,-13.907049,-2.7239625
1500077691401,3.825037,-10.479357,-1.1537346
1500077691464,2.9537518,-8.593168,-1.2973529
1500077691528,2.9154537,-9.177217,-2.4175766
1500077691592,3.1356685,-9.234664,-3.2697124
1500077691656,3.059072,-8.794233,-3.0686467
1500077691720,3.1643922,-8.928278,-2.475024
1500077691783,3.4420545,-9.426155,-2.2931073
1500077691847,3.2888615,-9.2825365,-1.9675722
1500077691911,2.4845984,-8.593168,-2.2643836
1500077691975,2.3026817,-8.66019,-1.6133134
1500077692039,2.800559,-9.617646,-1.3260766
1500077692102,3.5473747,-10.354887,-0.90479594
1500077692165,3.6622694,-9.7899885,-0.6079846
1500077692229,2.8292825,-9.320834,-0.5218136
1500077692294,3.2601378,-9.244238,-0.081383765
1500077692357,3.4420545,-9.62722,-0.5792609
1500077692429,3.1643922,-9.0814705,-0.5218136
1500077692484,2.647366,-9.167642,-0.98139244
1500077692548,2.1303396,-9.004874,-1.4984187
1500077692611,2.752686,-9.234664,-0.2920241
1500077692675,3.3080106,-9.655944,-0.4835153
1500077692739,3.2792869,-9.253813,-1.7377827
1500077692802,3.212265,-9.301685,-0.77075213
1500077692866,2.3792782,-9.474028,-0.2920241
1500077692930,2.149489,-7.9899707,0.49308985
1500077692994,2.8388572,-10.038927,1.5079932
1500077693057,3.1643922,-11.28362,1.0484143
1500077693121,2.752686,-10.163396,0.50266445
1500077693185,3.3750327,-8.918703,0.8090504
1500077693248,3.4324799,-8.794233,0.71330476
1500077693312,3.020774,-9.320834,0.47394073
1500077693376,3.2792869,-8.909128,0.5218136
1500077693440,4.0931244,-9.550624,1.0675635
1500077693503,4.5910015,-10.230418,1.5941644
1500077693567,4.0069537,-10.287866,1.8814012
1500077693631,3.5282254,-9.62722,3.4803526
1500077693695,2.6377914,-9.502751,3.8154624
1500077693758,1.4218222,-8.679339,5.2516465
1500077693822,0.83777404,-7.329326,4.935686
1500077693886,0.3111732,-5.605905,6.5346375
1500077693949,0.09095833,-5.5771813,6.563361
1500077694013,0.23457673,-6.630383,6.438892
1500077694077,-0.110107444,-7.721883,5.041006
1500077694141,-0.98139244,-8.191036,5.538883
1500077694204,-1.5750152,-7.6452866,4.782493
1500077694268,-0.7324539,-9.158067,2.5228968
1500077694332,-0.17712937,-10.843189,-0.8952214
1500077694395,0.3877697,-9.655944,-4.6771727
1500077694459,0.40691882,-9.454879,-0.83777404
1500077694523,0.40691882,-8.889979,0.56011176
1500077694587,0.6079846,-10.182545,-1.1345854
1500077694650,-0.12925656,-10.5080805,-2.101616
1500077694714,0.03351096,-9.924032,-1.9005502
1500077694778,-0.11968201,-10.421909,-1.2590547
1500077694841,-0.8090504,-11.398514,-2.6186423
1500077694905,-1.3930986,-8.478273,1.5750152
1500077694969,-1.8814012,-7.4537954,7.1665583
1500077695033,-0.2154276,-5.7686725,6.304848
1500077695096,2.0058703,-4.8590894,5.1176023
1500077695160,2.5037475,-4.169721,8.037844
1500077695224,2.1590633,-5.088879,8.047418
1500077695287,0.512239,-6.9654927,7.635712
1500077695351,0.83777404,-6.4293175,8.056993
1500077695415,1.8143792,-4.3707867,8.909128
1500077695479,2.427151,-6.2761245,8.056993
1500077695542,1.776081,-5.6633525,7.616563
1500077695606,1.622888,-3.9590807,7.9133744
1500077695670,2.4654493,-3.7292912,9.5219
1500077695734,2.3505547,-3.4612036,8.11444
1500077695797,1.6516117,-4.428234,6.391019
1500077695861,1.5941644,-7.501668,4.0931244
1500077695925,1.6516117,-10.393186,-0.22500217
1500077695988,1.4218222,-11.838944,-3.9016335
1500077696052,1.3548003,-10.000628,-1.1537346
1500077696116,1.1154363,-9.732541,-0.78032666
1500077696180,1.3452257,-10.220843,-1.2590547
1500077696243,2.9441774,-10.374036,0.014361841
1500077696307,3.0973704,-9.655944,0.5792609
1500077696371,2.3122563,-9.904882,-0.5888355
1500077696434,1.3356512,-10.488931,-1.0771381
1500077696498,1.4313968,-11.465536,-0.4164934
1500077696562,2.0250196,-9.454879,0.78032666
