1500081756653,-1.4026731,-5.960164,7.3676243
1500081756717,0.33032233,-0.44521707,8.851681
1500081756781,-1.2399056,-0.70373017,9.96233
1500081756845,0.3398969,-0.18670394,9.512326
1500081756909,0.26330042,0.91437054,9.148493
1500081756973,0.2920241,1.2399056,9.330409
1500081757037,1.0579889,1.3356512,10.058076
1500081757100,0.27287498,0.9718179,8.899554
1500081757164,0.5505372,-0.15798025,14.500671
1500081757180,1.2111819,5.2037735,9.454879
1500081757196,-0.014361841,1.2590547,8.928278
1500081757212,-0.081383765,3.8824842,10.259142
1500081757228,1.1154363,2.3026817,10.594251
1500081757244,1.2207564,2.6282167,9.8953085
1500081757260,1.7473572,0.5888355,9.64637
1500081757276,1.1250108,-1.2111819,8.928278
1500081757292,0.4356425,1.4409714,9.809137
1500081757308,0.30159867,1.8335283,9.924032
1500081757324,0.20585304,0.8856468,9.359133
1500081757340,0.56968635,0.7228793,9.579348
1500081757356,1.1345854,0.665432,9.579348
1500081757372,0.9718179,-0.6845811,8.851681
1500081757388,1.0101161,-0.8760723,6.4963393
1500081757404,1.3069274,1.6516117,6.132506
1500081757420,1.2782038,2.187787,11.771922
1500081757436,-0.50266445,1.0196906,8.717637
1500081757452,0.39734426,-0.99096704,8.55487
1500081757468,0.91437054,-0.37819514,9.54105
1500081757484,0.77075213,0.39734426,9.847435
1500081757500,-0.4835153,-1.1537346,7.9037995
1500081757516,-0.13883112,-3.9016335,7.4729443
1500081757531,1.7665064,-0.5313881,8.7750845
1500081757547,2.2356598,3.0877957,10.728295
1500081757563,1.4122477,5.1654754,11.101703
1500081757579,0.92394507,3.9399316,9.54105
1500081757595,1.4505459,1.2303311,8.937852
1500081757611,1.0771381,0.34947145,8.899554
1500081757627,0.90479594,7.0708127,8.899554
1500081757643,0.50266445,1.6133134,12.892146
1500081757659,1.5462915,0.16755481,7.4537954
1500081757675,2.8388572,-2.580344,9.339984
1500081757691,2.1111906,2.5037475,9.866585
1500081757707,3.4133308,1.9388485,10.354887
1500081757723,1.2016073,1.2207564,9.512326
1500081757739,1.9771467,1.7569319,9.378282
1500081757755,2.867581,2.9250283,9.64637
1500081757771,3.2505634,2.0824668,9.655944
1500081757787,3.5282254,1.948423,9.5219
1500081757803,3.2026904,2.2739582,9.799562
1500081757819,1.8431029,2.2739582,9.435729
1500081757835,0.8281995,1.709059,8.928278
1500081757851,1.3548003,1.4888442,8.909128
1500081757867,1.929274,1.6803354,9.062322
1500081757883,1.7186337,1.9388485,9.091045
1500081757899,1.9196993,1.9771467,9.167642
1500081757915,1.9579976,2.2069361,9.272962
1500081757931,0.5505372,2.034594,9.024023
1500081757947,0.6079846,1.6133134,8.9761505
1500081757963,1.7856555,1.7473572,9.378282
1500081757979,1.8048047,1.8814012,9.397431
1500081757995,1.6803354,1.5654407,9.368708
1500081758011,1.6037389,1.6516117,9.54105
1500081758027,1.4313968,1.6803354,9.579348
1500081758043,1.4409714,1.6324625,9.560199
1500081758058,1.1154363,1.5079932,9.330409
1500081758074,1.1058618,1.469695,9.359133
1500081758091,1.4505459,1.4601204,9.3878565
1500081758107,1.4792696,1.7377827,9.339984
1500081758123,1.3356512,1.6611862,9.407005
1500081758139,1.383524,1.3452257,9.330409
1500081758155,1.3356512,1.3930986,9.320834
1500081758171,1.1920328,1.383524,9.407005
1500081758187,1.0771381,1.6037389,9.2825365
1500081758202,0.92394507,1.6037389,9.320834
1500081758218,1.0388398,1.4313968,9.3878565
1500081758234,1.1537346,1.4026731,9.502751
1500081758250,1.0292653,1.1633091,9.445304
1500081758266,0.91437054,1.0867126,9.368708
1500081758282,0.8856468,1.1633091,9.454879
1500081758298,0.8473486,1.2016073,9.426155
1500081758314,0.5792609,1.3643749,9.3878565
1500081758330,0.64628285,1.3260766,9.445304
1500081758346,0.83777404,1.0675635,9.426155
1500081758362,0.40691882,1.14416,9.454879
1500081758378,0.56011176,1.3260766,9.483603
1500081758394,0.665432,0.7994758,9.445304
1500081758410,0.47394073,0.78032666,9.378282
1500081758426,0.33032233,0.9622433,9.359133
1500081758442,0.56011176,0.9718179,9.368708
1500081758458,0.3398969,0.92394507,9.41658
1500081758474,0.5888355,0.93351966,9.550624
1500081758490,0.54096264,0.7228793,9.569773
1500081758506,0.0,0.8090504,9.378282
1500081758522,0.27287498,0.8760723,9.31126
1500081758538,0.25372586,0.8473486,9.320834
1500081758553,0.63670826,0.7324539,9.3878565
1500081758569,0.5313881,0.76117754,9.454879
1500081758585,0.6079846,0.69415563,9.502751
1500081758602,0.5313881,0.56968635,9.502751
1500081758618,0.47394073,0.751603,9.531475
1500081758634,0.6845811,0.6079846,9.474028
1500081758650,1.4792696,1.4313968,9.876159
1500081758666,-0.00478728,0.9622433,9.550624
1500081758682,0.14840569,0.69415563,9.474028
1500081758697,0.359046,0.12925656,9.560199
1500081758713,0.46436617,-0.16755481,9.608071
1500081758729,0.5792609,-0.27287498,9.684668
1500081758745,0.46436617,-0.26330042,9.531475
1500081758761,-0.85692316,0.54096264,8.918703
1500081758777,-0.32074776,0.03351096,9.713391
1500081758793,0.76117754,-0.12925656,10.153821
1500081758809,1.1537346,0.05266008,10.29744
1500081758825,1.4218222,0.8281995,10.670848
1500081758841,1.6803354,1.9579976,10.804892
1500081758858,1.3548003,3.5282254,10.278291
1500081758873,1.6803354,4.5622783,8.765511
1500081758889,3.5952475,-4.8303657,7.2718787
1500081758905,1.1154363,-8.44955,6.256975
1500081758921,-1.14416,-6.8888965,5.366541
1500081758937,1.5750152,-7.7601814,6.132506
1500081758953,6.6878304,-7.8846507,6.8122997
1500081758969,3.0016246,-6.5729356,5.941015
1500081758985,-6.170804,-9.713391,2.8101335
1500081759001,0.64628285,-15.668768,3.8346114
1500081759017,1.8814012,-10.737869,4.3324885
1500081759033,-1.6324625,-6.458041,4.8782387
1500081759049,-2.034594,-7.46337,5.2516465
1500081759065,-0.5313881,-8.459125,4.198445
1500081759081,-0.25372586,-8.248484,3.9207826
1500081759097,-0.2154276,-7.5782647,4.437809
1500081759113,-0.09095833,-7.195282,4.466532
1500081759161,-0.081383765,-7.348475,4.0548263
1500081759176,-0.83777404,-9.780414,2.1782124
1500081759192,-1.7282082,-10.182545,1.3548003
1500081759208,-1.8048047,-10.125097,1.0579889
1500081759272,-1.5175679,-10.268716,0.6750065
1500081759336,-2.8101335,-11.321918,-1.0196906
1500081759400,-2.3984275,-10.766593,-1.1154363
1500081759464,-1.1920328,-10.249567,-0.16755481
1500081759528,-1.2973529,-9.7899885,0.5505372
1500081759591,-0.5313881,-10.728295,0.7994758
1500081759656,-1.3643749,-11.101703,1.8718265
1500081759720,-0.71330476,-7.7601814,4.696322
1500081759784,-1.6994845,-9.943181,2.8388572
1500081759847,-2.5994933,-9.952756,1.4792696
1500081759912,-3.4133308,-8.985725,1.1250108
1500081759975,-4.0739756,-7.501668,1.5845897
1500081760039,-4.658024,-5.500585,2.9633265
1500081760103,-6.764427,-3.825037,4.1409974
1500081760167,-6.5346375,-0.6558574,7.329326
1500081760231,-10.096374,-2.6569405,6.8601727
1500081760295,-8.133589,-3.5856729,4.466532
1500081760358,-4.8782387,-4.198445,5.4239883
1500081760422,-5.7686725,-5.5771813,5.38569
1500081760486,-6.515488,-3.997379,6.6016593
1500081760550,-5.644203,-3.7292912,6.1995277
1500081760614,-5.376116,-6.47719,5.17505
1500081760678,-5.835695,-5.9697385,4.4473834
1500081760742,-5.835695,-5.9218655,4.4856815
1500081760805,-5.4431376,-7.0995364,4.610151
1500081760869,-5.3378177,-7.5591154,3.5282254
1500081760934,-5.2899446,-7.5303917,3.6526947
1500081760997,-4.993133,-8.506997,3.2601378
1500081761062,-4.9069624,-9.368708,3.0016246
1500081761125,-4.868664,-8.794233,3.4324799
1500081761189,-4.8207912,-7.9708214,2.4845984
1500081761253,-4.9069624,-8.5740185,3.3080106
1500081761316,-5.309094,-7.8367777,5.8931417
1500081761380,-5.1654754,-7.2335806,5.8835673
1500081761444,-4.2941904,-6.7069798,8.842107
1500081761508,-4.5239797,-6.4005938,11.26447
1500081761572,-4.696322,-6.065484,10.364462
1500081761636,-4.5718527,-4.3612123,8.430401
1500081761700,-4.610151,-1.9101248,6.5729356
1500081761764,-3.997379,0.023936402,6.2378263
1500081761827,-2.7048132,1.7377827,5.4239883
1500081761891,-2.561195,3.2026904,4.5239797
1500081761955,-2.733537,3.2984362,3.8729098
1500081762019,-4.0644007,3.5282254,3.604822
1500081762082,-9.359133,4.8973875,3.4133308
1500081762146,-13.648536,9.5889225,3.3941817
1500081762210,-6.0080366,6.5059137,3.3941817
1500081762274,-3.2505634,6.6495323,3.4899273
1500081762338,-6.7069798,5.6633525,4.016528
1500081762386,-12.279374,3.3558834,4.8303657
1500081762402,-9.148493,2.867581,3.212265
1500081762418,-8.9761505,3.690993,3.5952475
1500081762434,-8.382527,3.844186,3.6526947
1500081762450,-7.8367777,3.346309,3.3175852
1500081762466,-7.4537954,2.88673,3.0111992
1500081762482,-7.1665583,3.1452432,2.9824755
1500081762498,-6.8888965,3.499502,3.3750327
1500081762514,-6.764427,3.451629,3.4229054
1500081762530,-6.7931504,3.777164,3.231414
1500081762546,-6.611234,4.3707867,3.1548176
1500081762562,-6.458041,4.8782387,2.8771553
1500081762577,-6.1420803,5.2707953,2.867581
1500081762593,-5.586756,5.82612,4.456958
1500081762609,-4.96441,10.40276,8.200611
1500081762625,-3.6526947,10.958084,7.5974135
1500081762641,-4.9452605,7.9325233,4.476107
1500081762657,-5.8548436,7.511243,3.8633351
1500081762673,-5.2420716,8.056993,4.456958
1500081762689,-5.481436,8.4686985,4.801642
1500081762705,-6.2378263,8.1623125,4.5718527
1500081762721,-6.563361,7.8655014,4.3612123
1500081762737,-6.285699,7.348475,4.2654667
1500081762753,-6.0559096,6.3814445,3.8154624
1500081762769,-6.0367603,5.672927,3.4133308
1500081762785,-6.0080366,5.3378177,3.4612036
1500081762801,-6.027186,5.3569665,3.6814184
1500081762817,-6.132506,5.672927,3.9399316
1500081762833,-6.1899533,5.806971,4.0739756
1500081762849,-6.2282515,5.8165455,4.1888704
1500081762865,-6.132506,5.912291,4.437809
1500081762881,-6.1229315,6.065484,4.5335546
1500081762897,-6.2474008,6.151655,4.5335546
1500081762913,-6.285699,6.1995277,4.5910015
1500081762929,-6.2091026,6.2474008,4.6867476
1500081762945,-6.1612296,6.2474008,4.7250457
1500081762961,-6.1612296,6.113357,4.658024
1500081762977,-6.218677,5.9697385,4.581427
1500081762993,-6.218677,5.8931417,4.581427
1500081763009,-6.1899533,5.950589,4.6771727
1500081763025,-6.180379,6.0080366,4.5910015
1500081763041,-6.1420803,5.9697385,4.495256
1500081763057,-6.094208,5.8548436,4.5718527
1500081763072,-6.065484,5.806971,4.7058964
1500081763088,-6.065484,5.845269,4.782493
1500081763104,-6.1229315,5.8931417,4.801642
1500081763121,-6.103782,5.941015,4.7920675
1500081763137,-6.1420803,5.9697385,4.7537694
1500081763153,-6.170804,5.9027166,4.7058964
1500081763169,-6.1612296,5.8644185,4.648449
1500081763185,-6.1995277,5.8835673,4.610151
1500081763201,-6.2761245,5.941015,4.5527034
1500081763216,-6.4005938,6.027186,4.389936
1500081763232,-6.3144226,6.0080366,4.3324885
1500081763248,-6.2282515,5.941015,4.3324885
1500081763264,-6.1995277,5.9314404,4.428234
1500081763280,-6.1899533,5.8835673,4.5239797
1500081763296,-6.2282515,5.835695,4.610151
1500081763312,-6.218677,5.835695,4.6388745
1500081763328,-6.1899533,5.873993,4.6005764
1500081763344,-6.1420803,5.912291,4.5622783
1500081763360,-6.1612296,6.0080366,4.437809
1500081763376,-6.180379,6.065484,4.3707867
1500081763392,-6.1420803,6.0367603,4.3133397
1500081763408,-6.132506,5.998462,4.351638
1500081763424,-6.094208,6.017611,4.3707867
1500081763440,-6.094208,6.0463347,4.389936
1500081763456,-6.132506,6.0846334,4.3803616
1500081763472,-6.1229315,6.0846334,4.3803616
1500081763488,-6.170804,6.065484,4.3612123
1500081763504,-6.151655,6.027186,4.389936
1500081763520,-6.1420803,6.0750585,4.437809
1500081763536,-6.132506,6.065484,4.466532
1500081763551,-6.170804,6.0750585,4.495256
1500081763567,-6.151655,6.0846334,4.456958
1500081763583,-6.170804,6.113357,4.3707867
1500081763599,-6.2091026,6.0559096,4.3995104
1500081763616,-6.0846334,6.151655,4.389936
1500081763632,-6.113357,6.113357,4.3133397
1500081763648,-6.1995277,6.094208,4.342063
1500081763664,-6.1995277,6.0559096,4.3995104
1500081763680,-6.1612296,6.0367603,4.3707867
1500081763695,-6.151655,6.0559096,4.3133397
1500081763711,-6.180379,6.0750585,4.303765
1500081763727,-6.1995277,6.0750585,4.2941904
1500081763743,-6.2091026,6.027186,4.2941904
1500081763759,-6.218677,6.027186,4.3133397
1500081763775,-6.170804,5.988888,4.351638
1500081763791,-6.1612296,5.998462,4.389936
1500081763807,-6.2091026,6.0367603,4.3707867
1500081763823,-6.2474008,6.0080366,4.2941904
1500081763839,-6.2474008,6.0559096,4.3133397
1500081763855,-6.1995277,6.017611,4.351638
1500081763871,-6.2091026,5.912291,4.322914
1500081763887,-6.2282515,5.8165455,4.3324885
1500081763903,-6.2474008,5.82612,4.3324885
1500081763919,-6.2282515,5.912291,4.351638
1500081763935,-6.2282515,5.988888,4.322914
1500081763951,-6.1899533,5.979313,4.322914
1500081763967,-6.2091026,5.873993,4.3995104
1500081763983,-6.2761245,5.8165455,4.476107
1500081763999,-6.256975,5.8835673,4.5335546
1500081764015,-6.1899533,6.017611,4.5718527
1500081764031,-6.170804,6.113357,4.5718527
1500081764047,-6.1420803,6.094208,4.5527034
1500081764063,-6.1612296,6.0750585,4.5335546
1500081764078,-6.2091026,6.0463347,4.476107
1500081764095,-6.2761245,5.998462,4.437809
1500081764111,-6.2378263,5.9218655,4.4090853
1500081764127,-6.2761245,5.9314404,4.389936
1500081764142,-6.2474008,5.9027166,4.351638
1500081764159,-6.304848,5.835695,4.303765
1500081764175,-6.3622956,5.7495236,4.284616
1500081764191,-6.333572,5.682502,4.322914
1500081764206,-6.2952733,5.644203,4.389936
1500081764222,-6.256975,5.653778,4.4856815
1500081764238,-6.2761245,5.7208,4.610151
1500081764254,-6.256975,5.82612,4.658024
1500081764270,-6.304848,5.8835673,4.619725
1500081764286,-6.3144226,5.912291,4.543129
1500081764302,-6.2952733,5.941015,4.495256
1500081764318,-6.2091026,5.9027166,4.5527034
1500081764334,-6.256975,5.873993,4.5910015
1500081764350,-6.2665496,5.82612,4.6005764
1500081764366,-6.218677,5.787822,4.6388745
1500081764382,-6.2091026,5.8644185,4.5910015
1500081764398,-6.2091026,5.9697385,4.5527034
1500081764414,-6.2952733,6.0367603,4.466532
1500081764430,-6.304848,5.979313,4.3995104
1500081764446,-6.285699,5.82612,4.351638
1500081764462,-6.3144226,5.787822,4.3707867
1500081764478,-6.323997,5.8835673,4.342063
1500081764494,-6.3527207,6.0463347,4.2654667
1500081764510,-6.4005938,6.1229315,4.198445
1500081764526,-6.2761245,6.0367603,4.198445
1500081764542,-6.256975,5.9314404,4.2080193
1500081764558,-6.3144226,5.8835673,4.1888704
1500081764574,-6.2761245,5.988888,4.150572
1500081764589,-6.2282515,6.113357,4.1888704
1500081764605,-6.2378263,6.094208,4.131423
1500081764621,-6.2378263,5.912291,4.0739756
1500081764637,-6.323997,5.8644185,4.045252
1500081764653,-6.333572,5.9314404,4.0644007
1500081764669,-6.37187,5.960164,4.1026993
1500081764685,-6.3622956,5.941015,4.1409974
1500081764701,-6.3527207,5.941015,4.1026993
1500081764717,-6.3814445,6.0559096,4.0739756
1500081764733,-6.458041,6.0463347,3.9495063
1500081764749,-6.544212,6.0846334,3.930357
1500081764765,-6.486765,6.0367603,3.9782298
1500081764781,-6.4963393,5.979313,4.0356774
1500081764797,-6.486765,5.9314404,4.0931244
1500081764813,-6.438892,5.998462,4.08355
1500081764829,-6.47719,6.0846334,3.9782298
1500081764845,-6.486765,6.1229315,3.8537605
1500081764861,-6.47719,6.132506,3.825037
1500081764878,-6.486765,6.113357,3.844186
1500081764893,-6.4676156,6.0750585,3.8633351
1500081764909,-6.458041,6.113357,3.8633351
1500081764925,-6.486765,6.132506,3.8346114
1500081764941,-6.458041,6.1420803,3.825037
1500081764957,-6.4005938,6.1420803,3.8633351
1500081764973,-6.391019,6.1229315,3.8824842
1500081764989,-6.2952733,6.285699,3.911208
1500081765005,-6.3431463,6.333572,3.844186
1500081765021,-6.3527207,6.37187,3.758015
1500081765037,-6.2952733,6.3622956,3.7388659
1500081765053,-6.323997,6.391019,3.7197168
1500081765069,-6.323997,6.304848,3.7101421
1500081765085,-6.3431463,6.285699,3.6622694
1500081765101,-6.3814445,6.285699,3.6239712
1500081765116,-6.3431463,6.3431463,3.6239712
1500081765132,-6.3144226,6.3814445,3.6622694
1500081765148,-6.37187,6.3144226,3.6622694
1500081765164,-6.37187,6.2952733,3.7005677
1500081765180,-6.333572,6.304848,3.8058877
1500081765196,-6.3622956,6.2091026,3.8729098
1500081765212,-6.410168,6.1612296,3.8729098
1500081765228,-6.3814445,6.1420803,3.8824842
1500081765244,-6.4293175,6.1229315,3.8537605
1500081765260,-6.410168,6.1229315,3.8633351
1500081765276,-6.3814445,6.1612296,3.9016335
1500081765292,-6.410168,6.2091026,3.8633351
1500081765308,-6.410168,6.1995277,3.825037
1500081765324,-6.438892,6.1899533,3.8154624
1500081765340,-6.4197426,6.1995277,3.844186
1500081765356,-6.410168,6.2091026,3.8537605
1500081765372,-6.391019,6.2665496,3.825037
1500081765388,-6.3622956,6.256975,3.7867386
1500081765404,-6.3527207,6.170804,3.8346114
1500081765420,-6.3814445,6.1229315,3.8729098
1500081765436,-6.323997,6.2282515,3.9207826
1500081765452,-6.3527207,6.2378263,3.8729098
1500081765468,-6.391019,6.2378263,3.8154624
1500081765484,-6.37187,6.3144226,3.7963133
1500081765500,-6.3527207,6.2952733,3.8154624
1500081765516,-6.333572,6.2761245,3.825037
1500081765532,-6.4005938,6.2665496,3.7675896
1500081765548,-6.4005938,6.170804,3.690993
1500081765564,-6.4676156,6.151655,3.6335456
1500081765580,-6.4197426,6.180379,3.7005677
1500081765596,-6.3814445,6.2378263,3.758015
1500081765612,-6.3814445,6.2378263,3.7867386
1500081765627,-6.4197426,6.256975,3.8154624
1500081765644,-6.3622956,6.2378263,3.8346114
1500081765660,-6.4005938,6.2378263,3.8058877
1500081765675,-6.391019,6.2474008,3.8633351
1500081765692,-6.410168,6.2665496,3.7963133
1500081765708,-6.3431463,6.218677,3.777164
1500081765724,-6.4005938,6.2091026,3.7388659
1500081765740,-6.4293175,6.170804,3.7101421
1500081765756,-6.3527207,6.2282515,3.7963133
1500081765771,-6.3144226,6.2952733,3.8058877
1500081765787,-6.3431463,6.304848,3.844186
1500081765803,-6.3431463,6.2952733,3.8633351
1500081765819,-6.37187,6.304848,3.8346114
1500081765835,-6.391019,6.2474008,3.758015
1500081765851,-6.4197426,6.180379,3.7197168
1500081765867,-6.4484663,6.1420803,3.6335456
1500081765883,-6.4484663,6.218677,3.7005677
1500081765899,-6.391019,6.2952733,3.8058877
1500081765915,-6.4005938,6.2665496,3.825037
1500081765931,-6.4197426,6.1899533,3.7963133
1500081765947,-6.3814445,6.218677,3.911208
1500081765963,-6.410168,6.2665496,3.9016335
1500081765979,-6.3622956,6.2091026,3.7867386
1500081765995,-6.37187,6.2761245,3.777164
1500081766011,-6.3814445,6.256975,3.7867386
1500081766027,-6.391019,6.1612296,3.7963133
1500081766043,-6.410168,6.1899533,3.8058877
1500081766059,-6.4197426,6.1612296,3.7675896
1500081766075,-6.4197426,6.256975,3.7388659
1500081766091,-6.3622956,6.285699,3.7292912
1500081766107,-6.438892,6.2665496,3.7484405
1500081766122,-6.3814445,6.2378263,3.7867386
1500081766139,-6.391019,6.2665496,3.7867386
1500081766155,-6.323997,6.2378263,3.7963133
1500081766171,-6.391019,6.2474008,3.7675896
1500081766186,-6.410168,6.1995277,3.7101421
1500081766203,-6.4005938,6.2282515,3.671844
1500081766219,-6.3814445,6.333572,3.6526947
1500081766235,-6.4005938,6.3814445,3.6335456
1500081766250,-6.4293175,6.333572,3.604822
1500081766267,-6.410168,6.2952733,3.6143966
1500081766282,-6.391019,6.285699,3.6814184
1500081766298,-6.391019,6.323997,3.6622694
1500081766314,-6.3622956,6.333572,3.7292912
1500081766330,-6.3527207,6.3527207,3.758015
1500081766346,-6.391019,6.3527207,3.7292912
1500081766362,-6.4005938,6.3431463,3.7005677
1500081766378,-6.3814445,6.333572,3.7484405
1500081766394,-6.304848,6.2378263,3.777164
1500081766410,-6.37187,6.1612296,3.8058877
1500081766426,-6.37187,6.113357,3.8154624
1500081766442,-6.37187,6.170804,3.844186
1500081766458,-6.3814445,6.1899533,3.8633351
1500081766474,-6.410168,6.1612296,3.8920588
1500081766490,-6.4197426,6.094208,3.9399316
1500081766506,-6.4293175,6.1229315,3.8920588
1500081766522,-6.438892,6.1899533,3.825037
1500081766538,-6.4293175,6.218677,3.7484405
1500081766554,-6.4293175,6.2474008,3.7675896
1500081766569,-6.410168,6.180379,3.8346114
1500081766585,-6.4293175,6.094208,3.8729098
1500081766601,-6.4484663,6.065484,3.8920588
1500081766617,-6.458041,6.1229315,3.8920588
1500081766633,-6.4005938,6.170804,3.844186
1500081766649,-6.438892,6.1995277,3.8346114
1500081766665,-6.391019,6.218677,3.844186
1500081766682,-6.3622956,6.2761245,3.825037
1500081766697,-6.3431463,6.3431463,3.7963133
1500081766713,-6.37187,6.323997,3.7484405
1500081766729,-6.4005938,6.2282515,3.7292912
1500081766745,-6.4197426,6.2761245,3.7101421
1500081766761,-6.4484663,6.256975,3.7101421
1500081766777,-6.4197426,6.285699,3.7005677
1500081766793,-6.4005938,6.2952733,3.7101421
1500081766809,-6.4005938,6.2761245,3.7388659
1500081766825,-6.37187,6.2474008,3.7197168
1500081766841,-6.37187,6.256975,3.7101421
1500081766857,-6.410168,6.2378263,3.6335456
1500081766873,-6.4293175,6.2378263,3.604822
1500081766889,-6.410168,6.2761245,3.604822
1500081766905,-6.3814445,6.3144226,3.5952475
1500081766921,-6.4005938,6.2665496,3.6143966
1500081766937,-6.4484663,6.256975,3.6335456
1500081766953,-6.37187,6.2665496,3.7005677
1500081766969,-6.3814445,6.304848,3.7484405
1500081766985,-6.3527207,6.3431463,3.8346114
1500081767001,-6.3431463,6.2761245,3.8537605
1500081767017,-6.3814445,6.2091026,3.8058877
1500081767033,-6.4197426,6.1420803,3.7484405
1500081767049,-6.458041,6.132506,3.7101421
1500081767064,-6.4484663,6.1899533,3.7292912
1500081767080,-6.391019,6.2665496,3.7963133
1500081767096,-6.333572,6.256975,3.8058877
1500081767112,-6.3622956,6.218677,3.825037
1500081767128,-6.37187,6.218677,3.825037
1500081767192,-6.3814445,6.2091026,3.825037
1500081767256,-6.410168,6.285699,3.7292912
1500081767320,-6.4293175,6.2952733,3.5282254
1500081767384,-6.3431463,6.4197426,3.6143966
1500081767448,-6.37187,6.458041,3.518651
1500081767513,-6.3622956,6.37187,3.5569491
1500081767577,-6.37187,6.3431463,3.6239712
1500081767640,-6.438892,6.410168,3.4612036
1500081767705,-6.410168,6.458041,3.2984362
1500081767767,-6.323997,6.544212,3.384607
1500081767831,-6.2952733,6.7261286,3.3080106
1500081767895,-6.285699,6.6016593,3.2601378
1500081767959,-6.2952733,6.639958,3.2984362
1500081768023,-6.3431463,6.697405,3.1452432
1500081768087,-6.323997,6.525063,3.2792869
1500081768151,-6.3431463,6.697405,3.0973704
1500081768215,-6.304848,6.6878304,3.2026904
1500081768278,-6.3431463,6.5825105,3.0877957
1500081768342,-6.2761245,6.6208086,3.384607
1500081768406,-6.3144226,6.6208086,3.4229054
1500081768470,-6.3431463,6.525063,3.3175852
1500081768534,-6.323997,6.6495323,3.231414
1500081768598,-6.2952733,6.6016593,3.2505634
1500081768662,-6.333572,6.639958,3.193116
1500081768726,-6.285699,6.764427,3.2409887
1500081768789,-6.333572,6.563361,3.2505634
1500081768853,-6.333572,6.4676156,3.346309
1500081768917,-6.333572,6.5825105,3.5856729
1500081768981,-6.3622956,6.563361,3.2601378
1500081769045,-6.323997,6.821874,3.059072
1500081769109,-6.304848,7.204857,3.1165195
1500081769173,-6.410168,6.936769,3.193116
1500081769237,-6.563361,6.5059137,3.2888615
1500081769301,-6.592085,6.0750585,2.867581
1500081769364,-6.7069798,6.4005938,2.34098
1500081769428,-6.7357035,6.5729356,2.3122563
1500081769492,-6.697405,6.5059137,2.5228968
1500081769556,-6.7931504,6.3622956,2.4845984
1500081769620,-6.9080453,6.256975,2.101616
1500081769684,-6.7740016,6.5346375,1.6133134
1500081769748,-6.630383,5.845269,1.0196906
1500081769811,-6.218677,6.017611,0.28244954
1500081769875,-5.194199,8.047418,-0.512239
1500081769939,-4.3324885,11.475111,-3.9878044
1500081770003,-2.8771553,10.919786,-4.6005764
1500081770067,-4.476107,8.181462,-2.2931073
1500081770131,-4.763344,7.0708127,-3.078221
1500081770195,-4.0644007,7.4729443,-3.3941817
1500081770258,-3.8058877,6.9559183,-4.1026993
1500081770322,-3.2409887,7.156984,-5.797396
1500081770386,-2.6856642,6.8888965,-7.741032
1500081770450,-2.6090677,6.486765,-8.181462
1500081770514,-2.3314054,6.4005938,-8.037844
1500081770578,-1.8526775,6.180379,-8.018694
1500081770642,-1.2111819,6.1420803,-8.1623125
1500081770706,-0.5792609,6.716554,-7.7984796
1500081770769,-0.3877697,7.0612383,-7.894225
1500081770833,-0.47394073,7.2144313,-7.482519
1500081770897,-0.42606795,6.6878304,-7.042089
1500081770961,-0.23457673,7.741032,-6.9080453
1500081771025,0.110107444,8.229335,-6.697405
1500081771089,0.3111732,8.229335,-6.0750585
1500081771153,0.7228793,8.085716,-5.5484576
1500081771216,1.4505459,8.028269,-5.845269
1500081771280,2.5994933,7.4537954,-5.1271772
1500081771344,3.0111992,5.9314404,-5.586756
1500081771408,3.4420545,6.180379,-7.4059224
1500081771472,3.2601378,6.9271946,-7.3867736
1500081771536,4.658024,6.285699,-6.783576
1500081771600,5.376116,5.586756,-6.4293175
1500081771664,5.3186684,5.088879,-7.2335806
1500081771727,5.7112255,5.17505,-6.7931504
1500081771791,6.065484,5.1271772,-6.3431463
1500081771855,6.4293175,4.868664,-5.8644185
1500081771919,6.7931504,4.763344,-5.82612
1500081771983,7.12826,4.4186597,-5.433563
1500081772047,7.4920936,3.7867386,-5.2420716
1500081772111,7.8176284,3.9016335,-4.5527034
1500081772174,7.8655014,3.2026904,-4.351638
1500081772239,8.32508,3.039923,-3.7867386
1500081772302,8.363379,2.8484318,-3.4899273
1500081772367,8.708063,2.5037475,-3.4612036
1500081772430,8.880404,2.3984275,-3.3558834
1500081772494,8.899554,2.034594,-3.5473747
1500081772558,8.995299,2.2643836,-3.4037561
1500081772622,8.995299,2.34098,-3.518651
1500081772685,8.909128,2.254809,-3.6335456
1500081772749,8.9761505,2.5707695,-3.7867386
1500081772813,9.110194,2.8580062,-4.0356774
1500081772877,8.803808,3.365458,-3.930357
1500081772941,8.55487,3.5760984,-3.8058877
1500081773005,8.047418,4.08355,-3.2218397
1500081773068,7.5782647,4.619725,-2.8963046
1500081773133,7.0995364,5.787822,-1.8814012
1500081773196,7.195282,5.433563,-1.6516117
1500081773260,7.894225,5.452712,-1.4792696
1500081773324,7.6835847,5.1846247,-1.3930986
1500081773388,8.803808,1.6037389,-3.671844
1500081773452,8.21976,5.82612,-1.9101248
1500081773516,7.654861,3.2792869,-3.193116
1500081773580,7.482519,5.8165455,-2.5228968
1500081773644,7.5399666,7.02294,-1.2782038
1500081773707,7.2718787,5.7686725,-2.6090677
1500081773771,7.6740103,5.529309,-3.690993
1500081773835,6.7261286,5.653778,-5.7495236
1500081773899,6.47719,6.017611,-5.1654754
1500081773963,6.486765,5.5771813,-5.1176023
1500081774027,6.1899533,6.7357035,-4.6005764
1500081774091,6.218677,4.7920675,-5.586756
1500081774155,6.1229315,5.960164,-5.605905
1500081774218,6.0559096,5.5484576,-6.2952733
1500081774282,5.672927,5.950589,-5.8644185
1500081774346,5.3378177,6.0367603,-5.6250544
1500081774410,5.232497,6.1229315,-5.4048395
1500081774474,5.28037,6.3527207,-5.309094
1500081774538,5.309094,6.5059137,-5.347392
1500081774602,4.993133,6.4293175,-5.529309
1500081774665,5.1846247,6.5059137,-5.5580325
1500081774729,5.1654754,6.486765,-5.3186684
1500081774793,5.4431376,6.151655,-5.6250544
1500081774857,5.328243,5.806971,-5.452712
1500081774921,5.7016506,6.218677,-5.835695
1500081774985,6.113357,8.44955,-5.376116
1500081775049,6.017611,7.02294,-6.3144226
1500081775112,6.0846334,6.151655,-6.716554
1500081775176,5.6250544,5.653778,-6.611234
1500081775240,4.9739842,4.8207912,-6.47719
1500081775304,4.5335546,0.77075213,-6.2282515
1500081775368,3.2792869,3.2697124,-6.831449
1500081775432,4.0069537,6.7931504,-8.803808
1500081775496,3.5665238,5.28037,-10.163396
1500081775560,3.231414,4.916537,-9.349558
1500081775623,2.7048132,4.2558923,-9.62722
1500081775687,1.4601204,4.543129,-9.483603
1500081775751,0.3877697,4.610151,-9.828286
1500081775815,-1.0101161,4.8303657,-8.861256
1500081775879,-1.3930986,3.451629,-8.516571
1500081775943,-2.2739582,2.5228968,-7.616563
1500081776007,-2.752686,1.0771381,-8.229335
1500081776070,-3.5282254,0.2154276,-8.258059
1500081776135,-5.2707953,-0.39734426,-8.420826
1500081776198,-6.6016593,-0.76117754,-8.11444
1500081776262,-7.137835,-1.1345854,-8.1623125
1500081776326,-6.6591067,-1.3643749,-8.258059
1500081776390,-5.7495236,-1.709059,-8.210186
1500081776454,-5.6154795,-1.5079932,-8.104865
1500081776518,-5.7208,-1.0196906,-7.808054
1500081776582,-5.6250544,-0.45479164,-7.4442205
1500081776646,-5.950589,0.27287498,-7.4729443
1500081776709,-6.027186,0.78032666,-7.999545
1500081776773,-5.194199,1.14416,-7.702734
1500081776837,-5.194199,1.3548003,-7.9803963
1500081776901,-4.96441,2.2739582,-8.478273
1500081776965,-4.322914,2.5037475,-8.535721
1500081777029,-4.1792955,3.0303483,-8.717637
1500081777093,-3.777164,3.7197168,-8.650616
1500081777157,-3.3175852,4.3133397,-8.5740185
1500081777220,-3.2409887,4.8590894,-8.717637
1500081777284,-2.88673,5.194199,-8.478273
1500081777349,-2.88673,5.2899446,-8.44955
1500081777412,-2.7239625,5.8165455,-8.037844
1500081777477,-2.5037475,5.787822,-7.894225
1500081777549,-2.321831,5.787822,-7.769756
1500081777604,-2.015445,5.6250544,-7.5782647
1500081777668,-1.6611862,5.433563,-7.3389006
1500081777731,-1.0292653,5.845269,-6.438892
1500081777795,-0.83777404,6.1420803,-5.797396
1500081777859,-0.6079846,8.133589,-5.9027166
1500081777923,0.3111732,8.2676325,-4.772918
1500081777987,1.776081,8.899554,-3.3175852
1500081778051,3.3367343,10.249567,-2.905879
1500081778115,7.0133657,10.2016945,-0.23457673
1500081778179,6.6591067,12.767676,3.930357
1500081778243,5.002708,17.823044,6.592085
1500081778306,4.121848,10.077225,-0.56011176
1500081778370,2.0441687,2.972901,-1.5941644
1500081778434,0.6079846,4.342063,-1.6611862
1500081778498,1.0962871,13.571939,-2.5037475
1500081778562,1.0292653,6.256975,-3.5952475
1500081778626,3.020774,7.855927,-4.5910015
1500081778690,2.3792782,10.5080805,-7.4059224
1500081778754,3.0877957,8.124015,-5.8548436
1500081778817,2.8580062,7.3006024,-6.285699
1500081778881,2.8292825,7.1091113,-6.8027253
1500081778945,2.9250283,6.8793216,-6.8601727
1500081779009,3.126094,6.6878304,-5.787822
1500081779073,3.3750327,7.003791,-5.672927
1500081779137,3.2792869,7.195282,-6.716554
1500081779201,3.384607,6.592085,-7.5208173
1500081779265,3.5665238,5.9697385,-7.12826
1500081779328,3.6622694,5.7686725,-7.204857
1500081779393,3.6526947,5.979313,-7.310177
1500081779456,3.3941817,5.222923,-8.104865
1500081779520,3.5473747,6.1995277,-7.5974135
1500081779584,3.3941817,7.243155,-6.544212
1500081779648,3.126094,6.936769,-7.1474094
1500081779713,3.0973704,6.6591067,-6.5729356
1500081779776,2.561195,7.051664,-6.525063
1500081779839,2.867581,7.243155,-6.180379
1500081779903,3.193116,8.210186,-5.979313
1500081779967,3.8729098,6.745278,-6.5729356
1500081780031,3.7292912,7.3676243,-6.544212
1500081780095,3.777164,5.806971,-4.9452605
1500081780158,3.3558834,7.329326,-3.3750327
1500081780222,2.6377914,3.5569491,-4.782493
1500081780286,4.6675982,1.9388485,-7.7793303
1500081780350,5.873993,3.5473747,-7.664436
1500081780414,4.9452605,2.9250283,-10.728295
1500081780478,6.151655,4.648449,-9.75169
1500081780542,5.873993,3.8154624,-8.641041
1500081780606,5.3186684,4.696322,-8.056993
1500081780670,4.83994,2.187787,-10.307014
1500081780734,3.604822,4.543129,-8.506997
1500081780798,3.499502,4.543129,-8.076141
1500081780861,3.231414,6.850598,-7.9708214
1500081780925,2.2643836,6.256975,-7.721883
1500081780989,2.360129,6.6208086,-6.639958
1500081781053,1.862252,7.348475,-6.1995277
1500081781117,2.1590633,5.7686725,-5.3378177
1500081781181,2.360129,6.3527207,-5.500585
1500081781245,1.5845897,7.9516726,-7.5591154
1500081781309,2.0824668,7.5399666,-6.438892
1500081781372,1.948423,7.137835,-6.4484663
1500081781436,2.2356598,8.248484,-6.017611
1500081781500,2.1782124,7.5208173,-6.7931504
1500081781564,2.3314054,7.587839,-6.2378263
1500081781628,2.2356598,6.975067,-6.151655
1500081781692,2.2356598,6.936769,-6.0750585
1500081781756,2.475024,6.783576,-6.7357035
1500081781820,2.752686,6.6591067,-6.9080453
1500081781883,2.666515,7.0995364,-7.5208173
1500081781947,2.7622607,6.850598,-7.4442205
1500081782011,2.6377914,6.2474008,-7.7601814
1500081782075,2.580344,5.4718614,-7.7984796
1500081782139,2.580344,5.4048395,-8.1623125
1500081782203,2.7048132,5.0122824,-8.382527
1500081782267,2.5037475,4.8590894,-8.44955
1500081782331,2.5228968,4.8207912,-8.028269
1500081782394,2.4175766,4.0739756,-8.095291
1500081782458,2.3888528,4.543129,-8.55487
1500081782523,2.1399143,4.5622783,-9.043172
1500081782587,2.7622607,5.452712,-8.621892
1500081782659,2.666515,4.303765,-8.727212
1500081782714,2.494173,3.8537605,-8.55487
1500081782778,2.4463003,3.5090764,-9.024023
1500081782842,3.059072,3.2984362,-9.100619
1500081782905,3.078221,4.2463174,-8.717637
1500081782969,3.4612036,5.146326,-9.339984
1500081783033,3.9207826,6.3622956,-7.741032
1500081783097,3.3558834,4.9452605,-8.191036
1500081783161,3.9878044,6.017611,-6.4963393
1500081783225,3.9782298,4.7920675,-7.1857076
1500081783289,4.198445,5.9314404,-6.869747
1500081783352,4.5144053,6.151655,-6.5346375
1500081783416,5.2899446,7.511243,-5.3952646
1500081783480,5.845269,8.5740185,-4.96441
1500081783544,4.83994,6.2378263,-6.0846334
1500081783608,4.2941904,6.975067,-5.222923
1500081783672,4.1888704,8.564445,-4.811217
1500081783736,4.0261025,7.0995364,-4.389936
1500081783800,3.8633351,7.12826,-4.016528
1500081783863,3.671844,8.037844,-4.121848
1500081783927,3.911208,7.999545,-3.844186
1500081783991,3.9782298,8.00912,-3.7101421
1500081784055,3.6814184,7.9516726,-3.9878044
1500081784119,3.7867386,8.104865,-3.825037
1500081784183,3.7292912,7.9803963,-4.045252
1500081784247,3.5378,8.392102,-4.3707867
1500081784311,3.7388659,9.062322,-4.3995104
1500081784374,3.5856729,9.024023,-4.131423
1500081784438,3.3941817,8.928278,-3.9590807
1500081784502,3.5282254,9.091045,-3.3941817
1500081784566,3.5665238,9.071896,-2.7239625
1500081784630,3.4229054,8.708063,-1.9771467
1500081784694,3.4229054,8.401677,-0.93351966
1500081784758,2.8771553,8.641041,0.5505372
1500081784821,3.7963133,8.248484,0.77075213
1500081784885,3.4133308,8.650616,2.8771553
1500081784949,3.7197168,8.00912,4.2463174
1500081785013,3.7675896,7.195282,4.5144053
1500081785077,3.8154624,6.8888965,4.6293
1500081785141,3.671844,7.2527294,4.543129
1500081785206,3.9207826,6.5059137,5.041006
1500081785268,3.9495063,7.1091113,5.8165455
1500081785332,3.7963133,6.6016593,5.3569665
1500081785396,3.5952475,6.9942164,5.452712
1500081785460,3.7292912,6.9176197,5.692076
1500081785524,3.7867386,6.7931504,5.653778
1500081785588,3.7963133,6.2474008,5.3186684
1500081785652,3.8920588,6.639958,5.5484576
1500081785716,4.08355,6.525063,5.261221
1500081785780,4.2463174,6.2378263,5.1846247
1500081785843,4.3707867,7.0995364,6.0463347
1500081785907,4.581427,6.668681,5.5963306
1500081785971,4.5335546,6.5729356,5.8165455
1500081786035,4.715471,6.333572,5.06973
1500081786099,5.3569665,5.998462,5.960164
1500081786163,5.644203,5.2516465,6.218677
1500081786227,5.941015,3.9686553,5.759098
1500081786291,6.2761245,3.6431203,6.323997
1500081786354,6.8122997,3.2888615,6.697405
1500081786418,6.7931504,2.88673,6.1899533
1500081786482,7.9037995,1.1824582,5.739949
1500081786546,6.975067,2.8484318,2.187787
1500081786610,7.721883,5.538883,3.8346114
1500081786674,8.296356,6.151655,7.4250717
1500081786739,7.56869,5.49101,4.2175937
1500081786802,9.339984,4.0261025,0.359046
1500081786865,7.243155,3.7484405,-1.0962871
1500081786929,6.285699,7.7793303,0.8760723
1500081786993,3.8729098,7.3389006,2.1973617
1500081787058,3.4899273,9.234664,2.187787
1500081787121,2.2643836,7.5303917,0.6079846
1500081787185,0.28244954,5.2037735,-0.49308985
1500081787249,0.3877697,1.3548003,0.7228793
1500081787313,-5.088879,-1.4505459,-3.2601378
1500081787376,-6.630383,-8.487848,-11.025106
1500081787440,-10.938935,-4.2271686,-10.603826
1500081787504,-6.7261286,-3.6143966,-12.499589
1500081787568,2.3505547,-2.4654493,-12.557036
1500081787633,4.1792955,2.7622607,-11.436812
1500081787696,0.63670826,-0.19627848,-14.9794
1500081787760,-3.3080106,1.469695,-15.496426
1500081787824,-1.4409714,0.5218136,-15.190041
1500081787887,0.6271337,1.8718265,-13.552791
1500081787951,-0.49308985,1.5558661,-13.619812
1500081788015,-1.9196993,6.3144226,-6.630383
1500081788079,-3.126094,1.2207564,-6.2091026
1500081788143,-4.543129,2.3026817,-9.876159
1500081788206,-6.0367603,2.0250196,-6.4484663
1500081788270,-7.1857076,2.3314054,-5.1654754
1500081788334,-6.678256,4.342063,-3.4707782
1500081788398,-6.4963393,5.194199,0.32074776
1500081788462,-10.230418,5.8835673,0.4164934
1500081788478,-6.936769,8.085716,1.3930986
1500081788494,-6.9559183,6.4963393,1.1345854
1500081788510,-6.8888965,5.194199,0.20585304
1500081788526,-7.1665583,5.797396,-0.85692316
1500081788542,-7.5974135,6.6591067,-1.9867213
1500081788558,-8.34423,7.894225,-2.101616
1500081788574,-8.44955,8.420826,-2.254809
1500081788590,-7.6261373,7.0325146,-2.3984275
1500081788606,-7.5208173,6.4676156,-2.867581
1500081788622,-7.7506065,6.37187,-3.1356685
1500081788638,-7.6069884,6.3144226,-3.193116
1500081788654,-7.9899707,6.783576,-2.867581
1500081788669,-8.076141,6.9942164,-2.6186423
1500081788685,-7.616563,6.2282515,-2.714388
1500081788701,-7.654861,5.4048395,-3.4324799
1500081788717,-8.401677,5.06973,-3.7675896
1500081788733,-8.995299,5.4239883,-3.7963133
1500081788749,-9.6942425,6.2091026,-3.825037
1500081788765,-9.474028,6.458041,-3.4037561
1500081788781,-9.569773,6.745278,-3.4133308
1500081788797,-10.259142,6.984642,-3.4037561
1500081788813,-10.642124,6.831449,-3.3750327
1500081788829,-11.341067,7.042089,-3.5473747
1500081788845,-12.5474615,7.6069884,-3.7963133
1500081788861,-13.035764,6.8410234,-3.4803526
1500081788877,-13.112361,5.567607,-3.2697124
1500081788893,-13.217681,4.2175937,-3.039923
1500081788909,-12.978316,3.518651,-3.365458
1500081788925,-12.930444,3.777164,-3.5569491
1500081788941,-12.068733,4.284616,-3.6431203
1500081788957,-11.130426,5.06973,-3.6239712
1500081788973,-10.5080805,5.9314404,-3.825037
1500081788989,-9.617646,6.065484,-3.758015
1500081789005,-8.937852,6.525063,-2.6377914
1500081789021,-7.741032,6.850598,-1.2494801
1500081789037,-6.525063,6.515488,-0.062234644
1500081789053,-5.912291,5.309094,1.1920328
1500081789069,-5.2707953,3.2697124,1.7569319
1500081789085,-5.0601554,0.85692316,2.7814097
1500081789101,-4.619725,-1.0867126,4.83994
1500081789117,-3.3367343,-1.0484143,7.4729443
1500081789133,-2.2643836,0.00478728,10.354887
1500081789149,-1.8909757,2.015445,11.140001
1500081789165,-3.231414,2.4175766,10.958084
1500081789180,-3.2697124,0.8664977,8.200611
1500081789196,-2.475024,0.27287498,4.849515
1500081789212,-2.34098,1.3260766,3.2218397
1500081789228,-2.7718353,5.108028,3.518651
1500081789244,-3.346309,5.873993,5.4048395
1500081789260,-1.4409714,2.5994933,5.2899446
1500081789276,-0.16755481,0.6558574,2.8292825
1500081789292,0.18670394,-0.23457673,-2.3026817
1500081789309,-0.90479594,4.0931244,-6.438892
1500081789325,-4.0069537,5.912291,-6.525063
1500081789340,-4.8973875,0.33032233,-5.739949
1500081789356,-1.0101161,-0.63670826,-8.248484
1500081789372,-2.2356598,2.6856642,-6.4484663
1500081789388,-3.6814184,3.0877957,-3.5760984
1500081789404,-4.1601467,-0.00478728,-2.6760898
1500081789420,-2.4654493,-0.9430942,-0.8090504
1500081789436,-3.8154624,3.2984362,0.78990126
1500081789452,-6.1420803,4.389936,0.8856468
1500081789468,-5.759098,2.5516202,-0.7420284
1500081789484,-3.7388659,-1.8718265,-6.6878304
1500081789500,-5.6633525,-10.776168,-19.527315
1500081789516,-15.036847,-17.784746,-19.603912
1500081789532,-12.2410755,-18.052834,-15.927281
1500081789548,-10.910212,-15.601747,-10.431483
1500081789564,-12.604909,-12.882571,-8.621892
1500081789580,-14.558119,-11.111278,-8.889979
1500081789596,-14.816632,-11.944264,-8.641041
1500081789612,-12.978316,-11.05383,-8.047418
1500081789628,-11.484685,-8.411251,-6.2091026
1500081789644,-9.761265,-6.9176197,-2.360129
1500081789659,-7.5208173,-4.696322,0.46436617
1500081789675,-5.912291,-2.88673,1.929274
1500081789691,-5.5771813,-1.8239537,2.647366
1500081789707,-5.873993,-1.1154363,2.9441774
1500081789763,-5.021857,-1.2686293,1.4505459
1500081789771,-7.2335806,-7.5591154,-3.3367343
1500081789787,-4.887813,-7.4154973,-4.715471
1500081789803,-4.581427,-6.8122997,-4.4473834
1500081789867,-5.7303743,-8.00912,-7.4154973
1500081789931,-5.452712,-10.728295,-5.835695
1500081789996,-5.309094,-9.263388,-3.346309
1500081790060,-4.198445,-9.742115,-0.014361841
1500081790123,-5.309094,-8.401677,0.9430942
1500081790187,-6.017611,-7.9803963,1.1154363
1500081790251,-4.275041,-10.125097,0.0718092
1500081790315,-4.8782387,-5.8931417,1.3739494
1500081790379,-5.021857,-4.2558923,4.2654667
1500081790451,-4.016528,-3.5856729,3.0877957
1500081790506,-1.6037389,-7.56869,1.7569319
1500081790570,1.6803354,-9.263388,3.0111992
1500081790634,2.0728924,-8.803808,3.8154624
1500081790698,1.6611862,-16.53048,-2.187787
1500081790762,-1.3452257,-12.90172,-3.6622694
1500081790826,-1.7377827,-7.808054,1.6707608
1500081790889,-1.3165021,-10.115523,0.99096704
1500081790953,-1.383524,-6.8027253,3.365458
1500081791017,-1.5750152,-8.899554,3.2409887
1500081791081,-1.8431029,-8.535721,6.6208086
1500081791145,-1.8909757,-8.870831,5.8165455
1500081791209,-3.1356685,-6.2665496,7.4059224
1500081791273,-3.365458,-8.00912,5.759098
1500081791337,-2.9154537,-6.304848,7.8367777
1500081791400,-2.6856642,-5.17505,7.204857
1500081791464,-3.0016246,-7.769756,5.682502
1500081791528,-4.1026993,-9.713391,6.410168
1500081791592,-6.1420803,-8.4686985,4.3803616
1500081791656,-6.4963393,-7.0803876,0.8856468
1500081791720,-6.9654927,-1.2877784,-0.023936402
1500081791784,-5.8644185,-3.4612036,1.2782038
1500081791848,-6.170804,0.7324539,6.1229315
1500081791912,-7.089962,-7.12826,2.1973617
1500081791975,-6.0367603,-1.9867213,7.3197513
1500081792039,-5.739949,-7.5782647,4.6867476
1500081792103,-8.076141,-4.169721,8.727212
1500081792167,-9.3878565,-4.782493,2.408002
1500081792231,-7.0325146,-3.4037561,1.5750152
1500081792295,-5.366541,-3.2218397,9.31126
1500081792359,-5.9027166,-5.82612,7.0612383
1500081792422,-4.7920675,-7.999545,2.9633265
1500081792486,-4.4186597,-7.9037995,4.504831
1500081792550,-5.38569,-10.421909,2.254809
1500081792614,-4.648449,-4.3324885,5.1271772
1500081792678,-4.610151,-6.113357,6.8793216
1500081792742,-4.4473834,-5.347392,7.635712
1500081792806,-4.581427,-4.6771727,7.961247
1500081792869,-4.4473834,-0.4356425,8.315506
1500081792933,-4.045252,-3.7484405,11.15915
1500081792997,-4.8782387,-2.647366,10.460207
1500081793061,-5.4431376,-1.8526775,8.928278
1500081793125,-5.7686725,-3.2505634,6.113357
1500081793189,-6.0846334,-3.9016335,3.6335456
1500081793253,-6.563361,-3.758015,0.5888355
1500081793317,-5.002708,-3.3175852,1.2111819
1500081793380,-4.2941904,-1.8239537,-1.1633091
1500081793444,-6.218677,-2.7718353,-8.631466
1500081793508,-6.2665496,-4.610151,-8.621892
1500081793572,-7.8846507,-5.232497,-4.8207912
1500081793636,-7.310177,-7.855927,-3.4803526
1500081793700,-8.889979,-7.2144313,-5.0984535
1500081793764,-8.286782,-5.979313,-5.835695
1500081793827,-6.5729356,-3.4324799,-5.49101
1500081793891,-5.376116,-3.126094,-5.7686725
1500081793956,-4.504831,-4.5239797,-3.690993
1500081794019,-2.2260852,-7.7314577,0.4356425
1500081794084,0.8281995,-10.278291,1.6707608
1500081794147,-0.5888355,-14.787909,0.7324539
1500081794211,-1.2207564,-15.017698,1.1250108
1500081794274,-1.3260766,-7.9899707,6.4484663
1500081794338,-0.14840569,-8.32508,4.619725
1500081794402,-0.3877697,-8.200611,5.0505805
1500081794466,0.18670394,-8.5740185,5.433563
1500081794530,0.63670826,-7.3676243,9.033598
1500081794594,-0.70373017,-8.2676325,6.6878304
1500081794658,0.30159867,-6.9463434,5.682502
1500081794722,5.088879,-12.068733,6.0367603
1500081794786,0.37819514,-10.230418,6.544212
1500081794849,-4.8782387,-8.880404,5.079304
1500081794913,-5.797396,-3.6335456,3.6143966
1500081794977,-5.3378177,-8.602742,-0.90479594
1500081795042,-5.088879,-2.6282167,1.6803354
1500081795105,-2.972901,-6.7740016,-2.0058703
1500081795170,-0.7324539,-7.0803876,0.54096264
1500081795233,0.16755481,-8.411251,1.4888442
1500081795296,-0.54096264,-12.279374,-1.3643749
1500081795360,-1.4888442,-13.916624,-1.9196993
1500081795424,-2.6760898,-13.457045,-1.5367169
1500081795488,-3.7484405,-8.957002,-0.5888355
1500081795552,-3.8920588,-7.8846507,-3.4899273
1500081795616,-4.6388745,-7.4154973,-5.021857
1500081795680,-4.1888704,-8.181462,-2.8963046
1500081795744,-3.7292912,-10.622974,-2.1111906
1500081795807,-3.7005677,-8.21976,-2.408002
1500081795871,-3.6431203,-8.822957,-3.930357
1500081795935,-2.5228968,-9.244238,-2.6569405
1500081795999,-2.9154537,-8.32508,-2.3026817
1500081796063,-2.9920502,-8.1623125,-2.647366
1500081796127,-2.714388,-8.698488,-2.1303396
1500081796191,-3.2026904,-8.928278,-2.1590633
1500081796255,-3.5952475,-9.971905,-1.8526775
1500081796318,-3.930357,-9.129343,-1.2207564
1500081796382,-3.173967,-8.909128,-1.0292653
1500081796446,-2.905879,-8.985725,-1.4888442
1500081796510,-2.8963046,-8.985725,-1.79523
1500081796574,-3.2697124,-8.842107,-1.7665064
1500081796638,-3.4803526,-9.014449,-2.0728924
1500081796702,-3.7867386,-9.244238,-2.88673
1500081796766,-4.150572,-8.66019,-2.6090677
1500081796829,-3.7388659,-8.305931,-2.9920502
1500081796893,-3.1643922,-8.21976,-3.2409887
1500081796957,-3.5378,-8.822957,-3.997379
1500081797021,-3.7197168,-8.593168,-3.604822
1500081797085,-3.777164,-8.459125,-3.3750327
1500081797149,-3.5569491,-8.305931,-3.5473747
1500081797213,-3.4707782,-8.286782,-3.5856729
1500081797276,-3.499502,-8.439975,-3.5952475
1500081797340,-3.4899273,-8.516571,-3.8537605
1500081797404,-3.4420545,-8.459125,-3.7867386
1500081797468,-3.518651,-8.32508,-3.7484405
1500081797532,-3.6143966,-8.296356,-3.8058877
1500081797596,-3.5952475,-8.258059,-3.7867386
1500081797660,-3.5569491,-8.353804,-3.8537605
1500081797724,-3.4707782,-8.34423,-3.671844
1500081797787,-3.5282254,-8.334655,-3.9686553
1500081797851,-3.5473747,-8.305931,-3.7484405
1500081797915,-3.6335456,-8.23891,-4.236743
1500081797979,-3.5473747,-8.401677,-3.9399316
1500081798043,-3.690993,-8.526146,-4.0261025
1500081798107,-3.5473747,-8.851681,-3.2026904
1500081798171,-3.2505634,-7.56869,-1.6707608
1500081798234,-3.7867386,-9.713391,-5.222923
1500081798298,-3.8058877,-9.85701,-2.867581
1500081798362,-3.2026904,-7.329326,0.2154276
1500081798426,-2.5707695,-11.513409,0.92394507
1500081798490,-2.733537,-10.680422,2.2165108
1500081798554,-2.1782124,-11.810221,1.1824582
1500081798618,-0.69415563,-9.742115,1.8048047
1500081798682,-1.2782038,-6.4484663,-0.665432
1500081798745,-3.6431203,-6.486765,-1.5941644
1500081798809,-5.28037,-6.6878304,0.11968201
1500081798873,-2.513322,-5.088879,1.14416
1500081798937,-1.6324625,-12.815549,-0.33032233
1500081799002,-0.54096264,-13.878325,4.83994
1500081799065,-1.2590547,-14.826207,4.7250457
1500081799129,-2.2452345,-16.0709,-0.6271337
1500081799193,-3.9782298,-9.62722,1.9005502
1500081799256,-6.0367603,-4.916537,-1.79523
1500081799320,-3.6239712,-8.736787,-2.6377914
1500081799384,-0.92394507,-4.954835,3.9878044
1500081799448,-1.3165021,-3.2792869,9.41658
1500081799512,-4.0261025,-5.3186684,10.814466
1500081799576,-6.1995277,-5.4718614,6.8410234
1500081799639,-6.697405,-5.347392,6.3622956
1500081799704,-5.079304,-3.039923,6.821874
1500081799767,-4.121848,-2.4845984,8.803808
1500081799831,-4.1888704,-1.8335283,9.8953085
1500081799895,-4.08355,-0.56011176,10.843189
1500081799960,-4.5144053,-0.98139244,8.822957
1500081800024,-5.5580325,-2.0537431,6.218677
1500081800088,-6.2091026,-2.2260852,5.28037
1500081800151,-7.0325146,-2.6090677,3.5665238
1500081800214,-7.137835,-3.7197168,4.0261025
1500081800278,-6.9654927,-3.020774,3.212265
1500081800342,-4.0739756,-4.9835587,4.543129
1500081800407,-2.494173,-6.8122997,4.275041
1500081800471,-1.1920328,-8.171887,4.935686
1500081800543,-1.3260766,-9.924032,5.912291
1500081800598,-4.6005764,-13.954922,6.8793216
1500081800662,-4.169721,-6.391019,6.8793216
1500081800725,-1.8909757,-5.0505805,5.9697385
1500081800789,-2.4558747,-7.654861,8.353804
1500081800853,-2.7622607,-6.0463347,6.8122997
1500081800917,-2.254809,-6.486765,7.0133657
1500081800981,-2.561195,-6.3814445,7.156984
1500081801045,-3.0111992,-6.180379,6.563361
1500081801109,-3.2026904,-6.2761245,6.8122997
1500081801173,-3.2984362,-6.4005938,7.051664
1500081801237,-2.7622607,-5.682502,7.855927
1500081801300,-2.752686,-6.094208,7.846352
1500081801364,-1.7377827,-6.2474008,7.8176284
1500081801428,-2.2356598,-5.6250544,8.018694
1500081801492,-4.131423,-5.9697385,6.256975
1500081801557,-2.4558747,-6.486765,6.3144226
1500081801620,-1.0292653,-6.410168,7.482519
1500081801683,2.4463003,-7.587839,4.2558923
1500081801747,1.2111819,-7.2623043,-0.8473486
1500081801812,-3.2984362,-7.204857,1.4505459
1500081801876,-4.2271686,-8.736787,3.5090764
1500081801940,3.2026904,-8.23891,8.076141
1500081802003,6.2952733,-3.173967,9.617646
1500081802066,10.996383,5.912291,16.520905
1500081802131,5.7208,-6.9080453,2.2835326
1500081802194,5.8931417,-15.94643,5.7112255
1500081802258,4.437809,0.37819514,4.5144053
1500081802322,5.3186684,-1.622888,3.8058877
1500081802386,8.535721,-4.7250457,2.7909844
1500081802450,13.23683,-1.4601204,2.88673
1500081802514,11.475111,-0.03351096,2.8388572
1500081802578,12.020861,1.3930986,3.1452432
1500081802642,13.380448,2.101616,2.647366
1500081802705,15.754939,3.173967,2.3026817
1500081802769,13.638962,1.862252,0.9622433
1500081802833,11.082554,5.1176023,3.3558834
1500081802897,11.293194,5.7016506,-5.2420716
1500081802961,4.935686,9.5219,-3.5378
1500081803025,8.478273,7.7123084,0.4356425
1500081803089,4.801642,3.2505634,-1.2877784
1500081803153,4.9835587,4.849515,-0.26330042
1500081803217,4.610151,5.672927,0.32074776
1500081803280,4.198445,4.3324885,1.3452257
1500081803344,7.693159,1.862252,2.187787
1500081803408,9.407005,0.25372586,2.015445
1500081803472,10.0868,-3.0494976,-1.5558661
1500081803536,6.9654927,-4.916537,-0.9718179
1500081803600,4.954835,-7.089962,-5.452712
1500081803664,5.2899446,-1.3643749,2.9824755
1500081803727,5.299519,-8.305931,1.6133134
1500081803791,6.1995277,-2.0441687,1.3739494
1500081803855,9.033598,-3.1835413,4.5335546
1500081803919,17.803896,-5.232497,-0.3877697
1500081803983,14.864505,-8.44955,-3.1548176
1500081804047,13.265553,-2.5899186,-7.635712
1500081804111,8.957002,-1.0292653,-3.1452432
1500081804174,6.563361,-1.6420372,-2.4463003
1500081804238,6.304848,-3.3750327,-3.777164
1500081804302,10.077225,-3.6622694,-2.8292825
1500081804366,12.729378,-0.5888355,-0.751603
1500081804430,9.64637,-2.6186423,0.7994758
1500081804494,7.1091113,-4.504831,2.2452345
1500081804558,5.462287,-5.3569665,1.4218222
1500081804621,7.46337,-6.7069798,-0.110107444
1500081804686,7.2910275,-7.7123084,-3.7675896
1500081804750,7.741032,-3.911208,-2.254809
1500081804814,5.835695,-6.323997,-6.391019
1500081804877,4.045252,-4.7441945,-0.39734426
1500081804941,11.274045,-7.396348,-1.0005416
1500081805005,15.553873,-3.604822,0.7994758
1500081805068,10.71872,-2.580344,0.61755913
1500081805132,11.570856,-0.71330476,-1.0579889
1500081805196,6.8027253,-0.90479594,-1.4888442
1500081805260,6.850598,-0.7994758,0.18670394
1500081805324,9.033598,-2.3122563,0.45479164
1500081805388,10.307014,-4.08355,0.71330476
1500081805452,8.4686985,-3.6814184,-0.2154276
1500081805516,8.21976,-2.408002,-0.4164934
1500081805580,8.765511,-1.6420372,0.6558574
1500081805643,9.41658,-2.0920415,0.6079846
1500081805707,9.569773,-2.2356598,-0.3877697
1500081805771,9.617646,-2.187787,-0.8186249
1500081805835,9.454879,-2.187787,-1.3739494
1500081805899,10.105948,-1.9771467,-1.622888
1500081805963,10.239992,-2.494173,-1.5558661
1500081806027,9.876159,-2.2165108,-1.9675722
1500081806091,9.052747,-2.0250196,-1.929274
1500081806154,8.832532,-2.408002,-2.0920415
1500081806218,9.158067,-3.1643922,-2.7431116
1500081806282,9.493176,-3.9878044,-2.714388
1500081806346,9.320834,-3.8058877,-2.3697038
1500081806410,8.171887,-3.1643922,-2.254809
1500081806474,7.8176284,-3.1069448,-1.7473572
1500081806538,8.526146,-3.0016246,-1.8335283
1500081806602,9.177217,-2.9920502,-1.6516117
1500081806665,9.177217,-3.1452432,-1.5845897
1500081806729,9.454879,-3.518651,-1.6707608
1500081806793,9.512326,-3.2792869,-1.8048047
1500081806857,9.64637,-2.9250283,-1.9675722
1500081806921,9.885734,-2.9920502,-2.1973617
1500081806985,9.435729,-3.078221,-2.3314054
1500081807048,9.378282,-3.0973704,-2.427151
1500081807113,9.454879,-2.8484318,-2.321831
1500081807176,9.407005,-2.7622607,-2.2931073
1500081807240,9.225089,-2.8101335,-2.254809
1500081807304,9.215514,-2.905879,-2.1590633
1500081807368,8.995299,-2.8771553,-2.0824668
1500081807432,9.5889225,-2.7622607,-1.9196993
1500081807496,10.019777,-2.561195,-2.0441687
1500081807560,10.958084,-1.9771467,-2.88673
1500081807623,9.991054,-0.91437054,-3.0877957
1500081807687,10.555953,0.8664977,-4.351638
1500081807751,9.617646,0.93351966,-4.5910015
1500081807815,9.665519,1.1824582,-4.198445
1500081807879,9.474028,2.666515,-2.752686
1500081807943,9.330409,1.9771467,-2.4367256
1500081808007,9.052747,1.7856555,-3.0973704
1500081808070,8.880404,1.6324625,-3.9207826
1500081808134,9.014449,2.9154537,-4.6867476
1500081808198,8.4686985,3.7101421,-4.3707867
1500081808262,8.6697645,1.79523,0.9718179
1500081808326,8.736787,0.93351966,-0.26330042
1500081808390,8.095291,5.9697385,-1.4505459
1500081808454,8.133589,6.850598,-1.4026731
1500081808518,7.8846507,5.462287,-1.6994845
1500081808582,7.654861,6.017611,-0.8664977
1500081808646,7.6740103,5.146326,-1.6516117
1500081808709,7.8846507,4.8590894,-2.0441687
1500081808773,8.296356,4.6867476,-2.905879
1500081808837,8.439975,4.7058964,-3.212265
1500081808901,8.248484,3.7867386,-2.9920502
1500081808965,8.296356,3.7197168,-3.5569491
1500081809028,8.047418,4.121848,-4.1409974
1500081809092,7.7601814,3.7388659,-4.2463174
1500081809156,7.6740103,3.844186,-3.7101421
1500081809220,8.200611,3.7867386,-4.342063
1500081809284,7.702734,3.844186,-5.49101
1500081809349,8.401677,3.6526947,-4.6388745
1500081809413,8.34423,4.0548263,-3.690993
1500081809476,7.6835847,3.5856729,-4.045252
1500081809540,8.315506,4.351638,-4.495256
1500081809603,8.037844,4.782493,-2.8771553
1500081809667,7.9325233,4.322914,-2.7622607
1500081809731,8.459125,4.763344,-2.9441774
1500081809795,7.8272033,4.5910015,-3.3558834
1500081809859,7.855927,3.3367343,-3.6431203
1500081809923,8.55487,3.4420545,-4.121848
1500081809987,7.9899707,3.6143966,-4.389936
1500081810050,7.721883,2.6186423,-5.002708
1500081810114,8.2676325,3.2026904,-5.1271772
1500081810178,5.2037735,4.9069624,-3.0686467
1500081810242,8.32508,2.6377914,-6.8027253
1500081810307,9.368708,3.6622694,-6.017611
1500081810370,7.6261373,0.665432,-4.801642
1500081810434,9.617646,-0.93351966,-8.056993
1500081810498,11.254896,1.6707608,-6.563361
1500081810562,12.422992,1.0292653,-4.3995104
1500081810625,13.658111,-0.93351966,-4.2558923
1500081810689,11.963413,-1.7186337,-4.9069624
1500081810753,11.130426,-2.0250196,-5.002708
1500081810817,10.517654,-2.5899186,-3.3750327
1500081810881,9.7899885,-3.0111992,-2.3984275
1500081810945,9.244238,-3.7292912,-1.3356512
1500081811008,8.727212,-4.0261025,-0.18670394
1500081811072,7.3676243,-3.6431203,0.0718092
1500081811136,6.639958,-5.634629,0.93351966
1500081811200,6.8793216,-6.697405,2.2452345
1500081811264,6.8122997,-7.003791,2.360129
1500081811328,5.9027166,-7.9037995,2.0920415
1500081811392,3.7292912,-7.9037995,2.5516202
1500081811456,1.9771467,-8.641041,3.2792869
1500081811520,0.6079846,-9.971905,4.428234
1500081811583,-2.5899186,-9.579348,5.7016506
1500081811647,-7.8272033,-9.138918,4.926111
1500081811711,-10.354887,-8.717637,4.8207912
1500081811775,-8.928278,-9.435729,6.4293175
1500081811839,-5.739949,-9.847435,8.794233
1500081811903,-2.7909844,-8.076141,9.675094
1500081811967,-1.776081,-7.635712,8.6697645
1500081812030,-2.6282167,-8.650616,7.2240057
1500081812094,-3.4133308,-11.187874,6.5059137
1500081812158,-2.9346027,-12.432567,7.281453
1500081812222,-2.8963046,-12.738953,8.181462
1500081812286,-2.1303396,-13.150659,10.115523
1500081812350,-0.6079846,-11.561282,12.068733
1500081812414,0.71330476,-9.971905,12.738953
1500081812478,0.014361841,-7.5782647,11.522984
1500081812542,-1.2686293,-6.5346375,10.958084
1500081812606,-2.254809,-6.783576,12.7964
1500081812669,-0.13883112,-3.6526947,12.930444
1500081812733,1.1058618,-1.4984187,11.838944
1500081812797,4.993133,1.9005502,11.436812
1500081812861,7.0133657,4.5622783,9.215514
1500081812925,6.6878304,5.5580325,8.171887
1500081812989,5.28037,4.495256,7.9037995
1500081813052,3.8824842,1.6611862,8.497422
1500081813116,2.149489,-2.494173,10.5080805
1500081813180,-0.2441513,-6.1612296,11.867668
1500081813244,-2.8292825,-8.315506,11.28362
1500081813308,-4.648449,-7.922949,9.225089
1500081813372,-5.605905,-7.702734,7.4059224
1500081813436,-5.2707953,-6.1612296,6.697405
1500081813500,-6.285699,-6.027186,6.9271946
1500081813564,-6.745278,-5.146326,7.616563
1500081813627,-6.668681,-3.8633351,7.8176284
1500081813691,-6.831449,-2.714388,7.0612383
1500081813755,-6.8122997,-2.6569405,6.3144226
1500081813819,-6.132506,-2.321831,6.2761245
1500081813883,-6.027186,-1.6994845,6.1612296
1500081813947,-6.639958,-1.8143792,6.1229315
1500081814011,-6.783576,-2.187787,6.6591067
1500081814074,-6.5825105,-2.0920415,6.630383
1500081814139,-7.051664,-2.4367256,4.9835587
1500081814202,-6.9942164,-2.4845984,4.0739756
1500081814266,-7.8176284,-3.5856729,4.2558923
1500081814331,-8.229335,-4.5239797,4.6005764
1500081814395,-8.650616,-4.0548263,4.887813
1500081814458,-8.55487,-3.7101421,4.9452605
1500081814522,-8.612317,-3.8537605,4.8590894
1500081814586,-8.32508,-4.150572,5.0122824
1500081814649,-8.305931,-4.7441945,5.079304
1500081814713,-7.7984796,-5.146326,5.5771813
1500081814777,-7.0325146,-4.581427,5.644203
1500081814841,-6.47719,-3.8154624,5.452712
1500081814905,-5.8835673,-3.7963133,5.6250544
1500081814969,-5.1846247,-3.9016335,6.1612296
1500081815033,-4.0739756,-3.0686467,6.5825105
1500081815096,-2.015445,-2.0058703,5.644203
1500081815160,2.1111906,-3.2697124,4.648449
1500081815224,7.0133657,-4.1792955,5.4431376
1500081815288,9.933606,-7.808054,6.1420803
1500081815352,10.642124,-7.855927,9.5889225
1500081815416,8.995299,-9.349558,8.631466
1500081815480,7.329326,-8.353804,5.7016506
1500081815543,4.6867476,-5.328243,5.759098
1500081815607,4.8303657,-6.4005938,5.2037735
1500081815671,5.3952646,-5.845269,2.9346027
1500081815735,7.1857076,-5.759098,1.9867213
1500081815799,10.06765,-3.1643922,-0.081383765
1500081815863,6.9463434,-9.684668,0.91437054
1500081815927,6.4963393,-7.5782647,0.90479594
1500081815991,6.1899533,-7.788905,1.383524
1500081816054,5.960164,-7.616563,0.25372586
1500081816119,5.6250544,-7.7123084,0.46436617
1500081816182,5.452712,-8.104865,0.7994758
1500081816246,5.605905,-7.9708214,1.4409714
1500081816310,5.835695,-8.526146,0.91437054
1500081816374,6.2761245,-9.004874,0.46436617
1500081816438,5.8644185,-8.602742,0.71330476
1500081816502,5.979313,-8.277207,0.78032666
1500081816566,6.170804,-8.152739,0.30159867
1500081816629,6.333572,-7.176133,0.26330042
1500081816693,6.333572,-7.4154973,0.45479164
1500081816757,6.1612296,-7.281453,0.023936402
1500081816821,6.37187,-6.6591067,-0.22500217
1500081816885,7.2623043,-6.391019,-0.8473486
1500081816949,7.4920936,-6.132506,-1.1058618
1500081817013,7.204857,-6.094208,-1.2973529
1500081817076,7.310177,-5.0601554,-1.8814012
1500081817140,7.8272033,-5.462287,-3.2218397
1500081817204,7.654861,-5.7782474,-3.758015
1500081817268,7.4920936,-4.8782387,-3.6239712
1500081817332,7.693159,-4.8207912,-4.476107
1500081817396,7.664436,-4.7058964,-5.1367517
1500081817460,6.8410234,-4.236743,-5.797396
1500081817524,6.544212,-3.9495063,-5.845269
1500081817588,6.458041,-3.6335456,-5.9218655
1500081817651,6.5346375,-4.08355,-6.592085
1500081817715,6.5346375,-3.8154624,-6.486765
1500081817779,6.486765,-3.4707782,-6.7357035
1500081817843,6.180379,-3.4803526,-6.745278
1500081817907,5.950589,-3.212265,-7.0995364
1500081817971,5.739949,-2.905879,-7.4154973
1500081818035,5.452712,-2.7814097,-7.8367777
1500081818099,5.2133484,-2.6282167,-7.9037995
1500081818162,5.2707953,-2.7622607,-8.028269
1500081818226,5.2516465,-2.9250283,-8.191036
1500081818290,5.0505805,-2.7718353,-8.23891
1500081818354,4.8782387,-2.752686,-8.21976
1500081818418,5.0314317,-2.7239625,-8.171887
1500081818482,4.954835,-2.6952388,-8.018694
1500081818546,4.935686,-2.3984275,-7.961247
1500081818610,5.079304,-1.1154363,-7.587839
1500081818673,5.950589,-1.9771467,-7.5303917
1500081818737,7.348475,-3.1069448,-7.1474094
1500081818801,6.5825105,-1.4026731,-6.304848
1500081818865,7.9420977,3.6622694,-4.437809
1500081818929,6.7357035,13.533641,-7.693159
1500081818993,5.4431376,7.7506065,-4.4473834
1500081819057,7.9325233,2.9633265,8.516571
1500081819121,2.4367256,5.06973,-2.4558747
1500081819184,4.916537,6.9559183,4.772918
1500081819248,7.56869,8.305931,2.168638
1500081819312,7.587839,6.4676156,1.8814012
