1500090245344,401,502,0.56
1500090365514,401,502,0.55
1500090485685,401,502,0.55
1500090605855,401,502,0.55
1500091702551,401,502,0.54
1500104653160,401,502,0.53
1500104773316,401,502,0.53
1500104893525,401,502,0.52
1500105013690,401,502,0.52
1500105133871,401,502,0.52
1500111054351,401,502,0.51
1500120819205,201,501,0.5
1500215756318,202,502,1.0
1500215776564,401,502,1.0
1500215896724,401,502,1.0
1500216016890,401,502,0.99
1500216137063,401,502,0.99
1500216257224,401,502,0.99
1500216377394,401,502,0.99
1500216497560,401,502,0.99
1500216617726,401,502,0.98
1500216737905,401,502,0.98
1500216858055,401,502,0.98
1500216978221,401,502,0.98
1500217098384,401,502,0.97
1500217218550,401,502,0.97
1500217338714,401,502,0.97
1500217458880,401,502,0.97
1500217579035,401,502,0.96
1500217699192,401,502,0.96
1500217819331,401,502,0.96
1500217939494,401,502,0.96
1500218059660,401,502,0.95
1500218179824,401,502,0.95
1500218299994,401,502,0.95
1500218420170,401,502,0.95
1500218540336,401,502,0.94
1500218660510,401,502,0.94
1500218780674,401,502,0.94
1500218900865,401,502,0.94
1500219021042,401,502,0.93
1500219141201,401,502,0.93
1500219261364,401,502,0.93
1500219381535,401,502,0.92
1500219501675,401,502,0.92
1500219621840,401,502,0.92
1500219742011,401,502,0.92
1500219862180,401,502,0.91
1500219982361,401,502,0.91
1500220102532,401,502,0.91
1500220222700,401,502,0.91
1500220342866,401,502,0.9
1500220463040,401,502,0.9
1500220583184,401,502,0.9
1500220703354,401,502,0.9
1500220823525,401,502,0.89
1500220943680,401,502,0.89
1500221063850,401,502,0.89
1500221184020,401,502,0.89
1500221304180,401,502,0.88
1500221424344,401,502,0.88
1500221544552,401,502,0.88
1500221664714,401,502,0.88
1500221784844,401,502,0.87
1500221905010,401,502,0.87
1500222025180,401,502,0.87
1500222145344,401,502,0.87
1500222265520,401,502,0.86
1500222385674,401,502,0.86
1500222505834,401,502,0.86
1500222625994,401,502,0.86
1500222746142,401,502,0.85
1500222866304,401,502,0.85
1500222986464,401,502,0.85
1500223106630,401,502,0.85
1500223226791,401,502,0.84
1500223346955,401,502,0.84
1500223467114,401,502,0.84
1500223587289,401,502,0.84
1500223707460,401,502,0.83
1500223827624,401,502,0.83
1500223947795,401,502,0.83
1500224067950,401,502,0.83
1500224188115,401,502,0.82
1500224308274,401,502,0.82
1500224428444,401,502,0.82
1500224548614,401,502,0.82
1500224668784,401,502,0.81
1500224788984,401,502,0.81
1500224909140,401,502,0.81
1500225029294,401,502,0.81
1500225149494,401,502,0.8
1500225269655,401,502,0.8
1500225389810,401,502,0.8
1500225509966,401,502,0.8
1500225630130,401,502,0.79
1500225750291,401,502,0.79
1500225870464,401,502,0.79
1500225990624,401,502,0.79
1500226110790,401,502,0.78
1500226230954,401,502,0.78
1500226351131,401,502,0.78
1500226471294,401,502,0.78
1500226591440,401,502,0.77
1500226711622,401,502,0.77
1500226831801,401,502,0.77
1500226951974,401,502,0.77
1500227072140,401,502,0.76
1500227192299,401,502,0.76
1500227312470,401,502,0.76
1500227432644,401,502,0.76
1500227552808,401,502,0.75
1500227672974,401,502,0.75
1500227793131,401,502,0.75
1500227913294,401,502,0.75
1500228033464,401,502,0.74
1500228153620,401,502,0.74
1500228273784,401,502,0.74
1500228393956,401,502,0.74
1500228514134,401,502,0.73
1500228634302,401,502,0.73
1500228754471,401,502,0.73
1500228874634,401,502,0.72
1500228994804,401,502,0.72
1500229114950,401,502,0.72
1500229235124,401,502,0.72
1500229355270,401,502,0.71
1500229475460,401,502,0.71
1500229595630,401,502,0.71
1500229715795,401,502,0.71
1500229835989,401,502,0.7
1500229956180,401,502,0.7
1500230076345,401,502,0.7
1500230196505,401,502,0.7
1500230316670,401,502,0.69
1500230436841,401,502,0.69
1500230557025,401,502,0.69
1500230677176,401,502,0.69
1500230797345,401,502,0.68
1500230917514,401,502,0.68
1500231037684,401,502,0.68
1500231157854,401,502,0.68
1500231278014,401,502,0.67
1500231398174,401,502,0.67
1500231518350,401,502,0.67
1500231638515,401,502,0.67
1500231758671,401,502,0.66
1500231878834,401,502,0.66
1500231999004,401,502,0.66
1500232119174,401,502,0.66
1500232239344,401,502,0.65
1500232359504,401,502,0.65
1500232479670,401,502,0.65
1500232599840,401,502,0.65
1500232720040,401,502,0.64
1500232840210,401,502,0.64
1500232960384,401,502,0.64
1500233080582,401,502,0.63
1500233200750,401,502,0.63
1500233320916,401,502,0.63
1500233441084,401,502,0.63
1500233561254,401,502,0.62
1500233681430,401,502,0.62
1500233801600,401,502,0.62
1500233921770,401,502,0.62
1500234041940,401,502,0.61
1500234162103,401,502,0.61
1500234282266,401,502,0.61
1500234402434,401,502,0.6
1500234522604,401,502,0.6
1500234642756,401,502,0.6
1500234762914,401,502,0.6
1500234883084,401,502,0.59
1500235003260,401,502,0.59
1500235123434,401,502,0.59
1500235243610,401,502,0.59
1500235363776,401,502,0.59
1500235483954,401,502,0.58
1500235604114,401,502,0.58
1500235724280,401,502,0.58
1500235844444,401,502,0.58
1500239264372,401,502,0.57
1500239384543,401,502,0.57
1500239504712,401,502,0.56
1500240256395,401,502,0.56
1500240376555,401,502,0.56
1500240496722,401,502,0.56
1500240616894,401,502,0.55
1500240737056,401,502,0.55
1500240857224,401,502,0.55
1500240977405,401,502,0.55
1500241097565,401,502,0.54
1500241217735,401,502,0.54
1500241337910,401,502,0.54
1500241458082,401,502,0.53
1500241578254,401,502,0.53
1500241698405,401,502,0.53
1500241818572,401,502,0.53
1500241938730,401,502,0.52
1500242058890,401,502,0.52
1500242179100,401,502,0.52
1500242299255,401,502,0.52
1500242419415,401,502,0.51
1500242539582,401,502,0.51
1500242659755,401,502,0.51
1500242779930,401,502,0.51
1500242900145,401,502,0.5
1500243020305,401,502,0.5
1500243140474,401,502,0.5
1500243260705,401,502,0.49
1500243380864,401,502,0.49
1500243501050,401,502,0.49
1500243621215,401,502,0.49
1500243741385,401,502,0.48
1500243861547,401,502,0.48
1500243981730,401,502,0.48
1500244101894,401,502,0.48
1500244222035,401,502,0.47
1500244342197,401,502,0.47
1500244462360,401,502,0.47
1500244582561,401,502,0.47
1500244702724,401,502,0.46
1500244822922,401,502,0.46
1500244943084,401,502,0.46
1500245063245,401,502,0.46
1500245183414,401,502,0.45
1500245303574,401,502,0.45
1500245423736,401,502,0.45
1500245543900,401,502,0.45
1500245664104,401,502,0.44
1500245784270,401,502,0.44
1500245904480,401,502,0.44
1500246024654,401,502,0.43
1500246144824,401,502,0.43
1500246264987,401,502,0.43
1500246385155,401,502,0.43
1500246505324,401,502,0.42
1500246625534,401,502,0.42
1500246745705,401,502,0.42
1500246865865,401,502,0.42
1500246986035,401,502,0.41
1500247106194,401,502,0.41
1500247226375,401,502,0.41
1500247346560,401,502,0.4
1500247466730,401,502,0.4
1500247586905,401,502,0.4
1500247707065,401,502,0.4
1500247827225,401,502,0.39
1500247947394,401,502,0.39
1500248067560,401,502,0.39
1500248187725,401,502,0.39
1500248307915,401,502,0.38
1500248428075,401,502,0.38
1500248548250,401,502,0.38
1500248668414,401,502,0.37
1500248788574,401,502,0.37
1500248908736,401,502,0.37
1500249028905,401,502,0.37
1500249149090,401,502,0.36
1500249269255,401,502,0.36
1500249389425,401,502,0.36
1500249509580,401,502,0.36
1500249629758,401,502,0.35
1500249749922,401,502,0.35
1500249870095,401,502,0.35
1500249990271,401,502,0.35
1500250110425,401,502,0.34
1500251286575,401,502,0.34
1500253194538,401,502,0.33
1500253314712,401,502,0.33
1500253434879,401,502,0.33
1500253559763,401,502,0.33
1500255457579,401,502,0.32
1500255577735,401,502,0.31
1500255697891,401,502,0.31
1500255818061,401,502,0.31
1500255938216,401,502,0.3
1500256058385,401,502,0.3
1500256178577,401,502,0.3
1500256298745,401,502,0.29
1500256418915,401,502,0.29
1500256539075,401,502,0.29
1500256659237,401,502,0.28
1500256779411,401,502,0.28
1500256899565,401,502,0.28
1500257019721,401,502,0.27
1500257139875,401,502,0.27
1500257260041,401,502,0.27
1500257380205,401,502,0.26
1500257500371,401,502,0.26
1500257620532,401,502,0.25
1500257740705,401,502,0.25
1500257860871,401,502,0.25
1500257981035,401,502,0.24
1500258101195,401,502,0.24
1500258221375,401,502,0.24
1500258341542,401,502,0.23
1500258461715,401,502,0.23
1500258581891,401,502,0.23
1500258702041,401,502,0.22
1500258822185,401,502,0.22
1500258942355,401,502,0.22
1500259062517,401,502,0.21
1500259182685,401,502,0.21
1500259851540,401,502,0.21
1500259971700,401,502,0.2
1500260091866,401,502,0.2
1500260212030,401,502,0.19
1500260332195,401,502,0.19
1500260452346,401,502,0.19
1500260572516,401,502,0.18
1500260692686,401,502,0.18
1500260812856,401,502,0.18
1500260933050,401,502,0.17
1500261053219,401,502,0.17
1500261173390,401,502,0.16
1500261293550,401,502,0.16
1500261413690,401,502,0.16
1500261533856,401,502,0.15
1500261654026,401,502,0.15
1500261774197,401,502,0.15
1500261894376,401,502,0.14
1500262014552,401,502,0.14
1500262134731,401,502,0.13
1500262254890,401,502,0.13
1500262375052,401,502,0.13
1500262495230,401,502,0.12
1500262615400,401,502,0.12
1500262735576,401,502,0.11
1500263674526,401,502,0.11
1500266091267,401,502,0.1
1500266351680,401,502,0.1
1500266471850,401,502,0.09
1500267670019,401,502,0.09
