1500076649561,401,502,0.06
1500076769731,401,502,0.05
1500076889896,401,502,0.05
1500077010056,401,502,0.05
1500077130196,401,502,0.04
1500077250366,401,502,0.04
1500077370531,401,502,0.03
1500077490698,401,502,0.03
1500077610866,401,502,0.03
1500077731056,401,502,0.02
1500077851207,401,502,0.02
1500077971373,401,502,0.02
1500078091506,401,502,0.02
1500078211642,401,502,0.02
1500078331877,401,502,0.02
1500078452056,401,502,0.02
1500078572232,401,502,0.02
1500078692416,401,502,0.02
1500078812576,401,502,0.02
1500078932762,401,502,0.02
1500079052932,401,502,0.02
1500079173102,401,502,0.02
1500079293256,401,502,0.02
1500079413422,401,502,0.02
1500079533586,401,502,0.02
1500079653747,401,502,0.02
1500079773916,401,502,0.02
1500079894092,401,502,0.02
1500080014252,401,502,0.02
1500080134416,401,502,0.02
1500080254626,401,502,0.01
1500129316672,202,502,1.0
1500129336457,401,502,1.0
1500129383788,300,502,0.99
1500129456790,401,502,0.99
1500129576939,401,502,0.99
1500129697100,401,502,0.98
1500129817269,401,502,0.98
1500129937459,401,502,0.98
1500130057619,401,502,0.98
1500130177789,401,502,0.97
1500130297974,401,502,0.97
1500130418145,401,502,0.97
1500130538314,401,502,0.97
1500130658449,401,502,0.96
1500130778619,401,502,0.96
1500130898789,401,502,0.96
1500131018954,401,502,0.96
1500131139120,401,502,0.95
1500131259294,401,502,0.95
1500131379465,401,502,0.95
1500131499628,401,502,0.95
1500131619794,401,502,0.94
1500131739971,401,502,0.94
1500131860144,401,502,0.94
1500131980319,401,502,0.94
1500132100499,401,502,0.93
1500132220675,401,502,0.93
1500132340839,401,502,0.93
1500132461014,401,502,0.93
1500132581229,401,502,0.92
1500132701436,401,502,0.92
1500132821649,401,502,0.92
1500132941829,401,502,0.91
1500133061996,401,502,0.91
1500133182165,401,502,0.91
1500133302339,401,502,0.91
1500133422500,401,502,0.9
1500133542659,401,502,0.9
1500133662824,401,502,0.9
1500133782989,401,502,0.9
1500133903129,401,502,0.89
1500134023289,401,502,0.89
1500134143461,401,502,0.89
1500134263621,401,502,0.89
1500134383789,401,502,0.88
1500134503965,401,502,0.88
1500134624139,401,502,0.88
1500134744328,401,502,0.88
1500134864518,401,502,0.87
1500134984704,401,502,0.87
1500135104878,401,502,0.87
1500135225049,401,502,0.87
1500135345229,401,502,0.86
1500135465409,401,502,0.86
1500135585589,401,502,0.86
1500135705752,401,502,0.86
1500135825924,401,502,0.85
1500135946095,401,502,0.85
1500136066304,401,502,0.85
1500136186469,401,502,0.85
1500136306639,401,502,0.84
1500136426809,401,502,0.84
1500136546989,401,502,0.84
1500136667154,401,502,0.84
1500136787321,401,502,0.83
1500136907480,401,502,0.83
1500137027649,401,502,0.83
1500137147819,401,502,0.83
1500137267985,401,502,0.82
1500137388189,401,502,0.82
1500137508359,401,502,0.82
1500137628524,401,502,0.82
1500137748701,401,502,0.81
1500137868874,401,502,0.81
1500137989069,401,502,0.81
1500138109245,401,502,0.81
1500138229443,401,502,0.8
1500138349619,401,502,0.8
1500138469789,401,502,0.8
1500138589969,401,502,0.8
1500138710135,401,502,0.8
1500138830319,401,502,0.79
1500138950489,401,502,0.79
1500139070659,401,502,0.79
1500139190831,401,502,0.79
1500139311005,401,502,0.78
1500139431169,401,502,0.78
1500139551345,401,502,0.78
1500139671509,401,502,0.78
1500139791705,401,502,0.77
1500139911875,401,502,0.77
