1500080225663,401,502,0.05
1500080345831,401,502,0.05
1500080466006,401,502,0.04
1500080586185,401,502,0.04
1500080706356,401,502,0.04
1500080826534,401,502,0.03
1500080946699,401,502,0.03
1500081066860,401,502,0.02
1500081187039,401,502,0.02
1500081307205,401,502,0.02
1500081427389,401,502,0.02
1500081547555,401,502,0.02
1500081667725,401,502,0.02
1500129327348,202,502,1.0
1500129347549,401,502,1.0
1500129395887,300,502,0.99
1500129467874,401,502,0.99
1500129588156,401,502,0.99
1500129708512,401,502,0.98
1500129828692,401,502,0.98
1500129948862,401,502,0.98
1500130069042,401,502,0.98
1500130189212,401,502,0.97
1500130309387,401,502,0.97
1500130429558,401,502,0.97
1500130549722,401,502,0.97
1500130669898,401,502,0.96
1500130790072,401,502,0.96
1500130910248,401,502,0.96
1500131030435,401,502,0.96
1500131150614,401,502,0.95
1500131270783,401,502,0.95
1500131390954,401,502,0.95
1500131511122,401,502,0.95
1500131631320,401,502,0.95
1500131751468,401,502,0.94
1500131871653,401,502,0.94
1500131991833,401,502,0.94
1500132112012,401,502,0.94
1500132232192,401,502,0.93
1500132352360,401,502,0.93
1500132472532,401,502,0.93
1500132592703,401,502,0.93
1500132712873,401,502,0.92
1500132833042,401,502,0.92
1500132953222,401,502,0.92
1500133073393,401,502,0.92
1500133193564,401,502,0.91
1500133313732,401,502,0.91
1500133433898,401,502,0.91
1500133554067,401,502,0.91
1500137133177,401,502,0.9
1500137253356,401,502,0.9
1500137373536,401,502,0.89
1500137493698,401,502,0.89
1500143948816,401,502,0.88
1500144068987,401,502,0.88
1500144189182,401,502,0.88
1500144309357,401,502,0.87
1500144429532,401,502,0.87
1500144549706,401,502,0.87
1500144669876,401,502,0.87
1500144790053,401,502,0.86
1500146636405,401,502,0.86
1500158807128,401,502,0.85
