14442D31F8BC4E0,1500318151598,1500076945419,64,0.0
14442D31F8BC4E0,1500318151666,1500077085087,151,0.0
14442D31F8BC4E0,1500318151712,1500077178554,46,0.0
14442D31F8BC4E0,1500318151807,1500077206394,60,0.0
14442D31F8BC4E0,1500318151944,1500077396898,18,0.0
14442D31F8BC4E0,1500318152033,1500077581739,45,0.0
14442D31F8BC4E0,1500318152387,1500077957474,20,0.0
14442D31F8BC4E0,1500318152387,1500077980605,46,0.0
14442D31F8BC4E0,1500318152486,1500078076630,10,0.0
14442D31F8BC4E0,1500318152486,1500078087779,46,0.0
14442D31F8BC4E0,1500318152534,1500078141302,89,0.0
14442D31F8BC4E0,1500318152534,1500078168509,45,0.0
14442D31F8BC4E0,1500318152619,1500078328190,18,0.0
14442D31F8BC4E0,1500318152989,1500079000531,0,0.0
14442D31F8BC4E0,1500318153204,1500079354531,102,0.0
14442D31F8BC4E0,1500318153257,1500079406395,5,0.0
14442D31F8BC4E0,1500318153257,1500079449151,10,0.0
14442D31F8BC4E0,1500318153315,1500079564807,113,0.0
14442D31F8BC4E0,1500318153462,1500079944721,45,0.0
14442D31F8BC4E0,1500318153704,1500132245381,46,0.0
14442D31F8BC4E0,1500318153704,1500132248567,28,0.0
14442D31F8BC4E0,1500318153704,1500132267552,7,0.0
14442D31F8BC4E0,1500318153735,1500132337126,11,0.0
14442D31F8BC4E0,1500318153866,1500132606758,32,0.0
