14442D27F8D2EF6,1500313502543,1500039371731,117,0.0
14442D27F8D2EF6,1500313506212,1500040495174,18,0.0
14442D27F8D2EF6,1500313506697,1500040579874,0,0.0
14442D27F8D2EF6,1500313506897,1500040687343,125,0.0
14442D27F8D2EF6,1500313508496,1500040941967,0,0.0
14442D27F8D2EF6,1500313508496,1500040976529,2,0.0
14442D27F8D2EF6,1500313508496,1500040978610,21,0.0
14442D27F8D2EF6,1500313509808,1500041019040,2,0.0
14442D27F8D2EF6,1500313509808,1500041033733,4,0.0
14442D27F8D2EF6,1500313509935,1500041086773,2,0.0
14442D27F8D2EF6,1500313509935,1500041105883,2,0.0
14442D27F8D2EF6,1500313510085,1500041133885,0,0.0
14442D27F8D2EF6,1500313510381,1500041407041,0,0.0
14442D27F8D2EF6,1500313510381,1500041417385,0,0.0
14442D27F8D2EF6,1500313510499,1500041454154,2,0.0
14442D27F8D2EF6,1500313510499,1500041471938,91,0.0
14442D27F8D2EF6,1500313510499,1500041477993,93,0.0
14442D27F8D2EF6,1500313510617,1500041500761,2,0.0
14442D27F8D2EF6,1500313510617,1500041506185,93,0.0
14442D27F8D2EF6,1500313510617,1500041509654,93,0.0
14442D27F8D2EF6,1500313510742,1500041563454,2,0.0
14442D27F8D2EF6,1500313511065,1500042068606,57,0.0
14442D27F8D2EF6,1500313514034,1500042851201,1,0.0
14442D27F8D2EF6,1500313514458,1500043925559,71,0.0
14442D27F8D2EF6,1500313514630,1500043997834,71,0.0
14442D27F8D2EF6,1500313518014,1500044656149,12,0.0
14442D27F8D2EF6,1500313518214,1500044721546,42,0.0
14442D27F8D2EF6,1500313521437,1500045990687,104,0.0
14442D27F8D2EF6,1500313521904,1500046754530,18,0.0
14442D27F8D2EF6,1500313522066,1500046960048,91,0.0
14442D27F8D2EF6,1500313522113,1500046982119,110,0.0
14442D27F8D2EF6,1500313522113,1500047012260,110,0.0
14442D27F8D2EF6,1500313938597,1500215899302,56,0.0
14442D27F8D2EF6,1500313938639,1500215945859,0,0.0
14442D27F8D2EF6,1500313938672,1500215968066,2,0.0
14442D27F8D2EF6,1500313938672,1500215977531,21,0.0
14442D27F8D2EF6,1500313938672,1500215985227,0,0.0
14442D27F8D2EF6,1500313938672,1500215991852,4,0.0
14442D27F8D2EF6,1500313938672,1500216000495,55,0.0
14442D27F8D2EF6,1500313938722,1500216032353,87,0.0
14442D27F8D2EF6,1500313938831,1500216425484,15,0.0
14442D27F8D2EF6,1500313938910,1500216718325,145,0.0
14442D27F8D2EF6,1500313938970,1500216900571,2,0.0
14442D27F8D2EF6,1500313938970,1500216906563,4,0.0
14442D27F8D2EF6,1500313939025,1500217005608,2,0.0
14442D27F8D2EF6,1500313939043,1500217481155,18,0.0
14442D27F8D2EF6,1500313939154,1500217953820,104,0.0
14442D27F8D2EF6,1500313939198,1500218451946,12,0.0
14442D27F8D2EF6,1500313939560,1500220791922,69,0.0
14442D27F8D2EF6,1500313939560,1500220839296,8,0.0
14442D27F8D2EF6,1500313939590,1500220852858,0,0.0
14442D27F8D2EF6,1500313939590,1500220901552,74,0.0
14442D27F8D2EF6,1500313939744,1500221669924,15,0.0
14442D27F8D2EF6,1500313939787,1500221745929,15,0.0
14442D27F8D2EF6,1500313939787,1500221781065,37,0.0
14442D27F8D2EF6,1500313939807,1500221809324,15,0.0
14442D27F8D2EF6,1500313940073,1500223977446,14,0.0
14442D27F8D2EF6,1500313940073,1500223993727,2,0.0
14442D27F8D2EF6,1500313940105,1500224064554,14,0.0
14442D27F8D2EF6,1500313940105,1500224071933,14,0.0
14442D27F8D2EF6,1500313940105,1500224087575,14,0.0
14442D27F8D2EF6,1500313940122,1500224146363,2,0.0
14442D27F8D2EF6,1500313940122,1500224149833,21,0.0
14442D27F8D2EF6,1500313940136,1500224164656,30,0.0
14442D27F8D2EF6,1500313940172,1500224326402,67,0.0
14442D27F8D2EF6,1500313940232,1500224529587,96,0.0
14442D27F8D2EF6,1500313940269,1500225417982,24,0.0
14442D27F8D2EF6,1500313940300,1500225975127,24,0.0
14442D27F8D2EF6,1500313940359,1500226310170,67,0.0
14442D27F8D2EF6,1500313940359,1500226314901,8,0.0
14442D27F8D2EF6,1500313940450,1500226692749,78,0.0
14442D27F8D2EF6,1500313940486,1500226803691,56,0.0
14442D27F8D2EF6,1500313940486,1500226824820,18,0.0
14442D27F8D2EF6,1500313940574,1500226973485,73,0.0
14442D27F8D2EF6,1500313940649,1500227303366,2,0.0
14442D27F8D2EF6,1500313940734,1500227601092,15,0.0
14442D27F8D2EF6,1500313940762,1500227698105,15,0.0
14442D27F8D2EF6,1500313940762,1500227716020,37,0.0
14442D27F8D2EF6,1500313940780,1500227799469,15,0.0
14442D27F8D2EF6,1500313940780,1500227826527,77,0.0
14442D27F8D2EF6,1500313940830,1500228104934,77,0.0
14442D27F8D2EF6,1500313940977,1500228946547,4,0.0
14442D27F8D2EF6,1500313941046,1500229203644,8,0.0
14442D27F8D2EF6,1500313941134,1500229793700,71,0.0
14442D27F8D2EF6,1500313941239,1500230371595,2,0.0
14442D27F8D2EF6,1500313941239,1500230378533,14,0.0
14442D27F8D2EF6,1500313941271,1500230472200,11,0.0
14442D27F8D2EF6,1500313941271,1500230476930,28,0.0
14442D27F8D2EF6,1500313941291,1500230547637,56,0.0
14442D27F8D2EF6,1500313941374,1500231105835,131,0.0
14442D27F8D2EF6,1500313941418,1500231471871,113,0.0
14442D27F8D2EF6,1500313941781,1500232884883,7,0.0
14442D27F8D2EF6,1500313941828,1500232963608,15,0.0
14442D27F8D2EF6,1500313941828,1500232977895,10,0.0
14442D27F8D2EF6,1500313941921,1500233299807,8,0.0
14442D27F8D2EF6,1500313942023,1500233715631,2,0.0
14442D27F8D2EF6,1500313942120,1500234049958,15,0.0
14442D27F8D2EF6,1500313942204,1500240839015,1,0.0
14442D27F8D2EF6,1500313942253,1500240979298,2,0.0
14442D27F8D2EF6,1500313942253,1500241023517,53,0.0
14442D27F8D2EF6,1500313942391,1500241815769,21,0.0
14442D27F8D2EF6,1500313942459,1500241922372,44,0.0
14442D27F8D2EF6,1500313942639,1500243025043,18,0.0
14442D27F8D2EF6,1500313942659,1500243065730,77,0.0
14442D27F8D2EF6,1500313942659,1500243076706,18,0.0
14442D27F8D2EF6,1500313942706,1500243145209,75,0.0
14442D27F8D2EF6,1500313942725,1500243198571,2,0.0
14442D27F8D2EF6,1500313943059,1500246803197,15,0.0
14442D27F8D2EF6,1500313943082,1500247039338,2,0.0
14442D27F8D2EF6,1500313943412,1500255456125,71,0.0
14442D27F8D2EF6,1500313943412,1500255465349,71,0.0
14442D27F8D2EF6,1500313943412,1500255492253,60,0.0
